1892,1812,8,11.15
1892,1893,8,11.15
1892,1813,11,12.75
1892,1972,14,6.95
1892,1891,14,6.95
1892,1811,16,8.56
1892,1973,16,8.56
1893,1894,17,11.16
1812,1732,17,11.15
1813,1733,20,11.17
1813,1814,20,11.17
1893,1814,20,12.76
1812,1733,20,12.75
1892,1971,21,6.44
1813,1734,23,12.77
1973,1974,25,11.17
1811,1731,25,11.15
1893,1974,25,8.57
1812,1731,25,8.56
1894,1895,26,11.17
1732,1652,26,11.15
1814,1815,29,11.17
1733,1653,29,11.17
1894,1815,29,12.77
1732,1653,29,12.75
1891,1890,29,6.95
1972,2052,29,6.95
1973,2053,31,6.96
1811,1810,31,6.95
1891,1810,31,8.56
1972,2053,31,8.57
1734,1654,32,11.17
1734,1735,32,11.17
1814,1735,32,12.77
1733,1654,32,12.77
1973,2054,33,8.57
1811,1730,33,8.56
1974,1975,34,11.17
1731,1651,34,11.15
1894,1975,34,8.57
1732,1651,34,8.56
1895,1896,35,11.17
1652,1572,35,11.16
1734,1655,35,12.77
1971,2051,36,6.95
1971,1970,36,6.95
1891,1970,36,6.44
1972,2051,36,6.45
1815,1816,38,11.17
1653,1573,38,11.16
1895,1816,38,12.77
1652,1573,38,12.76
1735,1736,41,11.16
1654,1574,41,11.16
1815,1736,41,12.77
1653,1574,41,12.76
2054,2055,42,11.18
1730,1650,42,11.15
1974,2055,42,8.58
1731,1650,42,8.56
1975,1976,43,11.17
1651,1571,43,11.16
1895,1976,43,8.57
1652,1571,43,8.57
1971,2050,43,6.45
1896,1897,44,11.16
1572,1492,44,11.15
1655,1575,44,11.15
1655,1656,44,11.15
1735,1656,44,12.76
1654,1575,44,12.76
2052,2132,44,6.96
1890,1889,44,6.95
1810,1809,46,6.95
2053,2133,46,6.96
2052,2133,46,8.58
1890,1809,46,8.57
1816,1817,47,11.16
1573,1493,47,11.16
1896,1817,47,12.76
1572,1493,47,12.75
1655,1576,47,12.75
2054,2134,48,6.96
1730,1729,48,6.95
1810,1729,48,8.56
2053,2134,48,8.58
1736,1737,50,11.16
1574,1494,50,11.16
1816,1737,50,12.76
1573,1494,50,12.76
2054,2135,50,8.58
1730,1649,50,8.56
2055,2056,51,11.17
1650,1570,51,11.15
1970,1969,51,6.95
2051,2131,51,6.96
1975,2056,51,8.57
1651,1570,51,8.56
2052,2131,51,6.46
1890,1969,51,6.45
1976,1977,52,11.16
1571,1491,52,11.15
1896,1977,52,8.57
1572,1491,52,8.56
1897,1898,53,11.18
1492,1412,53,11.16
1656,1657,53,11.16
1575,1495,53,11.16
1736,1657,53,12.76
1574,1495,53,12.76
1817,1818,56,11.17
1493,1413,56,11.17
1576,1496,56,11.17
1576,1577,56,11.17
1897,1818,56,12.78
1492,1413,56,12.76
1656,1577,56,12.76
1575,1496,56,12.76
2050,2130,58,6.96
2050,2049,58,6.96
1970,2049,58,6.45
2051,2130,58,6.45
1649,1569,59,11.16
1737,1738,59,11.17
1494,1414,59,11.16
2135,2136,59,11.17
1817,1738,59,12.77
1493,1414,59,12.77
1576,1497,59,12.77
2132,2212,59,6.96
1889,1888,59,6.95
2055,2136,59,8.57
1650,1569,59,8.56
2056,2057,60,11.16
1570,1490,60,11.15
1976,2057,60,8.57
1571,1490,60,8.56
1977,1978,61,11.18
1491,1411,61,11.16
2133,2213,61,6.96
1809,1808,61,6.95
1897,1978,61,8.58
2132,2213,61,8.58
1492,1411,61,8.57
1889,1808,61,8.57
1412,1332,62,11.16
1657,1658,62,11.17
1898,1899,62,11.17
1495,1415,62,11.16
1737,1658,62,12.77
1494,1415,62,12.76
1729,1728,63,6.95
2134,2214,63,6.96
2133,2214,63,8.58
1809,1728,63,8.57
1413,1333,65,11.17
1818,1819,65,11.16
1577,1578,65,11.17
1496,1416,65,11.17
1412,1333,65,12.76
1657,1578,65,12.77
1898,1819,65,12.77
1495,1416,65,12.76
1649,1648,65,6.95
2135,2215,65,6.96
1729,1648,65,8.57
2134,2215,65,8.58
2050,2129,65,6.45
2131,2211,66,6.95
1969,1968,66,6.95
2132,2211,66,6.46
1889,1968,66,6.45
1649,1568,67,8.57
2135,2216,67,8.57
1414,1334,68,11.16
1569,1489,68,11.16
1738,1739,68,11.18
1497,1417,68,11.17
1497,1498,68,11.17
2136,2137,68,11.16
1413,1334,68,12.77
1818,1739,68,12.76
1577,1498,68,12.77
1496,1417,68,12.77
2056,2137,68,8.57
1570,1489,68,8.56
2057,2058,69,11.15
1490,1410,69,11.16
1977,2058,69,8.58
1491,1410,69,8.57
1978,1979,70,11.18
1411,1331,70,11.16
1412,1331,70,8.57
1898,1979,70,8.57
1332,1252,71,11.16
1658,1659,71,11.17
1899,1900,71,11.17
1415,1335,71,11.16
1414,1335,71,12.76
1738,1659,71,12.78
1497,1418,71,12.77
2049,2048,73,6.96
2130,2210,73,6.97
2131,2210,73,6.45
1969,2048,73,6.45
1333,1253,74,11.16
1819,1820,74,11.17
1416,1336,74,11.16
1578,1579,74,11.16
1332,1253,74,12.76
1658,1579,74,12.77
1899,1820,74,12.77
1415,1336,74,12.76
2212,2292,74,6.96
1888,1887,74,6.95
1568,1488,76,11.16
2216,2217,76,11.17
2213,2293,76,6.96
1808,1807,76,6.96
1569,1488,76,8.57
2212,2293,76,8.58
1888,1807,76,8.57
2136,2217,76,8.57
1489,1409,77,11.17
2137,2138,77,11.15
1498,1499,77,11.16
1739,1740,77,11.19
1417,1337,77,11.17
1333,1254,77,12.76
1819,1740,77,12.77
1416,1337,77,12.76
1578,1499,77,12.76
2057,2138,77,8.56
1490,1409,77,8.57
2058,2059,78,11.15
1410,1330,78,11.16
1728,1727,78,6.95
2214,2294,78,6.96
1978,2059,78,8.58
2213,2294,78,8.57
1411,1330,78,8.57
1808,1727,78,8.58
1331,1251,79,11.16
1979,1980,79,11.18
1332,1251,79,8.57
1899,1980,79,8.57
1252,1172,80,11.16
1900,1901,80,11.17
1659,1660,80,11.17
1418,1338,80,11.16
1418,1419,80,11.16
1498,1419,80,12.76
1739,1660,80,12.79
1417,1338,80,12.77
2129,2209,80,6.96
2129,2128,80,6.96
1648,1647,80,6.95
2215,2295,80,6.97
1728,1647,80,8.57
2214,2295,80,8.58
2049,2128,80,6.46
2130,2209,80,6.46
2211,2291,81,6.96
1968,1967,81,6.96
2212,2291,81,6.46
1888,1967,81,6.45
1568,1567,82,6.95
2216,2296,82,6.96
1648,1567,82,8.57
2215,2296,82,8.59
1579,1580,83,11.15
1253,1173,83,11.17
1820,1821,83,11.18
1336,1256,83,11.17
1252,1173,83,12.76
1900,1821,83,12.77
1659,1580,83,12.77
1418,1339,83,12.76
1568,1487,84,8.56
2216,2297,84,8.58
1488,1408,85,11.16
2217,2218,85,11.16
1489,1408,85,8.57
2137,2218,85,8.56
1499,1500,86,11.16
2138,2139,86,11.15
1740,1741,86,11.18
1337,1257,86,11.17
1409,1329,86,11.17
1579,1500,86,12.75
1253,1174,86,12.77
1820,1741,86,12.78
1336,1257,86,12.77
2058,2139,86,8.56
1410,1329,86,8.57
2059,2060,87,11.16
1330,1250,87,11.15
1331,1250,87,8.57
1979,2060,87,8.59
2129,2208,87,6.46
1251,1171,88,11.16
1980,1981,88,11.18
2210,2290,88,6.96
2048,2047,88,6.96
1252,1171,88,8.57
1900,1981,88,8.58
2211,2290,88,6.45
1968,2047,88,6.46
1660,1661,89,11.18
1901,1902,89,11.18
1419,1420,89,11.16
1338,1258,89,11.16
1499,1420,89,12.76
1740,1661,89,12.78
1337,1258,89,12.77
2292,2372,89,6.96
1887,1886,89,6.96
1807,1806,91,6.96
2293,2373,91,6.96
1336,1255,91,8.57
2292,2373,91,8.57
1887,1806,91,8.58
1256,1176,92,11.19
1821,1822,92,11.18
1580,1581,92,11.16
1339,1259,92,11.17
1339,1340,92,11.17
1660,1581,92,12.78
1901,1822,92,12.78
1419,1340,92,12.76
1338,1259,92,12.76
1487,1407,93,11.17
2297,2298,93,11.17
2294,2374,93,6.96
1727,1726,93,6.96
1807,1726,93,8.58
1488,1407,93,8.57
2293,2374,93,8.57
2217,2298,93,8.57
1408,1328,94,11.17
2218,2219,94,11.17
2138,2219,94,8.56
1409,1328,94,8.58
2139,2140,95,11.15
1500,1501,95,11.17
1329,1249,95,11.17
1741,1742,95,11.19
1257,1177,95,11.18
1256,1177,95,12.79
1821,1742,95,12.78
1580,1501,95,12.76
1339,1260,95,12.77
1647,1646,95,6.96
2128,2127,95,6.96
2295,2375,95,6.96
2209,2289,95,6.95
2059,2140,95,8.57
2294,2375,95,8.57
1330,1249,95,8.56
1727,1646,95,8.57
2210,2289,95,6.45
2048,2127,95,6.46
1250,1170,96,11.15
2060,2061,96,11.17
2291,2371,96,6.96
1967,1966,96,6.97
1251,1170,96,8.57
1980,2061,96,8.58
2292,2371,96,6.45
1887,1966,96,6.46
1981,1982,97,11.18
1567,1566,97,6.96
2296,2376,97,6.96
1647,1566,97,8.57
1901,1982,97,8.58
2295,2376,97,8.58
1902,1903,98,11.19
1420,1421,98,11.16
1661,1662,98,11.18
1258,1178,98,11.17
1500,1421,98,12.77
1741,1662,98,12.79
1257,1178,98,12.78
1487,1486,99,6.96
2297,2377,99,6.96
1567,1486,99,8.57
2296,2377,99,8.58
1256,1175,100,8.59
1581,1582,101,11.15
1822,1823,101,11.18
1340,1341,101,11.16
1259,1179,101,11.16
1902,1823,101,12.79
1420,1341,101,12.76
1661,1582,101,12.78
1258,1179,101,12.77
1487,1406,101,8.58
2297,2378,101,8.57
1407,1327,102,11.17
2298,2299,102,11.16
2208,2288,102,6.95
2208,2207,102,6.95
1408,1327,102,8.57
2218,2299,102,8.58
2128,2207,102,6.45
2209,2288,102,6.45
2219,2220,103,11.17
1328,1248,103,11.16
2290,2370,103,6.95
2047,2046,103,6.97
2139,2220,103,8.56
1329,1248,103,8.57
2291,2370,103,6.45
1967,2046,103,6.46
1260,1180,104,11.15
1260,1261,104,11.15
1742,1743,104,11.18
1501,1502,104,11.16
1249,1169,104,11.16
2140,2141,104,11.16
1581,1502,104,12.75
1822,1743,104,12.78
1340,1261,104,12.76
1259,1180,104,12.76
1886,1885,104,6.97
2372,2452,104,6.95
1250,1169,104,8.56
2060,2141,104,8.57
2061,2062,105,11.17
1981,2062,105,8.58
1982,1983,106,11.19
2373,2453,106,6.95
1806,1805,106,6.96
1902,1983,106,8.59
1886,1805,106,8.59
2372,2453,106,8.56
1903,1904,107,11.17
1421,1422,107,11.16
1662,1663,107,11.17
1260,1181,107,12.75
1742,1663,107,12.78
1501,1422,107,12.76
2374,2454,108,6.96
1726,1725,108,6.96
2373,2454,108,8.56
1806,1725,108,8.58
2208,2287,109,6.45
1823,1824,110,11.17
1582,1583,110,11.15
1179,1099,110,11.17
1341,1342,110,11.16
1406,1326,110,11.18
2378,2379,110,11.16
1903,1824,110,12.77
1421,1342,110,12.76
1662,1583,110,12.77
2375,2455,110,6.96
2289,2369,110,6.95
1646,1645,110,6.96
2127,2126,110,6.96
2374,2455,110,8.57
1407,1326,110,8.58
1726,1645,110,8.58
2298,2379,110,8.57
2290,2369,110,6.45
2047,2126,110,6.46
1327,1247,111,11.18
2299,2300,111,11.16
1966,1965,111,6.97
2219,2300,111,8.57
1328,1247,111,8.57
1886,1965,111,6.46
2372,2451,111,6.44
2220,2221,112,11.17
2376,2456,112,6.97
1566,1565,112,6.96
2375,2456,112,8.58
1249,1168,112,8.57
2140,2221,112,8.57
1646,1565,112,8.58
1261,1262,113,11.16
2141,2142,113,11.16
1502,1503,113,11.16
1743,1744,113,11.16
1169,1089,113,11.16
1180,1100,113,11.16
1823,1744,113,12.77
1582,1503,113,12.75
1179,1100,113,12.77
1341,1262,113,12.76
2061,2142,113,8.58
2062,2063,114,11.19
1486,1485,114,6.96
2377,2457,114,6.96
2376,2457,114,8.59
1566,1485,114,8.58
1982,2063,114,8.59
1983,1984,115,11.18
1903,1984,115,8.57
1904,1905,116,11.16
1181,1101,116,11.17
1181,1182,116,11.17
1663,1664,116,11.17
1422,1423,116,11.16
1261,1182,116,12.75
1502,1423,116,12.76
1743,1664,116,12.76
1169,1090,116,12.76
1180,1101,116,12.76
1406,1405,116,6.97
2378,2458,116,6.95
1486,1405,116,8.58
2377,2458,116,8.57
2207,2206,117,6.95
2288,2368,117,6.95
2289,2368,117,6.45
2127,2206,117,6.45
2046,2045,118,6.97
1179,1098,118,8.57
1406,1325,118,8.59
2378,2459,118,8.57
1966,2045,118,6.46
1583,1584,119,11.16
1824,1825,119,11.17
2379,2380,119,11.15
1326,1246,119,11.19
1342,1343,119,11.15
1904,1825,119,12.76
1181,1102,119,12.77
1663,1584,119,12.77
1422,1343,119,12.76
1885,1884,119,6.97
1327,1246,119,8.58
2299,2380,119,8.57
2300,2301,120,11.17
2220,2301,120,8.58
2221,2222,121,11.16
1805,1804,121,6.96
1885,1804,121,8.59
2141,2222,121,8.57
1169,1088,121,8.57
2142,2143,122,11.18
1089,1009,122,11.17
1503,1504,122,11.16
1744,1745,122,11.16
1262,1263,122,11.16
1247,1167,122,9.48
1583,1504,122,12.76
1824,1745,122,12.77
1342,1263,122,12.75
2062,2143,122,8.59
2063,2064,123,11.18
1725,1724,123,6.97
1983,2064,123,8.58
1805,1724,123,8.58
1984,1985,124,11.16
2287,2367,124,6.95
2287,2286,124,6.95
1904,1985,124,8.57
2207,2286,124,6.45
2288,2367,124,6.45
1905,1906,125,11.18
1182,1183,125,11.17
1423,1424,125,11.16
1664,1665,125,11.16
1101,1021,125,11.18
1089,1010,125,12.77
1503,1424,125,12.76
1744,1665,125,12.76
1262,1183,125,12.76
2455,2535,125,6.95
1645,1644,125,6.96
2126,2125,125,6.96
1725,1644,125,8.59
2046,2125,125,6.46
1965,1964,126,6.97
1885,1964,126,6.47
2459,2460,127,11.19
2456,2536,127,6.96
1565,1564,127,6.96
2455,2536,127,8.56
2379,2460,127,8.56
1326,1245,127,8.59
1645,1564,127,8.58
1825,1826,128,11.17
1102,1022,128,11.18
1102,1103,128,11.18
2380,2381,128,11.15
1343,1344,128,11.15
1584,1585,128,11.16
1905,1826,128,12.78
1182,1103,128,12.77
1423,1344,128,12.76
1664,1585,128,12.76
1101,1022,128,12.78
2300,2381,128,8.57
2301,2302,129,11.16
2457,2537,129,6.97
1485,1484,129,6.96
2456,2537,129,8.58
2221,2302,129,8.57
1565,1484,129,8.58
2222,2223,130,11.16
1246,1166,130,9.5
2142,2223,130,8.58
1089,1008,130,8.57
2143,2144,131,11.18
1745,1746,131,11.17
1263,1264,131,11.16
1825,1746,131,12.78
1102,1023,131,12.78
1343,1264,131,12.75
1584,1505,131,12.76
1504,1505,131,11.16
2458,2538,131,6.97
1405,1404,131,6.96
2457,2538,131,8.59
1485,1404,131,8.58
2063,2144,131,8.58
2287,2366,131,6.45
2064,2065,132,11.18
2368,2448,132,6.95
2206,2205,132,6.95
1984,2065,132,8.57
1168,1087,132,7.28
2455,2534,132,6.45
2126,2205,132,6.45
1985,1986,133,11.16
2459,2539,133,6.97
2045,2044,133,6.97
1905,1986,133,8.58
1101,1020,133,8.58
2458,2539,133,8.59
1405,1324,133,8.58
1965,2044,133,6.47
1906,1907,134,11.17
1183,1184,134,11.17
1745,1666,134,12.77
1263,1184,134,12.76
1884,1883,134,6.97
1504,1425,134,12.76
2368,2449,134,8.57
1665,1666,134,11.17
1424,1425,134,11.17
2459,2540,135,8.59
2460,2461,136,11.18
1804,1803,136,6.96
2380,2461,136,8.56
1884,1803,136,8.58
2381,2382,137,11.16
1344,1345,137,11.16
1103,1104,137,11.17
1906,1827,137,12.77
1826,1827,137,11.16
1183,1104,137,12.77
2301,2382,137,8.57
1665,1586,137,12.77
1424,1345,137,12.77
1585,1586,137,11.16
2302,2303,138,11.16
1245,1165,138,9.5
1804,1723,138,8.58
2222,2303,138,8.57
1325,1244,138,7.29
2223,2224,139,11.17
2367,2447,139,6.95
2143,2224,139,8.58
2286,2285,139,6.96
2368,2447,139,6.45
2206,2285,139,6.45
1264,1265,140,11.17
1505,1506,140,11.16
2144,2145,140,11.19
1344,1265,140,12.76
1103,1024,140,12.77
1644,1643,140,6.97
1826,1747,140,12.76
2064,2145,140,8.59
2125,2124,140,6.96
2045,2124,140,6.47
1585,1506,140,12.76
1746,1747,140,11.15
2065,2066,141,11.17
1166,1086,141,9.5
1008,928,141,9.48
1985,2066,141,8.57
1088,1007,141,7.27
1884,1963,141,6.46
1964,1963,141,6.97
1986,1987,142,11.17
2536,2616,142,6.95
1564,1563,142,6.96
1644,1563,142,8.59
1906,1987,142,8.57
1184,1185,143,11.17
1666,1667,143,11.16
1425,1426,143,11.16
1907,1908,143,11.16
1264,1185,143,12.77
1505,1426,143,12.76
1746,1667,143,12.75
2540,2541,144,11.17
1008,929,144,10.84
2537,2617,144,6.95
1484,1483,144,6.96
2536,2617,144,8.56
2460,2541,144,8.59
1564,1483,144,8.58
2461,2462,145,11.18
2381,2462,145,8.57
1104,1105,146,11.17
2382,2383,146,11.16
1345,1346,146,11.15
1586,1587,146,11.15
1184,1105,146,12.77
1666,1587,146,12.76
1425,1346,146,12.76
1907,1828,146,12.76
2538,2618,146,6.95
1404,1403,146,6.97
2302,2383,146,8.57
2537,2618,146,8.56
1484,1403,146,8.58
2367,2446,146,6.44
2286,2365,146,6.45
2366,2446,146,6.96
2366,2365,146,6.96
1827,1828,146,11.16
2303,2304,147,11.16
2205,2204,147,6.96
2223,2304,147,8.57
1245,1164,147,7.29
2125,2204,147,6.46
2224,2225,148,11.17
2044,2043,148,6.96
2539,2619,148,6.95
2538,2619,148,8.57
1404,1323,148,8.58
2144,2225,148,8.59
1964,2043,148,6.46
2145,2146,149,11.19
1506,1507,149,11.16
1265,1266,149,11.16
1747,1748,149,11.17
1165,1085,149,9.49
1104,1025,149,12.77
1345,1266,149,12.75
1586,1507,149,12.75
1883,1882,149,6.98
2065,2146,149,8.57
2536,2615,149,6.44
1827,1748,149,12.76
2066,2067,150,11.17
2540,2620,150,6.96
1986,2067,150,8.57
2539,2620,150,8.57
1008,927,150,7.28
1987,1988,151,11.17
1803,1802,151,6.98
1883,1802,151,8.6
1907,1988,151,8.57
1185,1186,152,11.16
1426,1427,152,11.15
1667,1668,152,11.17
1086,1006,152,9.5
1506,1427,152,12.76
1265,1186,152,12.76
1747,1668,152,12.77
2540,2621,152,8.57
1908,1909,152,11.15
1087,1006,152,7.28
2541,2542,153,11.18
2461,2542,153,8.58
1803,1722,153,8.59
1324,1243,153,7.29
2366,2445,153,6.45
2462,2463,154,11.17
2285,2284,154,6.96
2382,2463,154,8.57
2205,2284,154,6.46
2447,2527,154,6.95
2383,2384,155,11.16
1346,1347,155,11.14
1587,1588,155,11.15
1105,1106,155,11.17
1185,1106,155,12.76
1426,1347,155,12.75
1667,1588,155,12.77
1643,1642,155,6.97
2124,2123,155,6.96
2303,2384,155,8.57
1908,1829,155,12.75
2044,2123,155,6.46
1828,1829,155,11.16
2304,2305,156,11.16
1963,1962,156,6.98
2224,2305,156,8.57
1883,1962,156,6.47
2447,2528,156,8.56
2225,2226,157,11.17
2616,2696,157,6.95
2145,2226,157,8.59
1643,1562,157,8.58
1563,1562,157,6.96
1507,1508,158,11.16
2146,2147,158,11.18
1025,945,158,11.17
1025,1026,158,11.17
1266,1267,158,11.15
1748,1749,158,11.17
1164,1084,158,9.5
1346,1267,158,12.74
1587,1508,158,12.75
1105,1026,158,12.77
2066,2147,158,8.58
1165,1084,158,7.29
1244,1163,158,7.29
1828,1749,158,12.76
2067,2068,159,11.18
2617,2697,159,6.94
1483,1482,159,6.95
2616,2697,159,8.56
1987,2068,159,8.57
1563,1482,159,8.58
1988,1989,160,11.16
1085,1005,160,9.49
1908,1989,160,8.56
1427,1428,161,11.16
1186,1187,161,11.16
1668,1669,161,11.16
2621,2622,161,11.16
1909,1910,161,11.16
927,847,161,9.49
1507,1428,161,12.76
1025,946,161,12.77
1266,1187,161,12.75
1748,1669,161,12.77
2618,2698,161,6.95
2365,2364,161,6.96
2446,2526,161,6.96
2617,2698,161,8.55
2541,2622,161,8.58
1483,1402,161,8.57
1007,926,161,7.28
2285,2364,161,6.46
2447,2526,161,6.44
2542,2543,162,11.18
2204,2203,162,6.96
2462,2543,162,8.57
2124,2203,162,6.46
1022,942,162,2.97
2463,2464,163,11.16
2619,2699,163,6.95
2043,2042,163,6.96
2383,2464,163,8.57
2618,2699,163,8.56
1963,2042,163,6.47
1106,1107,164,11.17
2384,2385,164,11.16
1347,1348,164,11.16
1588,1589,164,11.16
1427,1348,164,12.76
1186,1107,164,12.76
1668,1589,164,12.76
1909,1830,164,12.76
927,848,164,10.84
1882,1881,164,6.96
2304,2385,164,8.57
2616,2695,164,6.44
1829,1830,164,11.17
2305,2306,165,11.16
2620,2700,165,6.95
2619,2700,165,8.56
1323,1322,165,5.92
2225,2306,165,8.57
1023,943,165,2.97
2226,2227,166,11.17
1882,1801,166,8.58
2146,2227,166,8.58
1025,944,166,8.57
2147,2148,167,11.18
1508,1509,167,11.16
945,865,167,11.16
1026,1027,167,11.17
1749,1750,167,11.17
1267,1268,167,11.16
1106,1027,167,12.77
1347,1268,167,12.76
1588,1509,167,12.76
2621,2701,167,6.95
2067,2148,167,8.58
2620,2701,167,8.57
1164,1083,167,7.29
1829,1750,167,12.77
2068,2069,168,11.16
2445,2525,168,6.96
2445,2444,168,6.96
1988,2069,168,8.57
1323,1242,168,7.29
2365,2444,168,6.46
2446,2525,168,6.45
1989,1990,169,11.16
1084,1004,169,9.5
2527,2607,169,6.95
2284,2283,169,6.95
2621,2702,169,8.57
1909,1990,169,8.57
1085,1004,169,7.29
2204,2283,169,6.46
946,866,170,11.17
946,947,170,11.17
1669,1670,170,11.16
1187,1188,170,11.16
2622,2623,170,11.16
1428,1429,170,11.16
1508,1429,170,12.76
945,866,170,12.76
1026,947,170,12.77
1749,1670,170,12.77
1267,1188,170,12.76
2123,2122,170,6.96
2542,2623,170,8.58
1722,1721,170,5.92
927,846,170,7.28
2043,2122,170,6.46
1910,1911,170,11.16
2543,2544,171,11.17
1005,925,171,9.49
1962,1961,171,6.96
2463,2544,171,8.57
2527,2608,171,8.56
1882,1961,171,6.46
1172,1092,171,1.11
2464,2465,172,11.16
2696,2776,172,6.95
2384,2465,172,8.57
1642,1641,172,5.92
1562,1561,172,6.97
1348,1349,173,11.16
1107,1108,173,11.16
2385,2386,173,11.15
1589,1590,173,11.16
946,867,173,12.77
1669,1590,173,12.76
1187,1108,173,12.76
1428,1349,173,12.76
2305,2386,173,8.57
1243,1162,173,7.29
1910,1831,173,12.76
1830,1831,173,11.17
2306,2307,174,11.18
2697,2777,174,6.95
2696,2777,174,8.57
2226,2307,174,8.58
1562,1481,174,8.59
1173,1093,174,1.11
2227,2228,175,11.18
2147,2228,175,8.58
945,864,175,8.57
2445,2524,175,6.45
1027,1028,176,11.16
1268,1269,176,11.16
865,785,176,11.15
1509,1510,176,11.16
2148,2149,176,11.17
1750,1751,176,11.16
1348,1269,176,12.76
1107,1028,176,12.76
1589,1510,176,12.76
2698,2778,176,6.95
2364,2363,176,6.96
2697,2778,176,8.56
2068,2149,176,8.57
2527,2606,176,6.44
2284,2363,176,6.45
1830,1751,176,12.77
2069,2070,177,11.16
2203,2202,177,6.96
1989,2070,177,8.57
2123,2202,177,6.45
1174,1094,177,1.11
2702,2703,178,11.16
1990,1991,178,11.15
1083,1003,178,9.49
2699,2779,178,6.95
2042,2041,178,6.95
2698,2779,178,8.57
2622,2703,178,8.57
1402,1401,178,5.92
1084,1003,178,7.29
1163,1082,178,7.29
1962,2041,178,6.46
1910,1991,178,8.57
1429,1430,179,11.17
2623,2624,179,11.16
1188,1189,179,11.16
1670,1671,179,11.16
947,948,179,11.17
866,786,179,11.17
1027,948,179,12.76
1268,1189,179,12.76
865,786,179,12.75
1509,1430,179,12.76
1750,1671,179,12.76
1881,1880,179,6.96
2695,2775,179,6.96
2695,2694,179,6.96
2543,2624,179,8.58
2696,2775,179,6.45
1911,1912,179,11.17
1171,1091,179,1.11
2544,2545,180,11.17
1004,924,180,9.51
2700,2780,180,6.95
2464,2545,180,8.57
2699,2780,180,8.57
1005,924,180,7.28
2465,2466,181,11.15
1881,1800,181,8.58
2385,2466,181,8.56
2695,2614,181,8.57
926,845,181,7.29
1402,1321,181,7.29
867,787,182,11.17
867,868,182,11.17
1590,1591,182,11.16
1108,1109,182,11.16
2386,2387,182,11.16
1349,1350,182,11.16
1831,1832,182,11.17
1429,1350,182,12.77
1188,1109,182,12.76
1670,1591,182,12.76
947,868,182,12.77
866,787,182,12.77
2701,2781,182,6.95
2700,2781,182,8.57
2306,2387,182,8.58
1911,1832,182,12.77
2307,2308,183,11.17
2227,2308,183,8.58
2364,2443,183,6.45
1176,1096,183,1.11
2228,2229,184,11.19
864,784,184,11.16
2702,2782,184,6.95
2283,2282,184,6.94
2701,2782,184,8.56
865,784,184,8.56
2148,2229,184,8.57
2203,2282,184,6.45
2149,2150,185,11.17
1510,1511,185,11.15
785,705,185,11.17
1269,1270,185,11.15
1028,1029,185,11.16
1751,1752,185,11.16
867,788,185,12.77
1590,1511,185,12.76
1108,1029,185,12.76
1349,1270,185,12.76
1831,1752,185,12.77
2122,2121,185,6.95
2069,2150,185,8.57
1242,1241,185,5.91
1322,1241,185,7.29
2042,2121,185,6.45
2070,2071,186,11.16
1961,1960,186,6.96
2702,2783,186,8.57
1990,2071,186,8.56
1801,1720,186,7.29
1881,1960,186,6.46
2695,2774,186,6.45
1177,1097,186,1.11
2703,2704,187,11.16
1991,1992,187,11.16
2776,2856,187,6.95
2623,2704,187,8.57
1083,1002,187,7.29
1911,1992,187,8.57
1671,1672,188,11.16
786,706,188,11.17
1189,1190,188,11.16
1430,1431,188,11.16
2624,2625,188,11.17
948,949,188,11.17
1510,1431,188,12.75
785,706,188,12.77
1269,1190,188,12.75
1028,949,188,12.76
1751,1672,188,12.76
2544,2625,188,8.57
1242,1161,188,7.29
1912,1913,188,11.17
2545,2546,189,11.16
1003,923,189,9.5
2777,2857,189,6.94
2776,2857,189,8.57
2465,2546,189,8.56
1004,923,189,7.3
1561,1560,189,5.92
1641,1640,189,5.92
2466,2467,190,11.16
864,863,190,6.95
2386,2467,190,8.57
1350,1351,191,11.16
2387,2388,191,11.17
1109,1110,191,11.17
1591,1592,191,11.16
868,869,191,11.17
787,707,191,11.16
1832,1833,191,11.17
1671,1592,191,12.76
786,707,191,12.77
1189,1110,191,12.75
1430,1351,191,12.76
948,869,191,12.77
2363,2362,191,6.95
2778,2858,191,6.95
2777,2858,191,8.56
2307,2388,191,8.57
1481,1480,191,5.91
2283,2362,191,6.44
1022,941,191,2.28
1912,1833,191,12.77
1175,1095,191,1.11
2308,2309,192,11.17
2202,2201,192,6.94
2228,2309,192,8.59
864,783,192,8.57
2122,2201,192,6.45
784,704,193,11.17
2229,2230,193,11.19
2779,2859,193,6.96
2041,2040,193,6.95
2149,2230,193,8.57
785,704,193,8.57
2778,2859,193,8.56
1162,1081,193,7.28
1961,2040,193,6.45
788,708,194,11.17
788,789,194,11.17
1752,1753,194,11.16
1270,1271,194,11.17
705,625,194,11.16
1511,1512,194,11.15
2150,2151,194,11.16
1029,1030,194,11.17
1350,1271,194,12.76
1109,1030,194,12.77
1591,1512,194,12.76
868,789,194,12.77
787,708,194,12.76
1832,1753,194,12.77
1880,1879,194,6.95
2775,2855,194,6.95
2070,2151,194,8.57
1481,1400,194,7.28
2776,2855,194,6.45
2783,2784,195,11.16
2071,2072,195,11.16
2780,2860,195,6.95
2779,2860,195,8.57
2703,2784,195,8.57
1991,2072,195,8.57
2704,2705,196,11.17
1992,1993,196,11.16
1800,1799,196,6.96
1880,1799,196,8.57
2624,2705,196,8.57
942,862,196,2.97
1912,1993,196,8.57
949,950,197,11.17
1431,1432,197,11.17
1190,1191,197,11.18
706,626,197,11.16
1672,1673,197,11.16
2625,2626,197,11.17
788,709,197,12.77
1752,1673,197,12.76
1270,1191,197,12.77
705,626,197,12.76
1511,1432,197,12.75
1029,950,197,12.77
2781,2861,197,6.95
2545,2626,197,8.56
2780,2861,197,8.57
1913,1914,197,11.17
2546,2547,198,11.15
1002,922,198,9.49
2443,2523,198,6.95
2443,2442,198,6.95
1800,1719,198,8.57
2466,2547,198,8.57
1321,1320,198,5.92
1401,1320,198,7.29
1082,1001,198,7.28
1003,922,198,7.29
2363,2442,198,6.45
2467,2468,199,11.16
2282,2281,199,6.94
2782,2862,199,6.95
2387,2468,199,8.57
2781,2862,199,8.56
2202,2281,199,6.44
1833,1834,200,11.17
1592,1593,200,11.16
707,627,200,11.17
1110,1111,200,11.18
1351,1352,200,11.17
869,870,200,11.18
2388,2389,200,11.16
949,870,200,12.78
1431,1352,200,12.77
1190,1111,200,12.78
706,627,200,12.76
1672,1593,200,12.76
2121,2120,200,6.95
2308,2389,200,8.58
2041,2120,200,6.44
1913,1834,200,12.77
2309,2310,201,11.17
2783,2863,201,6.95
1960,1959,201,6.95
2782,2863,201,8.57
784,703,201,8.58
2229,2310,201,8.59
1321,1240,201,7.29
1880,1959,201,6.45
2775,2854,201,6.45
1099,1019,201,1.11
2230,2231,202,11.18
704,624,202,11.17
2856,2936,202,6.95
705,624,202,8.57
2150,2231,202,8.57
1030,1031,203,11.17
1512,1513,203,11.17
625,545,203,11.16
1271,1272,203,11.18
1753,1754,203,11.17
708,628,203,11.18
2151,2152,203,11.16
789,790,203,11.17
1833,1754,203,12.77
1592,1513,203,12.76
707,628,203,12.77
1110,1031,203,12.78
1351,1272,203,12.77
869,790,203,12.78
2783,2864,203,8.57
2071,2152,203,8.57
2072,2073,204,11.16
2857,2937,204,6.94
2784,2785,204,11.18
2856,2937,204,8.56
2704,2785,204,8.57
1992,2073,204,8.57
846,766,204,2.97
1161,1160,205,5.91
2625,2706,205,8.57
1241,1160,205,7.29
2443,2522,205,6.45
2705,2706,205,11.17
1993,1994,205,11.17
1913,1994,205,8.58
1673,1674,206,11.17
626,546,206,11.17
1432,1433,206,11.18
1191,1192,206,11.19
950,951,206,11.18
1914,1915,206,11.18
1030,951,206,12.77
1512,1433,206,12.77
625,546,206,12.75
1271,1192,206,12.78
1753,1674,206,12.77
708,629,206,12.78
789,710,206,12.77
2362,2361,206,6.95
2857,2938,206,8.55
2546,2627,206,8.56
1560,1559,206,5.92
1720,1639,206,7.29
2282,2361,206,6.44
2626,2627,206,11.15
1640,1639,206,5.92
2201,2200,207,6.95
2467,2548,207,8.57
1002,921,207,7.29
2121,2200,207,6.45
2547,2548,207,11.16
2859,2939,208,6.94
2040,2039,208,6.94
1480,1479,208,5.91
2388,2469,208,8.57
1161,1080,208,7.29
1960,2039,208,6.45
2468,2469,208,11.16
1352,1353,209,11.18
2389,2390,209,11.16
1111,1112,209,11.18
627,547,209,11.18
1593,1594,209,11.17
870,871,209,11.17
1834,1835,209,11.18
1673,1594,209,12.77
626,547,209,12.77
1432,1353,209,12.78
1191,1112,209,12.79
950,871,209,12.78
1914,1835,209,12.78
1879,1878,209,6.95
2855,2935,209,6.95
2309,2390,209,8.58
2856,2935,209,6.44
1098,1018,209,1.11
703,623,210,11.17
2310,2311,210,11.17
2860,2940,210,6.95
2230,2311,210,8.58
704,623,210,8.58
2859,2940,210,8.55
624,544,211,11.16
2231,2232,211,11.17
1799,1798,211,6.95
625,544,211,8.56
1879,1798,211,8.57
2151,2232,211,8.57
1400,1399,211,5.92
1480,1399,211,7.28
2152,2153,212,11.16
1272,1273,212,11.18
1754,1755,212,11.18
545,465,212,11.17
1513,1514,212,11.18
790,791,212,11.18
628,548,212,11.19
1031,1032,212,11.18
1352,1273,212,12.78
1111,1032,212,12.78
627,548,212,12.78
1593,1514,212,12.78
870,791,212,12.78
1834,1755,212,12.78
2861,2941,212,6.95
2860,2941,212,8.57
2072,2153,212,8.57
2784,2865,212,8.58
2864,2865,212,11.17
846,767,212,3.39
2785,2786,213,11.17
2523,2603,213,6.95
1719,1718,213,6.96
2442,2441,213,6.96
1799,1718,213,8.57
2362,2441,213,6.45
1081,1000,213,7.29
2073,2074,213,11.16
2705,2786,213,8.57
1993,2074,213,8.57
2706,2707,214,11.16
1994,1995,214,11.17
2862,2942,214,6.95
2281,2280,214,6.96
2861,2942,214,8.57
1914,1995,214,8.58
1400,1319,214,7.29
2201,2280,214,6.44
924,844,214,2.97
2626,2707,214,8.56
1915,1916,215,11.18
951,952,215,11.18
1192,1193,215,11.18
1433,1434,215,11.19
546,466,215,11.19
1674,1675,215,11.18
2627,2628,215,11.16
1272,1193,215,12.78
1754,1675,215,12.78
545,466,215,12.77
1513,1434,215,12.79
790,711,215,12.78
628,549,215,12.79
1031,952,215,12.78
2120,2119,215,6.95
2523,2604,215,8.57
1719,1638,215,8.58
2040,2119,215,6.44
845,765,215,2.97
2547,2628,215,8.57
703,702,216,6.96
1959,1958,216,6.95
2854,2934,216,6.95
2854,2853,216,6.95
2863,2943,216,6.95
2862,2943,216,8.57
709,630,216,7.47
1879,1958,216,6.45
2855,2934,216,6.45
2468,2549,216,8.57
2548,2549,216,11.16
1010,930,216,1.11
1010,1011,216,1.11
2936,3016,217,6.95
2389,2470,217,8.57
2469,2470,217,11.16
871,872,218,11.17
1835,1836,218,11.17
1594,1595,218,11.18
547,467,218,11.18
1353,1354,218,11.18
2390,2391,218,11.16
1112,1113,218,11.18
1915,1836,218,12.78
951,872,218,12.78
1192,1113,218,12.78
1433,1354,218,12.79
546,467,218,12.79
1674,1595,218,12.78
703,622,218,8.58
2310,2391,218,8.58
2854,2773,218,8.57
2863,2944,218,8.56
1240,1239,218,5.92
1320,1239,218,7.29
1001,920,218,7.29
2864,2944,218,6.96
2311,2312,219,11.17
623,543,219,11.17
2936,3017,219,8.56
624,543,219,8.57
2231,2312,219,8.58
544,464,220,11.16
2232,2233,220,11.18
2522,2602,220,6.95
2522,2521,220,6.95
2152,2233,220,8.57
545,464,220,8.58
2523,2602,220,6.45
2442,2521,220,6.46
2864,2945,220,8.57
791,792,221,11.17
465,385,221,11.18
1755,1756,221,11.17
1273,1274,221,11.19
1514,1515,221,11.19
1032,1033,221,11.17
2865,2866,221,11.16
871,792,221,12.77
1835,1756,221,12.77
1594,1515,221,12.78
547,468,221,12.78
1353,1274,221,12.79
1112,1033,221,12.78
2361,2360,221,6.96
2785,2866,221,8.57
1240,1159,221,7.29
2281,2360,221,6.45
2073,2154,221,8.57
2153,2154,221,11.16
2786,2787,222,11.17
2074,2075,222,11.17
2200,2199,222,6.95
2706,2787,222,8.57
1994,2075,222,8.58
2120,2199,222,6.44
1995,1996,223,11.18
2707,2708,223,11.16
2039,2038,223,6.95
1915,1996,223,8.58
1559,1558,223,5.91
2627,2708,223,8.57
703,782,223,6.46
1959,2038,223,6.45
2854,2933,223,6.45
923,843,223,2.97
2628,2629,224,11.16
1193,1194,224,11.19
1916,1917,224,11.18
952,953,224,11.17
1434,1435,224,11.18
1675,1676,224,11.17
466,386,224,11.19
791,712,224,12.78
465,386,224,12.78
1755,1676,224,12.78
1273,1194,224,12.79
1514,1435,224,12.79
1032,953,224,12.77
2935,3015,224,6.95
2936,3015,224,6.44
2548,2629,224,8.57
1020,940,224,1.11
2549,2550,225,11.16
2940,3020,225,6.95
1479,1478,225,5.91
1080,1079,225,5.92
629,550,225,7.47
710,631,225,7.46
1160,1079,225,7.29
2469,2550,225,8.57
942,861,225,2.28
1798,1797,226,6.95
2390,2471,226,8.57
1878,1877,226,5.9
2470,2471,226,11.17
2449,2450,226,1.1
1113,1114,227,11.17
1354,1355,227,11.18
1595,1596,227,11.18
872,873,227,11.17
1836,1837,227,11.18
2391,2392,227,11.16
467,387,227,11.18
1193,1114,227,12.79
1916,1837,227,12.79
952,873,227,12.77
1434,1355,227,12.78
1675,1596,227,12.78
466,387,227,12.79
622,542,227,11.17
2941,3021,227,6.95
2311,2392,227,8.57
623,542,227,8.57
2940,3021,227,8.57
2522,2601,227,6.45
2312,2313,228,11.17
543,463,228,11.16
1718,1717,228,6.96
2441,2440,228,6.96
544,463,228,8.57
1798,1717,228,8.57
2232,2313,228,8.58
1399,1398,228,5.91
1479,1398,228,7.28
1080,999,228,7.29
2361,2440,228,6.45
2945,2946,229,11.16
464,384,229,11.17
2942,3022,229,6.95
2280,2279,229,6.95
2941,3022,229,8.57
465,384,229,8.58
2865,2946,229,8.57
2200,2279,229,6.44
2233,2234,229,11.17
2153,2234,229,8.57
468,388,230,11.19
468,469,230,11.19
1274,1275,230,11.18
792,793,230,11.17
1033,1034,230,11.17
1756,1757,230,11.18
1515,1516,230,11.18
2154,2155,230,11.16
1113,1034,230,12.77
1354,1275,230,12.78
1595,1516,230,12.78
872,793,230,12.77
1836,1757,230,12.78
467,388,230,12.78
2866,2867,230,11.17
385,305,230,11.18
2119,2118,230,6.95
2786,2867,230,8.57
1718,1637,230,8.58
2074,2155,230,8.57
2039,2118,230,6.45
2075,2076,231,11.18
702,701,231,6.96
2934,3014,231,6.95
1995,2076,231,8.58
2942,3023,231,8.57
1319,1318,231,5.91
2707,2788,231,8.57
1399,1318,231,7.29
2787,2788,231,11.16
2935,3014,231,6.45
2943,3023,231,6.95
1996,1997,232,11.18
2628,2709,232,8.56
1916,1997,232,8.59
2708,2709,232,11.17
2940,3019,232,6.45
922,842,232,2.96
712,632,233,11.17
712,713,233,11.17
1917,1918,233,11.18
1435,1436,233,11.18
386,306,233,11.18
1194,1195,233,11.17
1676,1677,233,11.18
953,954,233,11.18
468,389,233,12.79
1274,1195,233,12.78
792,713,233,12.77
1033,954,233,12.77
1756,1677,233,12.78
1515,1436,233,12.78
2944,3024,233,6.95
702,621,233,8.57
1958,1957,233,5.91
385,306,233,12.78
2549,2630,233,8.57
622,621,233,6.96
1000,919,233,7.29
2629,2630,233,11.16
2943,3024,233,8.57
631,551,234,11.17
2550,2551,234,11.17
1319,1238,234,7.28
2470,2551,234,8.57
549,470,234,7.46
2521,2520,235,6.96
2602,2682,235,6.95
2945,3025,235,6.95
2391,2472,235,8.57
2944,3025,235,8.57
622,541,235,8.57
2441,2520,235,6.45
1638,1557,235,7.29
2471,2472,235,11.16
929,849,235,1.11
873,874,236,11.18
1837,1838,236,11.18
1596,1597,236,11.18
1355,1356,236,11.19
1114,1115,236,11.17
542,462,236,11.17
712,633,236,12.77
1917,1838,236,12.78
1435,1356,236,12.78
386,307,236,12.79
1194,1115,236,12.77
1676,1597,236,12.78
953,874,236,12.78
2392,2393,236,11.17
2360,2359,236,6.96
2312,2393,236,8.58
2280,2359,236,6.45
543,462,236,8.57
463,383,237,11.16
2313,2314,237,11.17
631,552,237,12.77
2199,2198,237,6.95
2602,2683,237,8.57
2945,3026,237,8.57
464,383,237,8.58
2119,2198,237,6.45
2233,2314,237,8.57
384,304,238,11.18
2234,2235,238,11.16
2946,2947,238,11.16
2038,2037,238,6.95
1159,1158,238,5.91
2154,2235,238,8.57
1239,1158,238,7.29
2866,2947,238,8.57
702,781,238,6.45
2934,3013,238,6.45
385,304,238,8.58
766,686,238,2.96
1010,931,238,1.26
305,225,239,11.18
1516,1517,239,11.18
793,794,239,11.17
1757,1758,239,11.18
1275,1276,239,11.17
1034,1035,239,11.17
2867,2868,239,11.16
2155,2156,239,11.17
873,794,239,12.78
1837,1758,239,12.78
1596,1517,239,12.78
1355,1276,239,12.79
1114,1035,239,12.77
3015,3095,239,6.95
2075,2156,239,8.58
2787,2868,239,8.57
2076,2077,240,11.19
2788,2789,240,11.18
3020,3100,240,6.95
1996,2077,240,8.59
2708,2789,240,8.57
1997,1998,241,11.18
2709,2710,241,11.16
1797,1796,241,6.95
1917,1998,241,8.58
3015,3096,241,8.57
1159,1078,241,7.29
2629,2710,241,8.57
921,841,241,2.96
1677,1678,242,11.18
1195,1196,242,11.16
1436,1437,242,11.18
2630,2631,242,11.17
954,955,242,11.17
1918,1919,242,11.18
713,714,242,11.18
305,226,242,12.78
1516,1437,242,12.78
793,714,242,12.78
1757,1678,242,12.78
1275,1196,242,12.77
1034,955,242,12.77
3021,3101,242,6.95
2601,2681,242,6.96
2601,2600,242,6.96
1478,1477,242,5.92
3020,3101,242,8.56
2550,2631,242,8.57
2521,2600,242,6.45
2602,2681,242,6.45
1717,1716,243,6.96
2440,2439,243,6.96
1797,1716,243,8.57
1877,1876,243,5.9
2360,2439,243,6.45
2471,2552,243,8.57
2551,2552,243,11.16
2472,2473,244,11.16
2279,2278,244,6.96
3021,3102,244,8.56
542,461,244,8.58
2392,2473,244,8.57
2199,2278,244,6.45
3022,3102,244,6.95
845,764,244,2.28
550,471,244,7.45
1115,1116,245,11.15
1356,1357,245,11.17
633,553,245,11.18
633,634,245,11.18
1597,1598,245,11.18
874,875,245,11.17
1838,1839,245,11.17
1677,1598,245,12.78
1195,1116,245,12.76
1436,1357,245,12.78
954,875,245,12.77
1918,1839,245,12.78
632,553,245,12.78
713,634,245,12.79
2118,2117,245,6.95
463,382,245,8.57
1717,1636,245,8.58
2313,2394,245,8.58
1398,1397,245,5.92
1478,1397,245,7.29
1079,998,245,7.29
2038,2117,245,6.45
2393,2394,245,11.16
383,303,246,11.16
2314,2315,246,11.16
701,700,246,6.95
3023,3103,246,6.95
3014,3094,246,6.95
384,303,246,8.58
2234,2315,246,8.57
3015,3094,246,6.45
2946,3027,246,8.57
3022,3103,246,8.56
767,687,246,2.96
767,768,246,2.96
766,687,246,3.39
3026,3027,246,11.16
388,308,246,6.52
387,308,246,7.45
2235,2236,247,11.17
2947,2948,247,11.16
305,224,247,8.58
2867,2948,247,8.57
2155,2236,247,8.58
3020,3099,247,6.45
1276,1277,248,11.16
794,795,248,11.17
1035,1036,248,11.16
2868,2869,248,11.17
1758,1759,248,11.17
1517,1518,248,11.17
2156,2157,248,11.18
1115,1036,248,12.75
1356,1277,248,12.77
633,554,248,12.79
1597,1518,248,12.78
874,795,248,12.77
1838,1759,248,12.77
621,620,248,6.95
3024,3104,248,6.95
701,620,248,8.57
2076,2157,248,8.59
1318,1317,248,5.91
2788,2869,248,8.58
3023,3104,248,8.57
1398,1317,248,7.29
225,145,248,11.17
2528,2529,248,1.1
2789,2790,249,11.17
2077,2078,249,11.18
1997,2078,249,8.58
2709,2790,249,8.57
2601,2680,249,6.46
389,309,249,6.52
389,390,249,6.52
765,685,249,2.97
307,227,249,8.3
388,309,249,7.46
469,390,249,7.46
2710,2711,250,11.16
1998,1999,250,11.18
2520,2519,250,6.97
621,540,250,8.57
2630,2711,250,8.57
1918,1999,250,8.58
1957,1956,250,5.91
3024,3105,250,8.57
2440,2519,250,6.45
3025,3105,250,6.95
1637,1556,250,7.29
552,472,250,8.31
1919,1920,251,11.17
1678,1679,251,11.17
1437,1438,251,11.17
2631,2632,251,11.17
1196,1197,251,11.16
714,715,251,11.18
1276,1197,251,12.76
794,715,251,12.77
1035,956,251,12.76
1758,1679,251,12.77
1517,1438,251,12.77
955,956,251,11.16
2359,2358,251,6.96
1238,1237,251,5.92
1318,1237,251,7.28
2279,2358,251,6.46
225,146,251,12.78
307,228,251,9.49
2551,2632,251,8.57
2452,2532,251,0.69
2198,2197,252,6.96
2472,2553,252,8.57
2118,2197,252,6.45
3025,3106,252,8.57
920,840,252,2.97
389,310,252,7.46
3026,3106,252,6.96
552,473,252,9.5
2552,2553,252,11.16
701,780,253,6.45
2473,2474,253,11.17
3014,3093,253,6.45
470,391,253,7.46
2393,2474,253,8.57
2453,2533,253,0.69
1598,1599,254,11.17
2394,2395,254,11.16
382,302,254,11.17
1839,1840,254,11.16
1357,1358,254,11.16
1919,1840,254,12.77
1678,1599,254,12.77
1437,1358,254,12.77
1196,1117,254,12.76
714,635,254,12.78
3095,3175,254,6.95
955,876,254,12.76
383,302,254,8.57
1116,1117,254,11.16
2314,2395,254,8.57
1238,1157,254,7.29
875,876,254,11.16
767,688,254,3.39
3026,3107,254,8.57
3027,3028,255,11.16
2315,2316,255,11.16
3100,3180,255,6.95
2235,2316,255,8.58
2037,2036,255,5.91
2947,3028,255,8.57
1557,1476,255,7.28
2948,2949,256,11.16
2236,2237,256,11.18
1796,1795,256,6.96
2868,2949,256,8.57
2156,2237,256,8.58
3095,3176,256,8.57
225,144,256,8.58
2869,2870,257,11.17
2157,2158,257,11.17
1759,1760,257,11.16
1598,1519,257,12.77
1839,1760,257,12.75
1357,1278,257,12.76
1518,1519,257,11.16
2600,2599,257,6.96
2681,2761,257,6.96
3100,3181,257,8.56
2789,2870,257,8.57
2077,2158,257,8.59
1116,1037,257,12.76
1277,1278,257,11.16
2520,2599,257,6.46
875,796,257,12.76
1036,1037,257,11.16
795,796,257,11.17
3101,3181,257,6.95
843,763,257,2.97
226,147,257,9.49
929,850,257,1.26
2078,2079,258,11.18
2790,2791,258,11.17
1716,1715,258,6.96
2439,2438,258,6.97
2710,2791,258,8.57
1796,1715,258,8.57
1078,1077,258,5.92
1998,2079,258,8.58
1158,1077,258,7.29
2359,2438,258,6.46
2451,2531,258,0.69
2711,2712,259,11.16
1999,2000,259,11.17
687,607,259,8.29
471,392,259,9.5
3102,3182,259,6.95
1919,2000,259,8.57
2631,2712,259,8.58
2278,2277,259,6.97
2681,2762,259,8.58
2198,2277,259,6.46
3101,3182,259,8.56
1679,1680,260,11.17
956,957,260,11.16
2632,2633,260,11.17
1759,1680,260,12.76
382,381,260,6.96
461,381,260,6.51
1716,1635,260,8.57
1518,1439,260,12.76
1876,1875,260,5.91
2117,2116,260,6.96
1277,1198,260,12.75
1438,1439,260,11.16
1036,957,260,12.76
1197,1198,260,11.16
795,716,260,12.77
2552,2633,260,8.57
687,608,261,9.48
3103,3183,261,6.95
3102,3183,261,8.57
1078,997,261,7.29
3095,3174,261,6.45
308,229,261,9.49
2473,2554,261,8.57
2553,2554,261,11.17
3094,3174,261,6.95
2474,2475,262,11.17
2394,2475,262,8.57
382,301,262,8.58
1477,1396,262,7.29
3100,3179,262,6.45
1397,1396,262,5.92
303,223,262,6.52
1092,1012,262,1.11
876,877,263,11.17
1358,1359,263,11.16
2395,2396,263,11.17
635,555,263,11.17
635,636,263,11.17
1117,1118,263,11.16
3107,3108,263,11.16
1679,1600,263,12.77
956,877,263,12.77
3027,3108,263,8.57
2315,2396,263,8.57
3103,3184,263,8.56
1599,1600,263,11.16
1438,1359,263,12.76
1197,1118,263,12.76
3104,3184,263,6.96
2608,2609,263,1.1
2316,2317,264,11.17
3028,3029,264,11.17
2948,3029,264,8.57
2236,2317,264,8.58
146,66,264,8.3
227,148,264,9.48
2680,2760,264,6.96
2680,2679,264,6.96
2600,2679,264,6.46
2681,2760,264,6.46
145,65,264,6.52
541,460,264,5
228,148,264,8.3
2949,2950,265,11.16
2237,2238,265,11.19
2869,2950,265,8.57
2157,2238,265,8.58
1317,1316,265,5.91
2439,2518,265,6.46
2519,2518,265,6.98
1397,1316,265,7.29
3104,3185,265,8.57
3105,3185,265,6.95
1636,1555,265,7.29
1093,1013,265,1.11
796,797,266,11.18
1519,1520,266,11.15
2158,2159,266,11.17
1278,1279,266,11.16
2870,2871,266,11.17
1037,1038,266,11.16
876,797,266,12.77
1358,1279,266,12.76
635,556,266,12.77
1117,1038,266,12.75
2078,2159,266,8.58
2790,2871,266,8.57
146,67,266,9.49
2278,2357,266,6.46
1599,1520,266,12.76
2358,2357,266,6.97
842,762,266,2.97
228,149,266,9.49
2079,2080,267,11.18
2791,2792,267,11.17
688,689,267,8.29
3106,3186,267,6.95
2711,2792,267,8.57
1999,2080,267,8.58
1956,1955,267,5.91
2117,2196,267,6.46
919,839,267,2.97
3105,3186,267,8.56
2712,2713,268,11.16
310,230,268,6.52
310,311,268,6.52
473,393,268,6.52
473,474,268,6.52
1237,1236,268,5.91
2632,2713,268,8.57
1317,1236,268,7.28
390,311,268,7.46
309,230,268,7.46
3094,3173,268,6.45
1094,1014,268,1.11
1439,1440,269,11.16
2633,2634,269,11.17
957,958,269,11.17
1198,1199,269,11.16
716,717,269,11.17
796,717,269,12.78
1519,1440,269,12.75
1278,1199,269,12.76
1037,958,269,12.76
688,609,269,9.48
3107,3187,269,6.95
3106,3187,269,8.57
687,606,269,6.37
2553,2634,269,8.57
2474,2555,270,8.57
1556,1475,270,7.28
2554,2555,270,11.17
3180,3260,270,6.95
302,222,270,6.52
1795,1794,271,6.96
2395,2476,271,8.57
1157,1156,271,5.91
3107,3188,271,8.57
310,231,271,7.46
473,394,271,7.46
1237,1156,271,7.28
2680,2759,271,6.46
2475,2476,271,11.17
1359,1360,272,11.16
3108,3109,272,11.17
877,878,272,11.17
1118,1119,272,11.16
636,637,272,11.16
1439,1360,272,12.76
957,878,272,12.77
1198,1119,272,12.76
716,637,272,12.77
607,527,272,8.29
997,917,272,9.5
2599,2598,272,6.96
3181,3261,272,6.96
2316,2397,272,8.57
2036,2035,272,5.91
3028,3109,272,8.57
147,68,272,9.48
2761,2841,272,6.96
144,64,272,6.52
2519,2598,272,6.47
391,312,272,7.46
3180,3261,272,8.56
2396,2397,272,11.16
3029,3030,273,11.16
2317,2318,273,11.18
2438,2437,273,6.97
2949,3030,273,8.57
1795,1714,273,8.57
2237,2318,273,8.59
461,380,273,5
2358,2437,273,6.46
2950,2951,274,11.16
2238,2239,274,11.18
608,528,274,8.29
607,528,274,9.48
2158,2239,274,8.58
2870,2951,274,8.57
3181,3262,274,8.57
1157,1076,274,7.29
2761,2842,274,8.57
3182,3262,274,6.96
1096,1016,274,1.11
1038,1039,275,11.17
2871,2872,275,11.17
1279,1280,275,11.16
797,798,275,11.17
1359,1280,275,12.76
877,798,275,12.78
1118,1039,275,12.76
636,557,275,12.76
997,918,275,10.86
2079,2160,275,8.58
2159,2160,275,11.17
2791,2872,275,8.57
540,539,275,4.06
1476,1395,275,7.29
841,761,275,2.96
2792,2793,276,11.16
608,529,276,9.48
229,150,276,9.49
2712,2793,276,8.57
2277,2276,276,5.92
224,143,276,5.01
3182,3263,276,8.58
3183,3263,276,6.95
2713,2714,277,11.16
1875,1874,277,5.91
2633,2714,277,8.57
688,769,277,6.37
3180,3259,277,6.45
1097,1017,277,1.11
1635,1634,277,5.91
848,769,277,1.26
1199,1200,278,11.16
958,959,278,11.18
1038,959,278,12.77
1279,1200,278,12.76
797,718,278,12.77
392,313,278,7.45
997,996,278,5.92
1077,996,278,7.29
764,684,278,2.96
2554,2635,278,8.57
301,221,278,6.51
2634,2635,278,11.16
765,684,278,2.28
3183,3264,278,8.57
3184,3264,278,6.96
149,69,279,8.29
2679,2678,279,6.96
2599,2678,279,6.46
2761,2840,279,6.45
540,459,279,5.01
2555,2556,279,11.17
2475,2556,279,8.57
148,69,279,9.48
3188,3189,280,11.17
2518,2517,280,6.97
3185,3265,280,6.95
3108,3189,280,8.58
2438,2517,280,6.47
861,860,280,1.85
2476,2477,280,11.17
2396,2477,280,8.57
1635,1554,280,7.29
3184,3265,280,8.57
3109,3110,281,11.17
1119,1120,281,11.16
1199,1120,281,12.76
958,879,281,12.78
149,70,281,9.48
3029,3110,281,8.57
2317,2398,281,8.58
997,916,281,7.29
2036,2115,281,5.48
2397,2398,281,11.17
3030,3031,282,11.16
2318,2319,282,11.18
3186,3266,282,6.96
2950,3031,282,8.57
2238,2319,282,8.58
3185,3266,282,8.57
607,526,282,6.37
1396,1315,282,7.29
609,610,282,8.29
1316,1315,282,5.91
1095,1015,282,1.11
2951,2952,283,11.17
230,151,283,9.48
2871,2952,283,8.58
2357,2356,283,5.92
2159,2240,283,8.58
2239,2240,283,11.18
685,605,283,2.96
2872,2873,284,11.17
1039,1040,284,11.17
1119,1040,284,12.76
3187,3267,284,6.95
717,638,284,9.48
2792,2873,284,8.57
2196,2195,284,5.91
3186,3267,284,8.57
231,232,284,8.29
394,314,284,8.29
394,395,284,8.29
609,530,284,9.48
2793,2794,285,11.16
527,447,285,8.29
1236,1235,285,5.91
2713,2794,285,8.57
1555,1474,285,7.29
144,63,285,5.01
1316,1235,285,7.29
3260,3340,285,6.94
2714,2715,286,11.16
3188,3268,286,6.96
3187,3268,286,8.57
2679,2758,286,6.46
1875,1954,286,5.48
222,142,286,6.52
231,152,286,9.47
840,760,286,2.97
394,315,286,9.47
2634,2715,286,8.57
959,960,287,11.18
1039,960,287,12.77
528,448,287,8.3
637,558,287,9.47
2841,2921,287,6.97
878,799,287,9.49
527,448,287,9.48
2598,2597,287,6.96
2518,2597,287,6.47
2635,2636,287,11.17
2555,2636,287,8.57
301,300,287,4.06
3261,3341,287,6.95
3260,3341,287,8.55
2556,2557,288,11.17
1794,1793,288,5.91
3188,3269,288,8.57
1236,1155,288,7.28
1156,1155,288,5.92
540,619,288,3.77
2476,2557,288,8.57
557,477,288,8.29
3189,3190,289,11.17
529,449,289,8.29
2477,2478,289,11.17
528,449,289,9.48
3109,3190,289,8.57
2841,2922,289,8.58
2397,2478,289,8.57
3261,3342,289,8.56
3262,3342,289,6.95
3110,3111,290,11.16
959,880,290,12.78
798,719,290,9.48
3030,3111,290,8.57
1714,1713,290,5.9
2437,2436,290,5.92
1475,1394,290,7.29
2318,2399,290,8.58
2398,2399,290,11.17
554,475,290,3.39
557,478,290,9.48
2319,2320,291,11.18
3031,3032,291,11.17
529,450,291,9.48
150,71,291,9.48
3263,3343,291,6.95
313,233,291,8.28
2951,3032,291,8.57
1156,1075,291,7.29
1076,1075,291,5.92
763,683,291,2.96
2239,2320,291,8.58
301,220,291,5
3262,3343,291,8.56
2952,2953,292,11.17
916,836,292,9.49
2872,2953,292,8.57
609,690,292,6.37
1019,939,292,1.11
3260,3339,292,6.44
2873,2874,293,11.16
718,639,293,9.48
3264,3344,293,6.95
2793,2874,293,8.57
2276,2275,293,5.91
3263,3344,293,8.56
313,234,293,9.47
1714,1633,293,7.27
2196,2275,293,5.48
460,379,293,5
2794,2795,294,11.16
2678,2677,294,6.96
2840,2920,294,6.97
2840,2839,294,6.97
2714,2795,294,8.57
1874,1873,294,5.91
2841,2920,294,6.46
2598,2677,294,6.46
221,141,294,6.51
1076,995,294,7.29
2715,2716,295,11.17
526,446,295,8.29
916,837,295,10.85
2517,2516,295,6.97
3265,3345,295,6.95
3264,3345,295,8.56
1395,1314,295,7.29
527,446,295,6.37
2635,2716,295,8.57
610,611,295,8.3
447,367,296,9.47
879,800,296,9.48
2556,2637,296,8.57
2636,2637,296,11.16
919,838,296,2.28
3269,3270,297,11.16
395,396,297,8.29
3266,3346,297,6.95
3189,3270,297,8.57
3265,3346,297,8.57
1634,1553,297,7.28
2477,2558,297,8.57
2035,2034,297,4.06
2557,2558,297,11.17
1554,1553,297,5.91
610,531,297,9.49
530,531,297,8.3
3190,3191,298,11.16
448,368,298,9.47
151,72,298,9.48
3110,3191,298,8.57
916,915,298,5.92
996,915,298,7.3
2478,2479,298,11.17
2398,2479,298,8.58
557,476,298,6.37
3111,3112,299,11.16
2399,2400,299,11.17
152,153,299,8.29
315,235,299,8.28
315,316,299,8.28
3267,3347,299,6.96
638,559,299,9.49
395,316,299,9.47
2319,2400,299,8.58
3266,3347,299,8.57
3031,3112,299,8.57
314,235,299,9.46
232,153,299,9.47
530,451,299,9.48
3032,3033,300,11.18
3340,3420,300,6.94
2952,3033,300,8.57
2356,2355,300,5.92
762,682,300,2.97
1554,1473,300,7.28
1018,938,300,1.11
2953,2954,301,11.16
448,369,301,10.83
152,73,301,9.48
3268,3348,301,6.96
2758,2838,301,6.97
2758,2757,301,6.97
315,236,301,9.47
3267,3348,301,8.57
2873,2954,301,8.57
2195,2194,301,5.92
916,835,301,7.29
2678,2757,301,6.46
2840,2919,301,6.47
839,759,301,2.97
477,397,301,8.3
2874,2875,302,11.17
2597,2596,302,6.96
799,720,302,9.48
3341,3421,302,6.95
142,62,302,6.51
1235,1234,302,5.91
2794,2875,302,8.57
3340,3421,302,8.56
526,525,302,5.17
2517,2596,302,6.46
558,479,302,9.49
380,299,302,5.01
1315,1234,302,7.28
2449,2530,302,0.85
2795,2796,303,11.17
3269,3349,303,6.96
3268,3349,303,8.57
2715,2796,303,8.57
1874,1953,303,5.48
477,398,303,9.48
478,398,303,8.29
449,370,304,9.47
3342,3422,304,6.94
3341,3422,304,8.56
2195,2114,304,7.29
459,458,304,4.06
2716,2717,304,11.16
2636,2717,304,8.57
450,370,304,8.29
141,61,305,9.47
719,640,305,9.47
1793,1792,305,5.91
3269,3350,305,8.57
1155,1154,305,5.92
447,366,305,7.27
1235,1154,305,7.28
526,445,305,6.37
1474,1393,305,7.29
2557,2638,305,8.57
2637,2638,305,11.16
478,399,305,9.48
610,691,305,6.37
3270,3271,306,11.16
3190,3271,306,8.57
3342,3423,306,8.55
3343,3423,306,6.94
2558,2559,306,11.17
2478,2559,306,8.57
2604,2605,306,1.1
234,154,306,8.29
233,154,306,9.48
450,371,306,9.48
3191,3192,307,11.16
3111,3192,307,8.57
1713,1712,307,5.91
2436,2435,307,5.91
2399,2480,307,8.58
2479,2480,307,11.17
3340,3419,307,6.44
220,140,307,6.51
221,140,307,5
367,287,307,9.47
3112,3113,308,11.17
611,612,308,8.29
3344,3424,308,6.94
639,560,308,9.48
3032,3113,308,8.58
1075,1074,308,5.92
1155,1074,308,7.29
2758,2837,308,6.47
3343,3424,308,8.55
459,378,308,5
234,155,308,9.47
3033,3034,309,11.17
2920,3000,309,6.97
2677,2676,309,6.96
2953,3034,309,8.57
2597,2676,309,6.45
761,681,309,2.96
368,288,309,9.47
2954,2955,310,11.16
531,532,310,8.29
3345,3425,310,6.95
611,532,310,9.48
2874,2955,310,8.57
2275,2274,310,5.92
3344,3425,310,8.55
1713,1632,310,7.28
1633,1632,310,5.91
2195,2274,310,5.49
1394,1313,310,7.29
3017,3018,310,1.1
2773,2693,310,1.1
479,480,311,11.16
995,994,311,5.92
1873,1872,311,5.91
2920,3001,311,8.59
1075,994,311,7.29
2795,2876,311,8.57
2875,2876,311,11.17
2796,2797,312,11.17
316,317,312,8.28
451,452,312,8.29
3346,3426,312,6.95
396,317,312,9.47
531,452,312,9.48
2516,2515,312,5.91
3345,3426,312,8.56
2716,2797,312,8.57
684,604,312,2.97
368,289,312,10.82
685,604,312,2.28
2717,2718,313,11.16
1633,1552,313,7.28
2637,2718,313,8.57
3350,3351,314,11.17
479,400,314,12.76
3347,3427,314,6.95
316,237,314,9.47
236,156,314,8.29
236,237,314,8.29
451,372,314,9.48
3270,3351,314,8.57
3346,3427,314,8.56
2034,2033,314,5.91
141,60,314,7.27
995,914,314,7.29
235,156,314,9.48
73,74,314,8.3
153,74,314,9.48
2638,2639,314,11.17
2558,2639,314,8.57
399,319,314,11.16
399,400,314,11.16
3271,3272,315,11.16
2559,2560,315,11.17
3191,3272,315,8.57
446,365,315,7.28
2479,2560,315,8.57
1314,1233,315,7.29
3192,3193,316,11.16
366,286,316,9.47
2919,2999,316,6.97
2919,2918,316,6.97
3348,3428,316,6.95
397,318,316,9.48
3347,3428,316,8.57
236,157,316,9.48
3112,3193,316,8.57
2920,2999,316,6.47
2677,2756,316,6.46
398,318,316,8.29
300,219,316,5
220,219,316,4.06
367,286,316,7.27
369,290,316,9.47
2607,2687,316,0.69
3113,3114,317,11.18
3421,3501,317,6.96
3033,3114,317,8.57
2355,2354,317,5.92
459,538,317,3.77
1553,1472,317,7.28
1473,1472,317,5.91
399,320,317,12.76
3034,3035,318,11.17
287,207,318,9.47
3349,3429,318,6.96
2194,2193,318,5.91
3348,3429,318,8.57
2954,3035,318,8.57
915,834,318,7.29
611,692,318,6.37
2608,2688,318,0.69
371,291,319,8.29
3422,3502,319,6.95
3421,3502,319,8.57
2596,2595,319,5.91
2955,2956,319,11.17
2875,2956,319,8.57
370,291,319,9.47
2876,2877,320,11.17
288,208,320,9.47
3350,3430,320,6.96
2796,2877,320,8.57
1953,1952,320,5.91
3349,3430,320,8.57
3001,3002,320,11.19
1873,1952,320,5.48
760,680,320,2.96
220,139,320,5
1473,1392,320,7.28
2797,2798,321,11.17
155,75,321,8.3
3423,3503,321,6.95
371,292,321,9.48
154,75,321,9.48
2114,2113,321,5.91
3422,3503,321,8.57
2717,2798,321,8.57
2194,2113,321,7.29
1154,1153,322,5.91
3350,3431,322,8.57
1234,1153,322,7.28
525,524,322,5.17
1792,1791,322,5.91
379,298,322,5
2638,2719,322,8.57
2718,2719,322,11.16
2606,2686,322,0.69
3351,3352,323,11.17
532,533,323,8.3
288,209,323,10.83
155,76,323,9.49
3424,3504,323,6.95
3271,3352,323,8.57
3423,3504,323,8.57
2559,2640,323,8.57
2919,2998,323,6.46
319,239,323,11.16
2639,2640,323,11.17
3272,3273,324,11.15
2676,2675,324,6.97
3192,3273,324,8.57
1712,1711,324,5.9
2435,2434,324,5.91
458,457,324,5.17
3421,3500,324,6.45
3000,3080,324,6.98
3193,3194,325,11.16
452,453,325,8.3
3425,3505,325,6.95
532,453,325,9.49
3113,3194,325,8.58
3424,3505,325,8.57
1074,1073,325,5.91
1154,1073,325,7.28
525,444,325,6.37
366,285,325,7.27
683,603,325,2.97
445,444,325,5.17
1393,1312,325,7.28
3114,3115,326,11.18
320,240,326,11.17
3034,3115,326,8.57
3001,3081,326,6.97
3000,3081,326,8.6
836,756,326,2.96
319,240,326,12.76
286,206,327,9.47
237,238,327,8.3
372,373,327,8.29
289,210,327,9.48
3426,3506,327,6.96
317,238,327,9.48
452,373,327,9.48
3425,3506,327,8.57
2274,2273,327,5.91
1632,1631,327,5.9
1712,1631,327,7.27
287,206,327,7.27
458,377,327,6.37
3035,3036,327,11.17
2194,2273,327,5.48
2955,3036,327,8.57
2956,2957,328,11.17
994,993,328,5.92
2876,2957,328,8.57
1074,993,328,7.29
3001,3082,328,8.59
445,364,328,6.37
2683,2684,328,1.1
2614,2613,328,0.69
2877,2878,329,11.17
834,754,329,9.5
207,127,329,9.47
157,77,329,8.3
157,158,329,8.3
237,158,329,9.49
3427,3507,329,6.97
372,293,329,9.48
156,77,329,9.49
3426,3507,329,8.57
2797,2878,329,8.57
2515,2514,329,5.91
1953,2032,329,5.48
837,757,329,2.96
931,851,329,1.11
931,932,329,1.11
1011,932,329,1.26
930,851,329,1.26
1313,1232,330,7.28
1632,1551,330,7.27
838,758,330,2.96
2798,2799,330,11.17
839,758,330,2.28
1552,1551,330,5.9
2718,2799,330,8.57
3431,3432,331,11.17
2719,2720,331,11.16
290,211,331,9.48
157,78,331,9.49
3428,3508,331,6.96
914,913,331,5.92
3351,3432,331,8.57
3427,3508,331,8.59
994,913,331,7.29
2676,2755,331,6.47
299,218,331,5
2999,3079,331,6.98
1792,1871,331,5.48
3000,3079,331,6.48
2639,2720,331,8.57
3352,3353,332,11.16
834,755,332,10.86
207,128,332,10.82
3272,3353,332,8.56
239,159,332,11.16
3273,3274,333,11.15
3429,3509,333,6.96
3193,3274,333,8.57
3428,3509,333,8.58
532,613,333,6.37
2837,2917,333,4.07
2837,2836,333,4.07
3096,3097,333,1.1
1552,1471,333,7.27
3194,3195,334,11.17
292,212,334,8.3
3502,3582,334,6.96
291,212,334,9.49
3114,3195,334,8.58
914,833,334,7.29
458,537,334,4.8
682,602,334,2.97
240,160,335,11.17
208,129,335,9.48
3430,3510,335,6.96
3429,3510,335,8.58
1233,1152,335,7.28
3115,3116,335,11.17
3035,3116,335,8.57
759,679,335,2.96
239,160,335,12.76
365,284,335,7.28
3036,3037,336,11.17
285,205,336,9.48
292,213,336,9.48
3503,3583,336,6.96
139,59,336,6.52
2595,2594,336,5.91
3502,3583,336,8.57
2956,3037,336,8.58
286,205,336,7.27
2274,2353,336,5.48
533,534,336,8.29
140,59,336,5
2957,2958,337,11.17
3431,3511,337,6.96
3430,3511,337,8.58
2877,2958,337,8.57
1952,1951,337,5.91
378,297,337,5.01
206,126,338,9.47
3504,3584,338,6.96
209,130,338,9.47
3503,3584,338,8.57
2113,2112,338,5.91
834,753,338,7.29
207,126,338,7.27
453,454,338,8.29
533,454,338,9.48
2878,2879,338,11.17
2999,3078,338,6.47
2798,2879,338,8.57
2799,2800,339,11.16
2675,2674,339,6.96
3080,3160,339,6.97
1791,1790,339,5.9
3431,3512,339,8.58
2719,2800,339,8.57
2608,2689,339,0.85
3432,3433,340,11.17
127,47,340,9.47
3505,3585,340,6.95
3352,3433,340,8.57
3504,3585,340,8.57
754,674,340,9.5
373,374,340,8.28
453,374,340,9.48
3353,3354,341,11.15
3081,3161,341,6.97
1711,1710,341,5.91
3273,3354,341,8.56
2434,2433,341,5.91
3080,3161,341,8.59
3502,3581,341,6.45
159,79,341,11.17
3274,3275,342,11.17
210,131,342,9.49
3194,3275,342,8.57
3505,3586,342,8.57
293,294,342,8.29
524,523,342,5.17
373,294,342,9.47
1073,1072,342,5.91
1153,1072,342,7.28
128,48,343,9.48
127,48,343,10.83
3081,3162,343,8.58
3195,3196,343,11.17
754,675,343,10.86
3115,3196,343,8.58
681,601,343,2.97
3116,3117,344,11.18
160,80,344,11.17
3507,3587,344,6.96
1631,1630,344,5.9
3036,3117,344,8.58
1711,1630,344,7.28
457,456,344,5.17
293,214,344,9.48
159,80,344,12.77
3037,3038,345,11.16
2957,3038,345,8.58
364,363,345,5.9
285,204,345,7.28
139,138,345,4.06
1392,1391,345,4.06
524,443,345,6.37
1073,992,345,7.28
219,138,345,5
444,443,345,5.17
2958,2959,346,11.18
129,49,346,9.47
613,614,346,8.3
128,49,346,10.84
211,132,346,9.48
3508,3588,346,6.96
3507,3588,346,8.57
2514,2513,346,5.91
2675,2754,346,6.45
3080,3159,346,6.47
2032,2031,346,5.91
1952,2031,346,5.48
2837,2916,346,3.77
533,614,346,6.37
2878,2959,346,8.57
205,125,347,9.47
2799,2880,347,8.57
1631,1550,347,7.27
377,376,347,5.18
206,125,347,7.27
457,376,347,6.37
2113,2192,347,5.48
2879,2880,347,11.16
1551,1550,347,5.9
3176,3177,347,1.1
3512,3513,348,11.16
3509,3589,348,6.96
3432,3513,348,8.58
3508,3589,348,8.58
364,283,348,7.28
1791,1870,348,5.48
2998,2997,348,4.08
849,770,348,1.26
850,770,348,1.11
3433,3434,349,11.18
130,50,349,9.48
126,46,349,9.47
534,535,349,8.29
129,50,349,10.83
212,133,349,9.48
3353,3434,349,8.56
127,46,349,7.27
139,58,349,5.01
1392,1311,349,5
213,133,349,8.29
754,673,349,7.29
3354,3355,350,11.16
3510,3590,350,6.96
3274,3355,350,8.57
3509,3590,350,8.57
377,296,350,6.38
297,217,350,8.31
1551,1470,350,7.26
2762,2763,350,1.11
674,594,351,9.49
454,455,351,8.28
534,455,351,9.48
3195,3276,351,8.57
3275,3276,351,11.16
213,134,351,9.48
931,852,351,1.26
3196,3197,352,11.18
130,51,352,10.84
3511,3591,352,6.96
1152,1151,352,5.9
3510,3591,352,8.57
3116,3197,352,8.58
3162,3163,352,11.18
3117,3118,353,11.17
454,375,353,9.47
3037,3118,353,8.57
2594,2593,353,5.9
613,693,353,5.17
374,375,353,8.29
3038,3039,354,11.17
674,595,354,10.85
3512,3592,354,6.95
2958,3039,354,8.58
3511,3592,354,8.57
1951,1950,354,5.91
1312,1231,354,5
457,536,354,4.8
680,600,354,2.96
2756,2835,354,3.77
294,295,355,8.29
1152,1071,355,7.27
284,203,355,7.28
374,295,355,9.48
2112,2111,355,5.91
3162,3083,355,12.78
2959,2960,355,11.17
2032,2111,355,5.48
2879,2960,355,8.57
2609,2610,355,1.1
204,124,356,9.49
3161,3241,356,6.97
2674,2673,356,5.9
1790,1789,356,5.91
3512,3593,356,8.57
205,124,356,7.27
613,694,356,6.37
131,52,356,10.83
1013,933,356,1.11
3513,3514,357,11.17
294,215,357,9.48
3433,3514,357,8.58
214,215,357,8.3
3434,3435,358,11.17
125,45,358,9.47
1710,1709,358,5.91
3354,3435,358,8.57
3161,3242,358,8.58
126,45,358,7.27
3162,3242,358,6.97
3587,3667,359,6.96
534,615,359,6.36
214,135,359,9.49
3355,3356,359,11.16
3275,3356,359,8.57
1014,934,359,1.11
3276,3277,360,11.17
3196,3277,360,8.58
133,53,360,9.49
674,593,360,7.29
756,676,360,2.96
3162,3243,360,8.58
673,593,360,9.49
132,53,360,10.84
218,137,360,5
297,216,360,6.38
3197,3198,361,11.18
3588,3668,361,6.96
2754,2834,361,6.95
2754,2753,361,6.95
3587,3668,361,8.57
3117,3198,361,8.58
1630,1629,361,5.92
1710,1629,361,7.29
2998,3077,361,3.78
1470,1390,361,9.47
3118,3119,362,11.17
594,514,362,9.48
3038,3119,362,8.57
523,522,362,5.17
3039,3040,363,11.17
3589,3669,363,6.96
3588,3669,363,8.58
2031,2030,363,5.91
3161,3240,363,6.46
133,54,363,10.85
1951,2030,363,5.48
757,677,363,2.96
2959,3040,363,8.58
3078,3158,363,4.07
2853,2852,363,0.69
1630,1549,364,7.29
2192,2272,364,5.91
2192,2191,364,5.91
2112,2191,364,5.48
759,678,364,2.28
758,678,364,2.96
1550,1549,364,5.9
3593,3594,365,11.16
594,515,365,10.84
3590,3670,365,6.96
283,282,365,5.9
3589,3670,365,8.57
3513,3594,365,8.57
363,362,365,5.17
204,123,365,7.28
443,442,365,5.17
1790,1869,365,5.48
523,442,365,6.38
2842,2843,365,1.11
1016,936,365,1.11
1391,1310,365,7.27
2773,2772,365,0.69
3514,3515,366,11.17
3434,3515,366,8.57
3587,3666,366,6.45
134,55,366,9.49
673,672,366,5.91
124,44,367,9.48
3591,3671,367,6.96
3590,3671,367,8.58
125,44,367,7.27
3435,3436,367,11.17
3355,3436,367,8.57
1550,1469,367,7.27
1470,1469,367,5.9
3356,3357,368,11.16
3276,3357,368,8.57
283,202,368,7.27
2754,2833,368,6.45
1017,937,368,1.11
3277,3278,369,11.17
3592,3672,369,6.95
2835,2915,369,6.96
3591,3672,369,8.58
3197,3278,369,8.58
58,57,369,5.17
679,599,369,2.97
673,592,369,7.29
3198,3199,370,11.18
3118,3199,370,8.57
2593,2592,370,5.9
850,771,370,1.26
2933,2932,370,0.69
1470,1389,370,7.27
3119,3120,371,11.16
3593,3673,371,6.96
593,513,371,9.48
1071,991,371,6.51
3241,3321,371,6.96
3039,3120,371,8.57
3592,3673,371,8.57
1950,1949,371,5.9
594,513,371,7.28
1072,991,371,5
2917,2996,371,3.77
2916,2996,371,4.07
1231,1230,371,5.9
135,136,372,8.3
535,616,372,6.36
2031,2110,372,5.48
215,136,372,9.5
514,434,373,9.48
2673,2672,373,5.9
1789,1788,373,5.9
3593,3674,373,8.57
3241,3322,373,8.58
2593,2512,373,7.27
3242,3322,373,6.97
2192,2271,373,5.48
1015,935,373,1.11
3594,3595,374,11.16
3667,3747,374,6.96
135,56,374,9.49
3514,3595,374,8.57
1231,1150,374,7.27
1709,1708,375,5.91
203,122,375,7.28
3515,3516,375,11.17
3435,3516,375,8.57
3242,3323,375,8.59
673,752,375,5.49
3436,3437,376,11.16
515,435,376,9.49
515,516,376,9.49
123,43,376,9.48
514,435,376,10.84
3668,3748,376,6.96
2834,2914,376,6.95
3667,3748,376,8.58
3356,3437,376,8.57
124,43,376,7.28
2835,2914,376,6.45
3078,3157,376,3.78
3357,3358,377,11.17
3277,3358,377,8.57
601,521,377,2.97
3278,3279,378,11.17
3669,3749,378,6.96
3668,3749,378,8.58
3198,3279,378,8.58
1629,1628,378,5.92
1709,1628,378,7.28
3241,3320,378,6.46
3199,3200,379,11.17
515,436,379,10.85
3119,3200,379,8.57
992,912,379,2.96
592,512,380,9.49
3670,3750,380,6.96
3669,3750,380,8.57
593,512,380,7.28
1071,1070,380,4.06
1950,2029,380,5.48
2922,2923,380,1.11
1389,1309,381,9.48
1549,1548,381,5.9
1629,1548,381,7.29
3667,3746,381,6.46
513,433,382,9.49
3674,3675,382,11.16
3671,3751,382,6.96
362,361,382,5.91
282,281,382,5.91
3670,3751,382,8.57
3594,3675,382,8.57
514,433,382,7.28
2673,2752,382,5.47
1789,1868,382,5.48
442,441,382,5.91
2833,2913,383,6.95
2833,2832,383,6.95
2834,2913,383,6.45
3595,3596,383,11.17
3515,3596,383,8.57
672,671,383,5.91
939,859,383,1.11
2604,2685,383,0.85
3516,3517,384,11.16
434,354,384,9.49
2915,2995,384,6.97
3672,3752,384,6.96
3671,3752,384,8.58
3436,3517,384,8.57
1469,1468,384,5.9
1549,1468,384,7.27
1071,990,384,5
2916,2995,384,3.78
3437,3438,385,11.16
3357,3438,385,8.57
202,201,385,5.9
282,201,385,7.28
515,596,385,7.29
123,42,385,7.28
675,596,385,3.39
3013,3012,385,0.69
3358,3359,386,11.17
3673,3753,386,6.96
3672,3753,386,8.58
3278,3359,386,8.57
592,591,386,5.91
672,591,386,7.29
3077,3076,386,4.07
2997,3076,386,3.78
2773,2692,386,0.85
3279,3280,387,11.16
434,355,387,10.85
3199,3280,387,8.57
2592,2591,387,5.9
1389,1388,387,5.91
1469,1388,387,7.27
3017,3098,387,0.85
3673,3754,388,8.57
3674,3754,388,6.95
202,121,388,7.28
600,520,388,2.97
3747,3827,389,6.96
592,511,389,7.28
833,832,389,1.85
2271,2351,390,5.9
2271,2270,390,5.9
1788,1787,390,5.9
3674,3755,390,8.57
2592,2511,390,7.27
1389,1308,390,7.28
2833,2912,390,6.45
3675,3676,391,11.16
512,432,391,9.49
3748,3828,391,6.96
2914,2994,391,6.95
3747,3828,391,8.57
513,432,391,7.28
2915,2994,391,6.46
3595,3676,391,8.57
2353,2352,391,1.85
938,858,391,1.11
3596,3597,392,11.17
1708,1707,392,5.91
3516,3597,392,8.57
1309,1229,392,9.49
672,751,392,5.48
752,751,392,5.91
700,699,392,0.69
3517,3518,393,11.16
433,353,393,9.49
3749,3829,393,6.96
3437,3518,393,8.57
3748,3829,393,8.57
434,353,393,7.28
2271,2190,393,7.27
2111,2190,393,3.76
3438,3439,394,11.16
3358,3439,394,8.57
3359,3360,395,11.16
354,274,395,9.49
3750,3830,395,6.96
3749,3830,395,8.58
3279,3360,395,8.57
1628,1627,395,5.92
1708,1627,395,7.28
122,41,395,7.28
3747,3826,396,6.45
1949,1948,396,4.06
2592,2671,396,5.47
2433,2432,396,1.84
3751,3831,397,6.96
3750,3831,397,8.57
2029,2109,397,5.9
2029,2028,397,5.9
521,440,397,7.29
2110,2109,397,4.06
677,597,397,2.96
354,275,398,10.85
2913,2993,398,6.95
1548,1547,398,5.9
1628,1547,398,7.29
2914,2993,398,6.45
679,598,398,2.28
678,598,398,2.97
2532,2612,398,0.69
3755,3756,399,11.17
3752,3832,399,6.96
2995,3075,399,6.97
3675,3756,399,8.57
1868,1867,399,5.9
361,360,399,5.91
281,280,399,5.91
3751,3832,399,8.58
2271,2350,399,5.48
1788,1867,399,5.48
3077,3156,399,3.78
780,779,399,0.69
1150,1149,399,4.06
3676,3677,400,11.16
511,431,400,9.48
3596,3677,400,8.57
512,431,400,7.28
990,910,400,6.51
3175,3255,400,0.69
3093,3092,400,0.69
3597,3598,401,11.16
2511,2431,401,9.48
1308,1228,401,9.48
3753,3833,401,6.96
3752,3833,401,8.58
3517,3598,401,8.57
1468,1467,401,5.9
1548,1467,401,7.27
1309,1228,401,7.29
752,831,401,5.48
3157,3237,401,4.07
3518,3519,402,11.16
432,352,402,9.49
3438,3519,402,8.57
201,200,402,5.91
281,200,402,7.28
433,352,402,7.28
3439,3440,403,11.16
3753,3834,403,8.58
3359,3440,403,8.57
3754,3834,403,6.96
599,519,403,2.97
3176,3256,403,0.69
1150,1069,403,5
353,273,404,9.49
3827,3907,404,6.96
1388,1387,404,5.91
354,273,404,7.29
1468,1387,404,7.27
990,911,404,7.44
3755,3835,405,6.96
2912,2992,405,6.94
2912,2911,405,6.94
121,120,405,5.91
201,120,405,7.28
2913,2992,405,6.45
3754,3835,405,8.57
3157,3238,405,5.02
2531,2611,405,0.69
2683,2764,405,0.85
274,194,406,9.5
3828,3908,406,6.96
2994,3074,406,6.95
3827,3908,406,8.57
511,510,406,5.91
2995,3074,406,6.46
2029,2108,406,5.48
1787,1786,407,5.9
3755,3836,407,8.57
2511,2510,407,5.91
1308,1307,407,5.91
2912,2831,407,8.55
1388,1307,407,7.28
3174,3254,407,0.69
3756,3757,408,11.16
3828,3909,408,8.57
3676,3757,408,8.57
121,40,408,7.28
3829,3909,408,6.96
1868,1947,408,5.48
3677,3678,409,11.16
274,195,409,10.86
1707,1706,409,5.91
3597,3678,409,8.57
511,430,409,7.28
990,989,409,4.06
1070,989,409,5
3179,3178,409,0.69
3598,3599,410,11.16
3830,3910,410,6.96
3518,3599,410,8.56
2511,2430,410,7.28
1308,1227,410,7.28
3829,3910,410,8.58
516,517,410,2.97
2110,2189,410,3.76
3519,3520,411,11.16
431,351,411,9.48
3826,3906,411,6.95
3826,3825,411,6.95
3439,3520,411,8.57
432,351,411,7.28
3827,3906,411,6.45
3002,3003,411,1.11
3831,3911,412,6.96
1627,1626,412,5.91
3830,3911,412,8.58
1707,1626,412,7.28
2912,2991,412,6.44
352,272,413,9.49
2993,3073,413,6.95
3826,3745,413,8.57
353,272,413,7.29
2994,3073,413,6.45
436,356,413,2.97
436,437,413,2.97
990,909,413,5
3075,3155,414,6.96
3832,3912,414,6.96
3831,3912,414,8.58
440,439,414,5.91
3156,3236,414,6.97
3156,3155,414,6.97
3157,3236,414,3.78
3173,3253,414,0.69
3173,3172,414,0.69
273,193,415,9.49
1547,1546,415,5.9
274,193,415,7.29
1627,1546,415,7.29
511,590,415,5.48
3836,3837,416,11.16
2831,2751,416,11.16
3833,3913,416,6.97
280,279,416,5.91
360,359,416,5.91
2350,2349,416,5.9
3832,3913,416,8.58
1867,1866,416,5.9
3756,3837,416,8.57
1787,1866,416,5.47
2511,2590,416,5.48
194,114,417,9.49
1228,1148,417,6.52
3677,3758,417,8.57
3757,3758,417,11.16
3598,3679,418,8.57
3833,3914,418,8.59
1467,1466,418,5.9
1547,1466,418,7.27
3826,3905,418,6.45
3678,3679,418,11.16
3834,3914,418,6.96
3907,3987,419,6.96
3519,3600,419,8.57
200,199,419,5.91
280,199,419,7.28
2350,2269,419,7.27
3599,3600,419,11.17
195,115,420,9.49
195,196,420,9.49
430,350,420,9.48
2911,2910,420,6.95
2992,3072,420,6.95
3835,3915,420,6.96
194,115,420,10.85
431,350,420,7.28
2993,3072,420,6.45
1069,1068,420,5.9
3834,3915,420,8.58
3907,3988,421,8.57
1387,1386,421,5.91
1467,1386,421,7.27
3074,3154,421,6.95
3075,3154,421,6.46
3908,3988,421,6.95
436,357,421,3.39
3156,3235,421,6.47
351,271,422,9.49
3836,3916,422,6.95
2831,2830,422,6.95
2911,2830,422,8.56
3835,3916,422,8.57
120,119,422,5.9
200,119,422,7.28
352,271,422,7.28
1948,2027,422,5.48
195,116,423,10.85
3909,3989,423,6.96
2108,2188,423,5.91
2108,2107,423,5.91
510,509,423,5.9
2109,2188,423,5.48
3908,3989,423,8.57
1069,988,423,7.27
272,192,424,9.49
3836,3917,424,8.57
2831,2750,424,8.56
1307,1306,424,5.91
1387,1306,424,7.28
273,192,424,7.29
3176,3257,424,0.85
3259,3258,424,0.69
3910,3990,425,6.96
3909,3990,425,8.57
1947,1946,425,5.91
120,39,425,7.27
2350,2429,425,5.48
1867,1946,425,5.48
40,39,425,5.91
3757,3838,425,8.57
3837,3838,425,11.17
3758,3759,426,11.15
193,113,426,9.49
3906,3986,426,6.96
1227,1147,426,6.52
1706,1705,426,5.91
430,429,426,5.91
3907,3986,426,6.45
194,113,426,7.29
3237,3317,426,4.07
510,429,426,7.28
3678,3759,426,8.57
3679,3680,427,11.17
3911,3991,427,6.96
2991,3071,427,6.96
2991,2990,427,6.96
3910,3991,427,8.57
1307,1226,427,7.28
2911,2990,427,6.45
2992,3071,427,6.45
3599,3680,427,8.58
114,34,428,9.49
3073,3153,428,6.96
3074,3153,428,6.45
3912,3992,429,6.96
3236,3316,429,6.97
3911,3992,429,8.57
1626,1625,429,5.91
195,276,429,7.29
1706,1625,429,7.28
430,349,429,7.28
355,276,429,3.39
3237,3318,430,5.02
115,35,431,9.49
350,270,431,9.48
114,35,431,10.85
3912,3993,431,8.57
351,270,431,7.28
3913,3993,431,6.96
2689,2690,431,1.1
2609,2690,431,0.85
1626,1545,432,7.29
2108,2187,432,5.48
510,589,432,5.48
598,518,432,2.97
599,518,432,2.28
2750,2670,433,11.17
271,191,433,9.49
3914,3994,433,6.97
1866,1865,433,5.91
272,191,433,7.28
3906,3985,433,6.46
3913,3994,433,8.58
2751,2670,433,8.57
3837,3918,433,8.57
3917,3918,433,11.16
3838,3839,434,11.16
115,36,434,10.85
3758,3839,434,8.56
2991,3070,434,6.46
1947,2026,434,5.48
910,830,434,2.96
619,618,434,0.69
3759,3760,435,11.17
192,112,435,9.49
2910,2909,435,6.96
3072,3152,435,6.95
3915,3995,435,6.97
3679,3760,435,8.58
3914,3995,435,8.59
193,112,435,7.29
3073,3152,435,6.45
1706,1785,435,5.48
3154,3234,436,6.95
3988,4068,436,6.96
3235,3315,436,6.96
3235,3234,436,6.96
199,198,436,5.91
3155,3234,436,6.46
3236,3315,436,6.47
113,33,437,9.49
3916,3996,437,6.96
2910,2829,437,8.57
3915,3996,437,8.58
114,33,437,7.28
2830,2829,437,6.95
3989,4069,438,6.96
1386,1385,438,5.91
3988,4069,438,8.57
989,908,438,5
671,670,438,1.85
2750,2749,439,6.96
3916,3997,439,8.57
199,118,439,7.28
2830,2749,439,8.56
119,118,439,5.91
1227,1146,439,5.01
3917,3997,439,6.96
3339,3338,439,0.69
349,269,440,9.48
3990,4070,440,6.96
509,508,440,5.9
2188,2268,440,5.91
3989,4070,440,8.57
350,269,440,7.28
1306,1305,441,5.91
2750,2669,441,8.58
1386,1305,441,7.28
3917,3998,441,8.57
3918,3919,442,11.16
270,190,442,9.48
3991,4071,442,6.96
2990,2989,442,6.97
3071,3151,442,6.97
1147,1067,442,6.52
3990,4071,442,8.57
39,38,442,5.91
3838,3919,442,8.57
271,190,442,7.29
2910,2989,442,6.45
3072,3151,442,6.45
1866,1945,442,5.48
119,38,442,7.28
852,772,442,1.11
852,853,442,1.11
851,772,442,1.26
932,853,442,1.26
3839,3840,443,11.17
429,428,443,5.9
3759,3840,443,8.58
509,428,443,7.27
3154,3233,443,6.45
3988,4067,443,6.45
3235,3314,443,6.45
3153,3233,443,6.95
3163,3164,443,1.11
191,111,444,9.49
3316,3396,444,6.98
3991,4072,444,8.57
1306,1225,444,7.28
192,111,444,7.28
3992,4072,444,6.95
36,37,445,9.48
199,278,445,5.48
112,32,446,9.48
3993,4073,446,6.96
3316,3397,446,8.6
349,348,446,5.91
429,348,446,7.27
113,32,446,7.28
3992,4073,446,8.57
3083,3084,446,1.11
1386,1465,447,5.48
437,438,447,2.97
909,829,447,2.96
751,750,447,1.85
694,695,447,1.11
3994,4074,448,6.96
3993,4074,448,8.57
2027,2106,448,5.48
988,987,448,4.06
3070,3150,449,6.97
3070,3069,449,6.97
349,268,449,7.28
2990,3069,449,6.46
3071,3150,449,6.46
509,588,449,5.48
2188,2267,449,5.48
3998,3999,450,11.16
3995,4075,450,6.96
1865,1864,450,5.91
3994,4075,450,8.58
2670,2589,450,8.58
3918,3999,450,8.57
2909,2908,450,6.97
3152,3232,450,6.96
3153,3232,450,6.45
934,854,450,1.11
3919,3920,451,11.17
269,189,451,9.48
4068,4148,451,6.96
3315,3395,451,6.96
3839,3920,451,8.58
270,189,451,7.28
3316,3395,451,6.47
3243,3244,451,1.11
2829,2828,452,6.95
3996,4076,452,6.96
3995,4076,452,8.58
2909,2828,452,8.58
988,907,452,5
190,110,453,9.48
4069,4149,453,6.96
4068,4149,453,8.57
1865,1784,453,7.28
191,110,453,7.28
3419,3499,453,0.69
3419,3418,453,0.69
2749,2748,454,6.96
2829,2748,454,8.57
3996,4077,454,8.58
36,117,454,7.28
196,197,454,2.97
3997,4077,454,6.96
1225,1145,455,9.48
111,31,455,9.48
4070,4150,455,6.96
1146,1066,455,6.52
4069,4150,455,8.57
112,31,455,7.28
1147,1066,455,5.01
357,277,455,2.97
357,358,455,2.97
437,358,455,3.39
356,277,455,3.39
3397,3398,455,11.2
3998,4078,456,6.95
2749,2668,456,8.57
3070,3149,456,6.47
3997,4078,456,8.57
936,856,456,1.11
2843,2844,456,1.11
2989,2988,457,6.97
4071,4151,457,6.96
4070,4151,457,8.57
508,507,457,5.9
2909,2988,457,6.46
3152,3231,457,6.45
3151,3231,457,6.97
3314,3394,458,6.95
3314,3313,458,6.95
1305,1304,458,5.91
3998,4079,458,8.57
4068,4147,458,6.45
3234,3313,458,6.44
3315,3394,458,6.45
3233,3313,458,6.95
3999,4000,459,11.17
3396,3476,459,6.97
3919,4000,459,8.58
4071,4152,459,8.57
1945,2025,459,5.91
1945,1944,459,5.91
1865,1944,459,5.48
4072,4152,459,6.95
937,857,459,1.11
268,188,460,9.48
428,427,460,5.9
269,188,460,7.28
508,427,460,7.28
4073,4153,461,6.96
3396,3477,461,8.59
1225,1224,461,5.91
1305,1224,461,7.28
4072,4153,461,8.57
3397,3477,461,6.98
189,109,462,9.48
190,109,462,7.28
2510,2509,462,1.85
4074,4154,463,6.96
4073,4154,463,8.57
348,347,463,5.91
428,347,463,7.27
616,617,463,1.11
2687,2767,463,0.69
3397,3478,463,8.6
1784,1704,464,9.5
110,30,464,9.48
3069,3068,464,6.97
3150,3230,464,6.97
1225,1144,464,7.28
111,30,464,7.28
2989,3068,464,6.46
3151,3230,464,6.47
3398,3399,464,11.21
852,773,464,1.26
935,855,464,1.11
2668,2588,465,11.16
3232,3312,465,6.96
2908,2907,465,6.97
4074,4155,465,8.58
2106,2186,465,5.91
2106,2105,465,5.91
4075,4155,465,6.96
3314,3393,465,6.44
3233,3312,465,6.45
2688,2768,465,0.69
4148,4228,466,6.95
3395,3475,466,6.96
588,668,466,5.9
588,587,466,5.9
268,267,466,5.91
2267,2347,466,5.91
2267,2266,466,5.91
348,267,466,7.28
3396,3475,466,6.46
508,587,466,5.48
3323,3324,466,1.11
4079,4080,467,11.17
2828,2827,467,6.96
1864,1863,467,5.91
3999,4080,467,8.58
2908,2827,467,8.59
4075,4156,467,8.58
1305,1384,467,5.48
4076,4156,467,6.96
3398,3319,467,12.81
4149,4229,468,6.96
4148,4229,468,8.57
1945,2024,468,5.48
1146,1065,468,5.01
3083,3004,468,1.27
2686,2766,468,0.69
2748,2747,469,6.95
4077,4157,469,6.96
2828,2747,469,8.58
588,669,469,7.27
268,187,469,7.28
2267,2348,469,7.28
4076,4157,469,8.58
4150,4230,470,6.95
4149,4230,470,8.57
1784,1783,470,5.92
1864,1783,470,7.28
3500,3580,470,0.69
188,108,471,9.48
4078,4158,471,6.96
2668,2667,471,6.95
3149,3229,471,6.97
3149,3148,471,6.97
2748,2667,471,8.57
4077,4158,471,8.58
189,108,471,7.28
3069,3148,471,6.47
3150,3229,471,6.47
1067,986,471,5
2923,2924,471,1.11
1066,986,471,6.52
3478,3479,472,11.2
4150,4231,472,8.57
3232,3311,472,6.45
2908,2987,472,6.46
4151,4231,472,6.96
2988,2987,472,6.97
3231,3311,472,6.97
908,828,472,2.96
3398,3479,472,8.6
109,29,473,9.48
4079,4159,473,6.96
3394,3474,473,6.95
4078,4159,473,8.57
2668,2587,473,8.57
1784,1703,473,7.29
110,29,473,7.28
4148,4227,473,6.45
3395,3474,473,6.45
2588,2508,474,11.17
3476,3556,474,6.97
4152,4232,474,6.95
507,506,474,5.91
4151,4232,474,8.57
2106,2185,474,5.48
4079,4160,475,8.57
588,667,475,5.48
2267,2346,475,5.48
3476,3557,476,8.59
4152,4233,476,8.57
4153,4233,476,6.96
1864,1943,476,5.48
3477,3557,476,6.97
427,426,477,5.91
507,426,477,7.28
987,906,477,5
3478,3558,478,6.98
3149,3228,478,6.46
4153,4234,478,8.57
3477,3558,478,8.59
4154,4234,478,6.96
3068,3067,479,6.97
2988,3067,479,6.47
3231,3310,479,6.47
3230,3310,479,6.97
187,107,480,9.48
3312,3392,480,6.97
2907,2906,480,6.96
3478,3559,480,8.6
347,346,480,5.91
1144,1064,480,6.51
188,107,480,7.28
427,346,480,7.28
3394,3473,480,6.45
2429,2428,480,1.85
4154,4235,480,8.57
4155,4235,480,6.96
3313,3392,480,6.45
3393,3473,480,6.96
3393,3392,480,6.96
3582,3662,480,0.69
4228,4308,481,6.96
3475,3555,481,6.95
3476,3555,481,6.46
829,749,481,2.96
2587,2507,482,11.16
108,28,482,9.48
2827,2826,482,6.96
4156,4236,482,6.96
2588,2507,482,8.57
2907,2826,482,8.58
2105,2104,482,5.91
109,28,482,7.28
4155,4236,482,8.57
858,778,482,1.11
3583,3663,482,0.69
4229,4309,483,6.95
4228,4309,483,8.57
2266,2265,483,5.91
2347,2427,483,5.91
267,266,483,5.91
347,266,483,7.28
507,586,483,5.48
2747,2746,484,6.96
4157,4237,484,6.96
2827,2746,484,8.58
4156,4237,484,8.57
1625,1624,484,1.85
1066,985,484,5.01
3584,3664,484,0.69
1065,985,484,6.52
4230,4310,485,6.95
4229,4310,485,8.57
2024,2023,485,5.92
4158,4238,486,6.96
3148,3147,486,6.97
187,186,486,5.91
2747,2666,486,8.58
4157,4238,486,8.57
267,186,486,7.28
1224,1223,486,4.06
3068,3147,486,6.47
907,827,486,2.96
3230,3309,486,6.47
2689,2769,486,0.69
3229,3309,486,6.97
2688,2769,486,0.85
2987,2986,487,6.96
3311,3391,487,6.97
4230,4311,487,8.56
1783,1782,487,5.92
3312,3391,487,6.46
2907,2986,487,6.46
4231,4311,487,6.96
1545,1544,487,1.85
3393,3472,487,6.46
3581,3661,487,0.69
3585,3665,487,0.69
4227,4307,488,6.96
4227,4226,488,6.96
4159,4239,488,6.96
2587,2586,488,6.95
3474,3554,488,6.95
4158,4239,488,8.57
4228,4307,488,6.45
3475,3554,488,6.45
3556,3636,489,6.96
187,106,489,7.28
1144,1143,489,4.06
4231,4312,489,8.57
3559,3560,489,11.18
4232,4312,489,6.95
4160,4240,490,6.96
4227,4146,490,8.57
4159,4240,490,8.57
2587,2506,490,8.57
1783,1702,490,7.29
107,27,491,9.48
3557,3637,491,6.97
506,505,491,5.91
2185,2184,491,5.91
3556,3637,491,8.58
108,27,491,7.28
2105,2184,491,5.48
4232,4313,491,8.57
4233,4313,491,6.96
3173,3252,491,0.64
2346,2426,492,5.9
2346,2345,492,5.9
2266,2345,492,5.48
2347,2426,492,5.48
3559,3480,492,12.79
3159,3239,492,0.69
3228,3308,493,6.97
3228,3227,493,6.97
906,826,493,6.51
3557,3638,493,8.59
3148,3227,493,6.47
1144,1063,493,5
3558,3638,493,6.98
4234,4314,493,6.96
4233,4314,493,8.57
3229,3308,493,6.47
3067,3066,494,6.96
3310,3390,494,6.97
426,425,494,5.91
506,425,494,7.28
2987,3066,494,6.46
3311,3390,494,6.47
2024,2103,494,5.49
2906,2905,495,6.97
4227,4306,495,6.45
3474,3553,495,6.45
3559,3639,495,6.97
3558,3639,495,8.6
1545,1464,495,2.27
4234,4315,495,8.57
4235,4315,495,6.96
3473,3553,495,6.96
3555,3635,496,6.95
1064,984,496,6.51
3556,3635,496,6.46
1783,1862,496,5.49
2764,2765,496,1.11
4308,4388,496,6.96
2684,2765,496,0.85
2826,2825,497,6.97
4236,4316,497,6.96
2906,2825,497,8.59
346,345,497,5.91
426,345,497,7.28
3559,3640,497,8.59
4235,4316,497,8.57
4308,4389,498,8.58
4309,4389,498,6.96
2746,2745,499,6.97
4237,4317,499,6.96
2826,2745,499,8.59
4236,4317,499,8.57
1224,1303,499,3.77
106,26,500,9.48
2265,2264,500,5.91
266,265,500,5.91
586,666,500,5.91
586,585,500,5.91
107,26,500,7.28
346,265,500,7.28
4310,4390,500,6.95
3228,3307,500,6.47
506,585,500,5.48
2185,2264,500,5.48
985,905,500,6.52
986,905,500,5.01
4309,4390,500,8.58
4238,4318,501,6.96
2666,2665,501,6.96
3147,3146,501,6.96
2746,2665,501,8.59
4237,4318,501,8.57
3067,3146,501,6.45
3310,3389,501,6.46
2346,2425,501,5.48
3309,3389,501,6.96
3391,3471,502,6.97
2986,2985,502,6.96
3472,3552,502,6.96
3472,3471,502,6.96
2023,2022,502,5.91
2906,2985,502,6.46
3392,3471,502,6.46
4310,4391,502,8.57
3473,3552,502,6.45
694,774,502,0.69
4311,4391,502,6.95
2586,2585,503,6.96
4226,4225,503,6.95
4239,4319,503,6.96
3554,3634,503,6.96
4238,4319,503,8.57
186,185,503,5.91
2666,2585,503,8.58
266,185,503,7.28
3555,3634,503,6.45
4308,4387,503,6.46
4307,4387,503,6.96
3636,3716,504,6.96
1782,1781,504,5.91
4312,4392,504,6.95
4311,4392,504,8.57
2506,2505,505,6.96
2586,2505,505,8.58
4226,4145,505,8.57
4239,4320,505,8.57
2023,1942,505,7.29
4240,4320,505,6.96
3637,3717,506,6.97
106,105,506,5.91
3636,3717,506,8.58
186,105,506,7.28
906,825,506,5
828,748,506,2.96
1143,1142,506,5.91
4313,4393,506,6.96
4312,4393,506,8.57
2345,2344,507,6.96
1782,1701,507,7.28
1703,1623,507,2.97
2689,2770,507,0.85
3638,3718,508,6.97
4314,4394,508,6.95
505,504,508,5.91
2184,2183,508,5.91
3637,3718,508,8.59
3147,3226,508,6.46
3308,3388,508,6.96
3309,3388,508,6.46
4313,4394,508,8.57
3227,3226,508,6.96
3066,3065,509,6.96
3390,3470,509,6.97
106,25,509,7.28
3391,3470,509,6.46
2986,3065,509,6.46
3472,3551,509,6.45
586,665,509,5.48
1064,983,509,5
1143,1062,509,7.28
1063,983,509,6.52
4306,4386,510,6.95
4306,4305,510,6.95
3639,3719,510,6.97
3638,3719,510,8.59
4314,4395,510,8.57
4226,4305,510,6.45
3554,3633,510,6.45
2905,2904,510,6.97
4315,4395,510,6.96
3553,3633,510,6.96
2852,2851,510,0.69
4307,4386,510,6.45
3635,3715,511,6.95
4388,4468,511,6.96
425,424,511,5.91
2103,2102,511,5.91
505,424,511,7.28
3636,3715,511,6.46
1223,1222,511,4.06
2023,2102,511,5.49
619,698,511,0.64
2825,2824,512,6.96
4316,4396,512,6.96
984,904,512,6.51
3639,3720,512,8.59
2905,2824,512,8.58
4315,4396,512,8.57
2772,2771,512,0.69
4388,4469,513,8.58
1782,1861,513,5.48
4389,4469,513,6.96
2745,2744,514,6.97
4317,4397,514,6.96
2825,2744,514,8.58
345,344,514,5.91
4316,4397,514,8.57
425,344,514,7.28
2345,2424,514,6.46
3307,3387,515,6.96
3307,3306,515,6.96
4389,4470,515,8.58
4390,4470,515,6.96
3308,3387,515,6.46
3227,3306,515,6.46
4318,4398,516,6.96
2665,2664,516,6.96
3146,3145,516,6.96
3389,3469,516,6.97
2745,2664,516,8.58
4317,4398,516,8.57
3066,3145,516,6.45
3390,3469,516,6.46
825,745,517,9.47
3552,3632,517,6.96
2264,2263,517,5.91
265,264,517,5.91
585,584,517,5.91
345,264,517,7.28
4306,4385,517,6.45
505,584,517,5.48
2184,2263,517,5.48
4390,4471,517,8.57
4391,4471,517,6.96
2985,2984,517,6.97
2905,2984,517,6.46
3321,3401,517,0.69
2932,2931,517,0.69
3553,3632,517,6.45
4225,4224,518,6.96
2585,2584,518,6.96
4319,4399,518,6.96
3634,3714,518,6.96
4318,4399,518,8.57
2665,2584,518,8.58
3635,3714,518,6.45
4388,4467,518,6.46
4387,4467,518,6.96
616,696,518,0.69
3716,3796,519,6.96
4392,4472,519,6.96
4391,4472,519,8.57
3322,3402,519,0.69
825,746,520,10.83
2505,2504,520,6.96
4320,4400,520,6.96
4225,4144,520,8.57
2585,2504,520,8.57
4319,4400,520,8.58
185,184,520,5.91
265,184,520,7.28
905,824,520,7.28
2103,2182,520,5.48
827,747,520,2.96
3720,3721,521,11.18
3717,3797,521,6.97
4393,4473,521,6.96
3716,3797,521,8.58
4392,4473,521,8.57
1781,1780,521,5.91
3323,3403,521,0.69
2344,2343,522,6.96
3307,3386,522,6.46
1384,1383,522,1.85
2690,2691,522,1.1
1063,982,522,5
3718,3798,523,6.97
4394,4474,523,6.95
3388,3468,523,6.96
3226,3225,523,6.96
3717,3798,523,8.59
4393,4474,523,8.57
105,104,523,5.91
185,104,523,7.28
3146,3225,523,6.45
3389,3468,523,6.46
3720,3641,524,12.79
3470,3550,524,6.96
3551,3631,524,6.97
3551,3550,524,6.97
3471,3550,524,6.46
3552,3631,524,6.46
1702,1622,524,2.97
1223,1302,524,3.77
3065,3064,524,6.96
2985,3064,524,6.46
1781,1700,524,7.29
3320,3400,524,0.69
694,775,524,0.85
3719,3799,525,6.97
4305,4304,525,6.96
4386,4466,525,6.96
983,903,525,6.51
504,503,525,5.91
3718,3799,525,8.58
4394,4475,525,8.57
4225,4304,525,6.45
3634,3713,525,6.45
984,903,525,5
2904,2903,525,6.97
4387,4466,525,6.45
3633,3713,525,6.96
4395,4475,525,6.96
3715,3795,526,6.96
4468,4548,526,6.97
25,24,526,5.91
665,664,526,5.9
825,744,526,7.27
105,24,526,7.28
3716,3795,526,6.46
585,664,526,5.48
2824,2823,527,6.96
3720,3800,527,6.97
4396,4476,527,6.96
3719,3800,527,8.58
2022,2021,527,4.06
2904,2823,527,8.59
4395,4476,527,8.58
424,423,528,5.91
4468,4549,528,8.58
504,423,528,7.28
4469,4549,528,6.96
2744,2743,529,6.97
4397,4477,529,6.96
2424,2423,529,6.97
2824,2743,529,8.58
3720,3801,529,8.59
4396,4477,529,8.57
2344,2423,529,6.46
3721,3722,530,11.18
4470,4550,530,6.96
3388,3467,530,6.46
3226,3305,530,6.46
1942,1941,530,4.07
3306,3305,530,6.96
3387,3467,530,6.96
4469,4550,530,8.58
1781,1860,530,5.49
3419,3498,530,0.64
4398,4478,531,6.96
2664,2663,531,6.97
3145,3144,531,6.96
3469,3549,531,6.97
2744,2663,531,8.59
4397,4478,531,8.57
344,343,531,5.91
424,343,531,7.28
3470,3549,531,6.46
3551,3630,531,6.46
1142,1141,531,4.07
3065,3144,531,6.46
3012,3011,531,0.69
2984,2983,532,6.97
4385,4465,532,6.96
4385,4384,532,6.96
3632,3712,532,6.97
4305,4384,532,6.45
4386,4465,532,6.45
4470,4551,532,8.57
4471,4551,532,6.96
2904,2983,532,6.46
3633,3712,532,6.46
3721,3642,533,12.78
4224,4223,533,6.95
2584,2583,533,6.96
4399,4479,533,6.96
3714,3794,533,6.97
4398,4479,533,8.57
2664,2583,533,8.58
3715,3794,533,6.45
4468,4547,533,6.46
4467,4547,533,6.96
4472,4552,534,6.96
584,583,534,5.91
264,263,534,5.91
344,263,534,7.28
504,583,534,5.48
1062,1061,534,4.07
4471,4552,534,8.57
3164,3165,534,1.1
3796,3876,534,6.96
2504,2503,535,6.97
4400,4480,535,6.96
4224,4143,535,8.57
2584,2503,535,8.58
4399,4480,535,8.58
1700,1620,535,9.49
4473,4553,536,6.95
4472,4553,536,8.57
2102,2101,536,4.06
1222,1221,536,4.06
3797,3877,536,6.96
3796,3877,536,8.57
2343,2342,537,6.97
184,183,537,5.91
264,183,537,7.28
3386,3466,537,6.96
3386,3385,537,6.96
3306,3385,537,6.46
3387,3466,537,6.46
3084,3085,537,1.11
3801,3802,538,11.19
3225,3224,538,6.97
3468,3548,538,6.96
3721,3802,538,8.58
4473,4554,538,8.57
3145,3224,538,6.46
3469,3548,538,6.46
1780,1779,538,5.91
4474,4554,538,6.95
983,902,538,5
1062,981,538,5.01
982,902,538,6.52
3798,3878,538,6.96
3797,3878,538,8.58
1700,1621,538,10.86
3722,3723,539,11.17
3631,3711,539,6.97
2343,2262,539,8.59
2984,3063,539,6.46
4385,4464,539,6.46
3632,3711,539,6.46
3064,3063,539,6.96
4466,4546,540,6.96
4304,4303,540,6.95
4475,4555,540,6.96
104,103,540,5.91
184,103,540,7.28
4224,4303,540,6.45
3714,3793,540,6.46
4474,4555,540,8.57
4467,4546,540,6.45
2903,2902,540,6.97
3799,3879,540,6.97
3798,3879,540,8.58
3713,3793,540,6.97
616,697,540,0.85
903,823,541,6.52
4548,4628,541,6.96
904,823,541,5
1780,1699,541,7.29
1623,1543,541,2.97
3795,3875,541,6.96
3796,3875,541,6.45
1700,1699,541,5.92
3722,3643,542,12.77
3800,3880,542,6.97
4476,4556,542,6.96
503,502,542,5.91
4475,4556,542,8.57
3244,3245,542,1.11
2903,2822,542,8.58
3799,3880,542,8.58
2823,2822,542,6.96
744,743,543,5.9
24,23,543,5.91
664,663,543,5.9
4548,4629,543,8.58
104,23,543,7.28
584,663,543,5.48
4549,4629,543,6.97
3323,3404,543,0.85
3801,3881,544,6.97
4477,4557,544,6.96
2423,2422,544,6.97
3800,3881,544,8.59
4476,4557,544,8.57
2343,2422,544,6.46
3386,3465,544,6.46
2823,2742,544,8.58
2743,2742,544,6.97
1700,1619,544,7.29
423,422,545,5.9
503,422,545,7.28
3225,3304,545,6.47
4550,4630,545,6.96
3468,3547,545,6.46
2182,2181,545,4.06
3467,3547,545,6.96
4549,4630,545,8.58
3305,3304,545,6.97
3549,3629,546,6.97
4478,4558,546,6.96
3630,3710,546,6.97
3630,3629,546,6.97
3144,3143,546,6.98
3801,3882,546,8.59
4477,4558,546,8.57
3550,3629,546,6.47
3631,3710,546,6.47
3064,3143,546,6.46
2663,2662,546,6.97
2743,2662,546,8.59
3255,3335,546,0.69
3092,3091,546,0.69
3802,3803,547,11.18
4465,4545,547,6.96
2983,2982,547,6.96
4384,4383,547,6.96
3712,3792,547,6.97
3722,3803,547,8.58
4466,4545,547,6.46
4304,4383,547,6.45
4550,4631,547,8.58
4551,4631,547,6.96
1780,1859,547,5.49
856,776,547,1.11
2844,2845,547,1.11
2903,2982,547,6.46
3713,3792,547,6.47
3500,3579,547,0.64
3723,3724,548,11.17
4479,4559,548,6.96
4478,4559,548,8.57
343,342,548,5.9
423,342,548,7.27
4548,4627,548,6.46
2583,2582,548,6.96
4547,4627,548,6.96
3794,3874,548,6.96
2663,2582,548,8.58
3795,3874,548,6.46
3876,3956,549,6.96
4552,4632,549,6.96
1302,1382,549,4.07
1302,1301,549,4.07
4551,4632,549,8.57
1222,1301,549,3.77
3256,3336,549,0.69
2503,2502,550,6.96
4480,4560,550,6.96
4479,4560,550,8.57
1464,1463,550,1.85
2583,2502,550,8.57
1544,1463,550,2.28
1384,1463,550,1.71
857,777,550,1.11
3643,3563,551,11.18
3643,3644,551,11.18
3723,3644,551,12.78
4553,4633,551,6.95
3877,3957,551,6.96
3876,3957,551,8.58
4552,4633,551,8.57
263,262,551,5.91
583,582,551,5.91
343,262,551,7.27
503,582,551,5.48
1061,1060,551,5.91
1861,1940,551,3.77
982,901,551,5.01
2342,2341,552,6.97
2021,2020,552,4.06
3466,3546,552,6.97
3467,3546,552,6.46
3385,3384,552,6.97
3305,3384,552,6.46
3224,3223,553,6.98
3878,3958,553,6.96
4553,4634,553,8.57
3877,3958,553,8.57
3549,3628,553,6.47
3630,3709,553,6.47
3144,3223,553,6.47
4554,4634,553,6.95
3548,3628,553,6.96
3254,3334,553,0.69
3643,3564,554,12.78
4464,4544,554,6.96
4464,4463,554,6.96
3711,3791,554,6.97
902,822,554,6.52
2342,2261,554,8.59
183,182,554,5.91
263,182,554,7.28
4465,4544,554,6.46
2983,3062,554,6.46
4384,4463,554,6.46
3712,3791,554,6.47
903,822,554,5.01
1061,980,554,7.28
3063,3062,554,6.96
3882,3883,555,11.17
1619,1539,555,9.5
2902,2901,555,6.97
4546,4626,555,6.96
4555,4635,555,6.96
3802,3883,555,8.58
3878,3959,555,8.58
1779,1778,555,5.91
4554,4635,555,8.57
3793,3873,555,6.96
4547,4626,555,6.45
3879,3959,555,6.96
3794,3873,555,6.46
3803,3804,556,11.18
4628,4708,556,6.96
3875,3955,556,6.96
3723,3804,556,8.58
3876,3955,556,6.46
1141,1140,556,4.06
4556,4636,557,6.96
3880,3960,557,6.96
2822,2821,557,6.97
2902,2821,557,8.59
103,102,557,5.91
4555,4636,557,8.57
183,102,557,7.28
3724,3725,557,11.18
3879,3960,557,8.58
3825,3824,557,0.69
3324,3325,557,1.11
1619,1540,558,10.86
4628,4709,558,8.58
1699,1698,558,5.92
1622,1542,558,2.97
4629,4709,558,6.96
1779,1698,558,7.29
2422,2421,559,6.97
2742,2741,559,6.97
3881,3961,559,6.96
4557,4637,559,6.96
3643,3562,559,8.58
4556,4637,559,8.57
3880,3961,559,8.58
502,501,559,5.91
2822,2741,559,8.58
2342,2421,559,6.47
3466,3545,559,6.46
3465,3545,559,6.97
3465,3464,559,6.97
3004,3005,559,1.1
3385,3464,559,6.46
3084,3005,559,1.26
3745,3744,559,0.69
3304,3303,560,6.97
743,742,560,5.9
23,22,560,5.91
663,662,560,5.9
103,22,560,7.28
3224,3303,560,6.47
3724,3645,560,12.78
583,662,560,5.48
3644,3645,560,11.18
3547,3627,560,6.96
4629,4710,560,8.58
4630,4710,560,6.96
3548,3627,560,6.46
3172,3171,560,0.69
3253,3333,560,0.69
3882,3962,561,6.96
4558,4638,561,6.96
3710,3790,561,6.97
2662,2661,561,6.97
3143,3142,561,6.97
2742,2661,561,8.58
3881,3962,561,8.58
4557,4638,561,8.57
1619,1618,561,5.92
1699,1618,561,7.29
4464,4543,561,6.45
3711,3790,561,6.47
2101,2100,561,4.06
3063,3142,561,6.46
1221,1220,561,4.06
4383,4382,562,6.96
4545,4625,562,6.96
2982,2981,562,6.97
3792,3872,562,6.96
422,421,562,5.9
502,421,562,7.28
2902,2981,562,6.46
4546,4625,562,6.46
4631,4711,562,6.96
1302,1381,562,3.77
3793,3872,562,6.46
2924,2925,562,1.11
4630,4711,562,8.58
4559,4639,563,6.96
3874,3954,563,6.96
3882,3963,563,8.58
4558,4639,563,8.57
2662,2581,563,8.58
4628,4707,563,6.46
3875,3954,563,6.46
3644,3565,563,12.78
2582,2581,563,6.96
4627,4707,563,6.96
3883,3884,564,11.17
3956,4036,564,6.96
4632,4712,564,6.96
4383,4302,564,8.57
3803,3884,564,8.58
1619,1538,564,7.29
4631,4712,564,8.58
1779,1858,564,5.49
3905,3904,564,0.69
3581,3660,564,0.64
2502,2501,565,6.96
4560,4640,565,6.96
342,341,565,5.9
4559,4640,565,8.58
422,341,565,7.28
3804,3805,565,11.18
3724,3805,565,8.58
2582,2501,565,8.58
3725,3726,566,11.17
3957,4037,566,6.96
4633,4713,566,6.95
3956,4037,566,8.58
4632,4713,566,8.57
3465,3544,566,6.46
2341,2340,567,6.97
3384,3383,567,6.97
3304,3383,567,6.46
3546,3626,567,6.96
902,821,567,5.01
3547,3626,567,6.46
981,900,567,5.01
901,821,567,6.52
3958,4038,568,6.96
3709,3789,568,6.96
3709,3708,568,6.96
3223,3222,568,6.97
3628,3708,568,6.96
262,261,568,5.9
3957,4038,568,8.58
4633,4714,568,8.57
1940,1939,568,5.91
582,581,568,5.91
342,261,568,7.27
3629,3708,568,6.46
3710,3789,568,6.46
3143,3222,568,6.46
502,581,568,5.48
4634,4714,568,6.95
1860,1939,568,3.77
3645,3646,569,11.17
3725,3646,569,12.78
2261,2260,569,6.96
3791,3871,569,6.96
4463,4462,569,6.95
4544,4624,569,6.96
2341,2260,569,8.59
4383,4462,569,6.45
4545,4624,569,6.46
2982,3061,569,6.46
3792,3871,569,6.46
3062,3061,569,6.97
2901,2900,570,6.97
4635,4715,570,6.95
3873,3953,570,6.96
4626,4706,570,6.96
3958,4039,570,8.58
3874,3953,570,6.46
2181,2180,570,4.06
4634,4715,570,8.56
4627,4706,570,6.45
3959,4039,570,6.96
3955,4035,571,6.96
1539,1459,571,6.53
182,181,571,5.91
262,181,571,7.28
3956,4035,571,6.46
4708,4788,571,6.96
3257,3337,571,0.69
3256,3337,571,0.85
3963,3964,572,11.17
3645,3566,572,12.77
2821,2820,572,6.96
4636,4716,572,6.96
3960,4040,572,6.96
2901,2820,572,8.58
3883,3964,572,8.58
4635,4716,572,8.57
1778,1777,572,5.91
3959,4040,572,8.58
1621,1541,572,2.96
3986,4066,572,0.69
3884,3885,573,11.18
4709,4789,573,6.96
3804,3885,573,8.58
4708,4789,573,8.57
3805,3806,574,11.18
2421,2420,574,6.96
4637,4717,574,6.96
3961,4041,574,6.96
2741,2740,574,6.96
3725,3806,574,8.58
2821,2740,574,8.58
102,101,574,5.91
4636,4717,574,8.57
3960,4041,574,8.58
1539,1460,574,7.47
182,101,574,7.28
2341,2420,574,6.46
3384,3463,574,6.47
3546,3625,574,6.46
1382,1462,574,4.07
3464,3463,574,6.97
1301,1300,574,4.07
3545,3625,574,6.97
1221,1300,574,3.77
3726,3727,575,11.17
3303,3302,575,6.97
1698,1697,575,5.91
3709,3788,575,6.46
3223,3302,575,6.46
4710,4790,575,6.97
3628,3707,575,6.46
3627,3707,575,6.96
4709,4790,575,8.58
1778,1697,575,7.28
4543,4623,576,6.95
4543,4542,576,6.95
3790,3870,576,6.96
4638,4718,576,6.96
3962,4042,576,6.96
2661,2660,576,6.97
3142,3141,576,6.96
501,500,576,5.91
4637,4718,576,8.57
3961,4042,576,8.58
2741,2660,576,8.58
3791,3870,576,6.46
4463,4542,576,6.45
4544,4623,576,6.45
1060,1059,576,4.07
3062,3141,576,6.46
4302,4222,577,8.3
4625,4705,577,6.96
2981,2980,577,6.96
3872,3952,577,6.96
22,21,577,5.91
662,661,577,5.91
102,21,577,7.28
2901,2980,577,6.46
3873,3952,577,6.46
4626,4705,577,6.46
4710,4791,577,8.58
1940,2019,577,5.48
582,661,577,5.48
4711,4791,577,6.96
2020,2019,577,4.06
3646,3647,578,11.17
3726,3647,578,12.77
3963,4043,578,6.96
4639,4719,578,6.96
3954,4034,578,6.96
4707,4787,578,6.96
1618,1617,578,5.91
4638,4719,578,8.58
3962,4043,578,8.58
2661,2580,578,8.58
1698,1617,578,7.29
3955,4034,578,6.46
4708,4787,578,6.45
2581,2580,578,6.96
4712,4792,579,6.96
421,420,579,5.91
501,420,579,7.28
980,979,579,4.07
4711,4792,579,8.58
3985,4065,579,0.69
3985,3984,579,0.69
4640,4720,580,6.96
2501,2500,580,6.96
1538,1458,580,6.52
3963,4044,580,8.57
4639,4720,580,8.58
2581,2500,580,8.58
3560,3561,580,1.11
901,820,580,5.01
3646,3567,581,12.77
4037,4117,581,6.96
4713,4793,581,6.96
4712,4793,581,8.57
1618,1537,581,7.28
3544,3624,581,6.97
3544,3543,581,6.97
3884,3965,581,8.58
3964,3965,581,11.17
1140,1139,581,4.06
3464,3543,581,6.46
1778,1857,581,5.48
3545,3624,581,6.46
3885,3886,582,11.18
3383,3382,582,6.97
341,340,582,5.91
3805,3886,582,8.58
2340,2339,582,6.96
4382,4381,582,5.17
421,340,582,7.28
3303,3382,582,6.46
3627,3706,582,6.46
3626,3706,582,6.97
3806,3807,583,11.17
3789,3869,583,6.96
3222,3221,583,6.96
4038,4118,583,6.96
3726,3807,583,8.58
4037,4118,583,8.57
4713,4794,583,8.57
4543,4622,583,6.45
3790,3869,583,6.45
3142,3221,583,6.46
980,899,583,5.01
822,741,583,5.01
4714,4794,583,6.95
3480,3481,583,1.11
821,741,583,6.52
3727,3728,584,11.17
4624,4704,584,6.96
4462,4461,584,6.96
3871,3951,584,6.95
4302,4301,584,5.17
2340,2259,584,8.58
4625,4704,584,6.45
2981,3060,584,6.46
3872,3951,584,6.45
2260,2259,584,6.97
3061,3060,584,6.96
4706,4786,585,6.96
3953,4033,585,6.96
4715,4795,585,6.95
261,260,585,5.91
4038,4119,585,8.58
581,580,585,5.91
341,260,585,7.28
3954,4033,585,6.45
4707,4786,585,6.45
501,580,585,5.48
1859,1938,585,3.77
4714,4795,585,8.57
4039,4119,585,6.96
2100,2099,586,4.06
2260,2179,586,8.59
1220,1219,586,4.06
4788,4868,586,6.96
3647,3648,587,11.17
3727,3648,587,12.77
4716,4796,587,6.96
1459,1379,587,6.53
2900,2899,587,5.92
4715,4796,587,8.57
4302,4221,587,6.37
1382,1461,587,3.77
4039,4120,587,8.58
1301,1380,587,3.77
1381,1461,587,4.07
1381,1380,587,4.07
4040,4120,587,6.96
181,180,588,5.91
261,180,588,7.28
4037,4116,588,6.45
3544,3623,588,6.46
4789,4869,588,6.96
4788,4869,588,8.57
2420,2419,589,6.95
3463,3462,589,6.97
4041,4121,589,6.96
4717,4797,589,6.96
2820,2819,589,5.92
4716,4797,589,8.57
3383,3462,589,6.47
2340,2419,589,6.46
3625,3705,589,6.97
4044,4045,589,11.17
3964,4045,589,8.57
3626,3705,589,6.46
4040,4121,589,8.58
1777,1776,589,5.91
3965,3966,590,11.17
3647,3568,590,12.77
3788,3868,590,6.96
3788,3787,590,6.96
3302,3301,590,6.97
3885,3966,590,8.58
3789,3868,590,6.45
3222,3301,590,6.46
4790,4870,590,6.97
3708,3787,590,6.46
3707,3787,590,6.96
4789,4870,590,8.57
3886,3887,591,11.18
4042,4122,591,6.96
4718,4798,591,6.96
3870,3950,591,6.95
4542,4541,591,6.96
2660,2659,591,6.97
4623,4703,591,6.95
101,100,591,5.91
2740,2739,591,5.91
3806,3887,591,8.58
4041,4122,591,8.57
4717,4798,591,8.57
181,100,591,7.28
4624,4703,591,6.45
4462,4541,591,6.45
3871,3950,591,6.45
3061,3140,591,6.45
3141,3140,591,6.96
3807,3808,592,11.18
3952,4032,592,6.96
4791,4871,592,6.96
3727,3808,592,8.58
1697,1696,592,5.92
4705,4785,592,6.96
4706,4785,592,6.45
3953,4032,592,6.45
4790,4871,592,8.58
1777,1696,592,7.28
3728,3729,593,11.18
4719,4799,593,6.96
4042,4123,593,8.57
4718,4799,593,8.58
2660,2579,593,8.58
500,499,593,5.91
4043,4123,593,6.96
4787,4867,593,6.96
1538,1457,593,5.01
4788,4867,593,6.45
2580,2579,593,6.96
4792,4872,594,6.96
21,20,594,5.91
2980,2979,594,5.91
661,660,594,5.91
4791,4872,594,8.58
101,20,594,7.28
581,660,594,5.48
899,819,594,9.49
4720,4800,595,6.96
2500,2499,595,6.96
4719,4800,595,8.58
1697,1616,595,7.29
4043,4124,595,8.57
4044,4124,595,6.96
2580,2499,595,8.58
3648,3649,596,11.18
3728,3649,596,12.78
4117,4197,596,6.96
4793,4873,596,6.96
1458,1378,596,6.52
820,740,596,6.52
4792,4873,596,8.58
979,978,596,5.91
420,419,596,5.91
500,419,596,7.28
3463,3542,596,6.46
3624,3704,596,6.97
3625,3704,596,6.46
3543,3542,596,6.97
821,740,596,5
3382,3381,597,6.96
3788,3867,597,6.46
3302,3381,597,6.46
4044,4125,597,8.57
3707,3786,597,6.45
3706,3786,597,6.96
4045,4046,598,11.16
4622,4702,598,6.96
4622,4621,598,6.96
3869,3949,598,6.95
4118,4198,598,6.96
3221,3220,598,6.97
4117,4198,598,8.57
4793,4874,598,8.58
3965,4046,598,8.57
3870,3949,598,6.45
4542,4621,598,6.45
4623,4702,598,6.45
1139,1138,598,5.91
4794,4874,598,6.96
3141,3220,598,6.45
1777,1856,598,5.48
3966,3967,599,11.17
3648,3569,599,12.78
4461,4460,599,6.96
3951,4031,599,6.95
3060,3059,599,6.96
3886,3967,599,8.58
2339,2338,599,5.9
340,339,599,5.91
4704,4784,599,6.95
979,898,599,7.28
420,339,599,7.28
3952,4031,599,6.45
4705,4784,599,6.45
4035,4115,599,3.69
1220,1299,599,3.77
1300,1299,599,4.07
3418,3417,599,0.69
