1912,1832,8,11.17
1912,1913,8,11.17
1912,1833,11,12.77
1912,1992,14,6.96
1912,1911,14,6.96
1912,1831,16,8.57
1912,1993,16,8.57
1913,1914,17,11.17
1832,1752,17,11.17
1833,1753,20,11.17
1833,1834,20,11.17
1913,1834,20,12.77
1832,1753,20,12.77
1912,1991,21,6.45
1833,1754,23,12.77
1993,1994,25,11.17
1831,1751,25,11.17
1913,1994,25,8.58
1832,1751,25,8.57
1914,1915,26,11.18
1752,1672,26,11.16
1834,1835,29,11.18
1753,1673,29,11.17
1914,1835,29,12.78
1752,1673,29,12.76
1911,1910,29,6.96
1992,2072,29,6.95
1993,2073,31,6.96
1831,1830,31,6.96
1911,1830,31,8.57
1992,2073,31,8.57
1754,1674,32,11.18
1754,1755,32,11.18
1834,1755,32,12.78
1753,1674,32,12.77
1993,2074,33,8.57
1831,1750,33,8.58
1994,1995,34,11.17
1751,1671,34,11.16
1914,1995,34,8.58
1752,1671,34,8.57
1915,1916,35,11.18
1672,1592,35,11.16
1754,1675,35,12.78
1991,2071,36,6.95
1991,1990,36,6.95
1911,1990,36,6.45
1992,2071,36,6.45
1835,1836,38,11.17
1673,1593,38,11.17
1915,1836,38,12.78
1672,1593,38,12.76
1755,1756,41,11.17
1674,1594,41,11.18
1835,1756,41,12.77
1673,1594,41,12.77
2074,2075,42,11.17
1750,1670,42,11.16
1994,2075,42,8.58
1751,1670,42,8.57
1995,1996,43,11.18
1671,1591,43,11.16
1915,1996,43,8.58
1672,1591,43,8.57
1991,2070,43,6.45
1916,1917,44,11.18
1592,1512,44,11.16
1675,1595,44,11.17
1675,1676,44,11.17
1755,1676,44,12.78
1674,1595,44,12.78
2072,2152,44,6.95
1910,1909,44,6.95
1830,1829,46,6.96
2073,2153,46,6.95
2072,2153,46,8.57
1910,1829,46,8.57
1836,1837,47,11.18
1593,1513,47,11.17
1916,1837,47,12.79
1592,1513,47,12.76
1675,1596,47,12.78
2074,2154,48,6.96
1750,1749,48,6.96
1830,1749,48,8.58
2073,2154,48,8.57
1756,1757,50,11.18
1594,1514,50,11.18
1836,1757,50,12.78
1593,1514,50,12.78
2074,2155,50,8.57
1750,1669,50,8.57
2075,2076,51,11.18
1670,1590,51,11.16
1990,1989,51,6.95
2071,2151,51,6.95
1995,2076,51,8.58
1671,1590,51,8.57
2072,2151,51,6.45
1910,1989,51,6.45
1996,1997,52,11.18
1591,1511,52,11.16
1916,1997,52,8.59
1592,1511,52,8.57
1917,1918,53,11.18
1512,1432,53,11.17
1676,1677,53,11.18
1595,1515,53,11.18
1756,1677,53,12.78
1594,1515,53,12.78
1837,1838,56,11.18
1513,1433,56,11.18
1596,1516,56,11.18
1596,1597,56,11.18
1917,1838,56,12.78
1512,1433,56,12.77
1676,1597,56,12.78
1595,1516,56,12.78
2070,2150,58,6.95
2070,2069,58,6.95
1990,2069,58,6.45
2071,2150,58,6.45
1669,1589,59,11.16
1757,1758,59,11.18
1514,1434,59,11.19
2155,2156,59,11.17
1837,1758,59,12.78
1513,1434,59,12.79
1596,1517,59,12.78
2152,2232,59,6.95
1909,1908,59,6.95
2075,2156,59,8.58
1670,1589,59,8.57
2076,2077,60,11.19
1590,1510,60,11.16
1996,2077,60,8.59
1591,1510,60,8.57
1997,1998,61,11.18
1511,1431,61,11.15
2153,2233,61,6.95
1829,1828,61,6.96
1917,1998,61,8.58
2152,2233,61,8.57
1512,1431,61,8.57
1909,1828,61,8.57
1432,1352,62,11.18
1677,1678,62,11.18
1918,1919,62,11.18
1515,1435,62,11.18
1757,1678,62,12.78
1514,1435,62,12.79
1749,1748,63,6.96
2154,2234,63,6.95
2153,2234,63,8.57
1829,1748,63,8.58
1433,1353,65,11.19
1838,1839,65,11.17
1597,1598,65,11.18
1516,1436,65,11.18
1432,1353,65,12.78
1677,1598,65,12.78
1918,1839,65,12.78
1515,1436,65,12.78
1669,1668,65,6.96
2155,2235,65,6.96
1749,1668,65,8.58
2154,2235,65,8.57
2070,2149,65,6.45
2151,2231,66,6.95
1989,1988,66,6.95
2152,2231,66,6.45
1909,1988,66,6.45
1669,1588,67,8.57
2155,2236,67,8.58
1434,1354,68,11.18
1589,1509,68,11.16
1758,1759,68,11.17
1517,1437,68,11.17
1517,1518,68,11.17
2156,2157,68,11.18
1433,1354,68,12.79
1838,1759,68,12.77
1597,1518,68,12.78
1516,1437,68,12.78
2076,2157,68,8.59
1590,1509,68,8.57
2077,2078,69,11.18
1510,1430,69,11.15
1997,2078,69,8.58
1511,1430,69,8.56
1998,1999,70,11.18
1431,1351,70,11.17
1432,1351,70,8.58
1918,1999,70,8.58
1352,1272,71,11.18
1678,1679,71,11.17
1919,1920,71,11.17
1435,1355,71,11.18
1434,1355,71,12.78
1758,1679,71,12.77
1517,1438,71,12.77
2069,2068,73,6.96
2150,2230,73,6.95
2151,2230,73,6.45
1989,2068,73,6.45
1353,1273,74,11.18
1839,1840,74,11.16
1436,1356,74,11.18
1598,1599,74,11.17
1352,1273,74,12.78
1678,1599,74,12.77
1919,1840,74,12.77
1435,1356,74,12.78
2232,2312,74,6.96
1908,1907,74,6.95
1588,1508,76,11.16
2236,2237,76,11.18
2233,2313,76,6.96
1828,1827,76,6.95
1589,1508,76,8.57
2232,2313,76,8.58
1908,1827,76,8.56
2156,2237,76,8.58
1509,1429,77,11.16
1354,1274,77,11.18
2157,2158,77,11.17
1518,1519,77,11.16
1759,1760,77,11.16
1437,1357,77,11.17
1353,1274,77,12.79
1839,1760,77,12.75
1436,1357,77,12.78
1598,1519,77,12.77
2077,2158,77,8.59
1510,1429,77,8.56
2078,2079,78,11.18
1430,1350,78,11.16
1748,1747,78,6.96
2234,2314,78,6.95
1998,2079,78,8.58
2233,2314,78,8.57
1431,1350,78,8.57
1828,1747,78,8.57
1351,1271,79,11.17
1999,2000,79,11.17
1352,1271,79,8.58
1919,2000,79,8.57
1272,1192,80,11.18
1355,1275,80,11.19
1679,1680,80,11.17
1438,1358,80,11.16
1438,1439,80,11.16
1354,1275,80,12.78
1518,1439,80,12.76
1759,1680,80,12.76
1437,1358,80,12.77
2149,2229,80,6.96
2149,2148,80,6.96
1668,1667,80,6.95
2235,2315,80,6.96
1748,1667,80,8.57
2234,2315,80,8.57
2069,2148,80,6.45
2150,2229,80,6.45
2231,2311,81,6.96
1988,1987,81,6.95
2232,2311,81,6.46
1908,1987,81,6.45
1588,1587,82,6.95
2236,2316,82,6.97
1668,1587,82,8.57
2235,2316,82,8.58
1599,1600,83,11.16
1273,1193,83,11.19
1356,1276,83,11.17
1272,1193,83,12.78
1355,1276,83,12.79
1679,1600,83,12.77
1438,1359,83,12.76
1588,1507,84,8.57
2236,2317,84,8.58
1508,1428,85,11.16
2237,2238,85,11.19
1509,1428,85,8.57
2157,2238,85,8.58
1429,1349,86,11.17
1519,1520,86,11.15
1274,1194,86,11.18
2158,2159,86,11.17
1357,1277,86,11.16
1599,1520,86,12.76
1273,1194,86,12.79
1356,1277,86,12.77
2078,2159,86,8.58
1430,1349,86,8.57
2079,2080,87,11.18
1350,1270,87,11.16
1351,1270,87,8.58
1999,2080,87,8.58
2149,2228,87,6.45
1271,1191,88,11.18
2230,2310,88,6.96
2068,2067,88,6.96
1272,1191,88,8.58
2231,2310,88,6.46
1988,2067,88,6.45
1275,1195,89,11.17
1439,1440,89,11.16
1192,1112,89,11.18
1358,1278,89,11.16
1519,1440,89,12.75
1274,1195,89,12.78
1357,1278,89,12.76
2312,2392,89,6.96
1907,1906,89,6.95
1827,1826,91,6.95
2313,2393,91,6.96
2312,2393,91,8.58
1907,1826,91,8.57
1193,1113,92,11.19
1276,1196,92,11.16
1359,1279,92,11.16
1359,1360,92,11.16
1275,1196,92,12.77
1439,1360,92,12.76
1192,1113,92,12.78
1358,1279,92,12.76
1507,1427,93,11.16
2317,2318,93,11.18
2314,2394,93,6.95
1747,1746,93,6.96
1827,1746,93,8.57
1508,1427,93,8.57
2313,2394,93,8.58
2237,2318,93,8.59
1428,1348,94,11.16
2238,2239,94,11.18
1429,1348,94,8.57
2158,2239,94,8.58
1194,1114,95,11.17
2159,2160,95,11.17
1349,1269,95,11.16
1277,1197,95,11.16
1193,1114,95,12.79
1276,1197,95,12.76
1359,1280,95,12.76
1667,1666,95,6.96
2148,2147,95,6.96
2315,2395,95,6.96
2229,2309,95,6.97
2079,2160,95,8.58
2314,2395,95,8.57
1350,1269,95,8.57
1747,1666,95,8.57
2230,2309,95,6.46
2068,2147,95,6.45
1270,1190,96,11.17
2311,2391,96,6.96
1987,1986,96,6.96
1271,1190,96,8.58
2312,2391,96,6.46
1907,1986,96,6.45
1191,1111,97,11.19
1587,1586,97,6.95
2316,2396,97,6.96
1667,1586,97,8.57
2315,2396,97,8.57
1192,1111,97,8.58
1112,1032,98,11.18
1195,1115,98,11.16
1278,1198,98,11.16
1194,1115,98,12.77
1277,1198,98,12.75
1507,1506,99,6.95
2317,2397,99,6.96
1587,1506,99,8.56
2316,2397,99,8.57
1196,1116,101,11.16
1113,1033,101,11.17
1279,1199,101,11.16
1112,1033,101,12.78
1195,1116,101,12.76
1278,1199,101,12.76
1507,1426,101,8.57
2317,2398,101,8.58
1427,1347,102,11.16
2318,2319,102,11.18
2228,2308,102,6.97
2228,2227,102,6.97
1428,1347,102,8.57
2238,2319,102,8.58
2148,2227,102,6.46
2229,2308,102,6.46
1348,1268,103,11.16
2239,2240,103,11.18
2310,2390,103,6.96
2067,2066,103,6.96
2159,2240,103,8.58
1349,1268,103,8.57
2311,2390,103,6.45
1987,2066,103,6.45
1280,1200,104,11.17
1197,1117,104,11.16
1114,1034,104,11.17
1269,1189,104,11.15
1196,1117,104,12.76
1113,1034,104,12.77
1279,1200,104,12.76
1906,1905,104,6.96
2392,2472,104,6.96
1270,1189,104,8.58
1190,1110,105,11.18
1191,1110,105,8.59
1111,1031,106,11.18
2393,2473,106,6.96
1826,1825,106,6.95
1112,1031,106,8.58
1906,1825,106,8.57
2392,2473,106,8.57
1032,952,107,11.17
1115,1035,107,11.15
1198,1118,107,11.16
1197,1118,107,12.76
1114,1035,107,12.77
2394,2474,108,6.96
1746,1745,108,6.95
2393,2474,108,8.57
1826,1745,108,8.57
2228,2307,109,6.47
1116,1036,110,11.16
1426,1346,110,11.15
1199,1119,110,11.16
1033,953,110,11.17
2398,2399,110,11.17
1032,953,110,12.77
1115,1036,110,12.75
1198,1119,110,12.76
2395,2475,110,6.96
2309,2389,110,6.96
1666,1665,110,6.95
2147,2146,110,6.97
2394,2475,110,8.57
1427,1346,110,8.57
1746,1665,110,8.56
2318,2399,110,8.58
2310,2389,110,6.46
2067,2146,110,6.46
1347,1267,111,11.16
2319,2320,111,11.18
1986,1985,111,6.96
2391,2471,111,6.95
1348,1267,111,8.57
2239,2320,111,8.58
1906,1985,111,6.45
2392,2471,111,6.45
1268,1188,112,11.16
2396,2476,112,6.96
1586,1585,112,6.95
2395,2476,112,8.57
1269,1188,112,8.56
1666,1585,112,8.57
1189,1109,113,11.16
1034,954,113,11.17
1117,1037,113,11.16
1200,1120,113,11.17
1116,1037,113,12.76
1199,1120,113,12.76
1033,954,113,12.77
1190,1109,113,8.58
1110,1030,114,11.18
1506,1505,114,6.95
2397,2477,114,6.96
2396,2477,114,8.57
1586,1505,114,8.56
1111,1030,114,8.58
1031,951,115,11.18
1032,951,115,8.57
952,872,116,11.17
1118,1038,116,11.16
1035,955,116,11.16
1034,955,116,12.77
1117,1038,116,12.75
1426,1425,116,6.95
2398,2478,116,6.96
1506,1425,116,8.57
2397,2478,116,8.57
2227,2226,117,6.97
2308,2388,117,6.96
2309,2388,117,6.46
2147,2226,117,6.46
2390,2470,118,6.96
2066,2065,118,6.96
1426,1345,118,8.56
2398,2479,118,8.58
1986,2065,118,6.45
2391,2470,118,6.45
953,873,119,11.18
1036,956,119,11.16
1346,1266,119,11.14
2399,2400,119,11.17
1119,1039,119,11.16
952,873,119,12.77
1118,1039,119,12.76
1035,956,119,12.76
1905,1904,119,6.96
2472,2552,119,6.96
1347,1266,119,8.57
2319,2400,119,8.58
1267,1187,120,11.16
1268,1187,120,8.57
1188,1108,121,11.16
1825,1824,121,6.96
2473,2553,121,6.96
1189,1108,121,8.56
1905,1824,121,8.58
2472,2553,121,8.57
954,874,122,11.17
1109,1029,122,11.17
1037,957,122,11.16
1120,1040,122,11.17
953,874,122,12.78
1036,957,122,12.76
1119,1040,122,12.76
1110,1029,122,8.58
1030,950,123,11.17
2474,2554,123,6.96
1745,1744,123,6.96
1031,950,123,8.58
1825,1744,123,8.58
2473,2554,123,8.57
951,871,124,11.18
2307,2387,124,6.96
2307,2306,124,6.96
952,871,124,8.58
2227,2306,124,6.46
2308,2387,124,6.46
872,792,125,11.17
955,875,125,11.16
1038,958,125,11.17
954,875,125,12.77
1037,958,125,12.76
2475,2555,125,6.96
2389,2469,125,6.96
1665,1664,125,6.96
2146,2145,125,6.96
2474,2555,125,8.57
1745,1664,125,8.57
2390,2469,125,6.45
2066,2145,125,6.46
1985,1984,126,6.95
2471,2551,126,6.95
1905,1984,126,6.46
2472,2551,126,6.45
1345,1265,127,11.15
2479,2480,127,11.17
2476,2556,127,6.96
1585,1584,127,6.95
2475,2556,127,8.57
1346,1265,127,8.56
2399,2480,127,8.58
1665,1584,127,8.57
873,793,128,11.18
1039,959,128,11.17
956,876,128,11.16
1266,1186,128,11.15
872,793,128,12.77
955,876,128,12.76
1038,959,128,12.77
1267,1186,128,8.57
1187,1107,129,11.16
2477,2557,129,6.96
1505,1504,129,6.96
2476,2557,129,8.57
1188,1107,129,8.57
1585,1504,129,8.57
1108,1028,130,11.16
1109,1028,130,8.57
1029,949,131,11.17
874,794,131,11.17
957,877,131,11.17
1040,960,131,11.17
873,794,131,12.78
1039,960,131,12.77
956,877,131,12.77
1425,1424,131,6.96
2478,2558,131,6.96
2477,2558,131,8.57
1505,1424,131,8.57
1030,949,131,8.58
2307,2386,131,6.46
950,870,132,11.18
2388,2468,132,6.96
2226,2225,132,6.96
951,870,132,8.58
2389,2468,132,6.45
2146,2225,132,6.46
871,791,133,11.17
2470,2550,133,6.96
1345,1344,133,6.95
2479,2559,133,6.96
2065,2064,133,6.96
872,791,133,8.58
1425,1344,133,8.57
2478,2559,133,8.57
1985,2064,133,6.45
2471,2550,133,6.45
875,795,134,11.16
958,878,134,11.18
792,712,134,11.17
874,795,134,12.77
957,878,134,12.77
1904,1903,134,6.95
2552,2632,134,6.96
1345,1264,135,8.56
2479,2560,135,8.57
1265,1185,136,11.16
1824,1823,136,6.96
2553,2633,136,6.96
1904,1823,136,8.57
1266,1185,136,8.56
2552,2633,136,8.57
793,713,137,11.17
876,796,137,11.17
1186,1106,137,11.16
959,879,137,11.18
875,796,137,12.76
958,879,137,12.78
792,713,137,12.77
1187,1106,137,8.57
1107,1027,138,11.16
2554,2634,138,6.96
1744,1743,138,6.95
1108,1027,138,8.57
1824,1743,138,8.57
2553,2634,138,8.57
1028,948,139,11.16
2306,2305,139,6.96
2387,2467,139,6.96
1029,948,139,8.58
2388,2467,139,6.45
2226,2305,139,6.46
794,714,140,11.17
949,869,140,11.17
960,880,140,11.17
877,797,140,11.17
793,714,140,12.78
876,797,140,12.77
959,880,140,12.78
2469,2549,140,6.96
2555,2635,140,6.96
1664,1663,140,6.96
2145,2144,140,6.97
2554,2635,140,8.57
950,869,140,8.58
1744,1663,140,8.57
2470,2549,140,6.45
2065,2144,140,6.46
870,790,141,11.17
1984,1983,141,6.95
2551,2631,141,6.96
871,790,141,8.58
1904,1983,141,6.45
2552,2631,141,6.45
791,711,142,11.17
2556,2636,142,6.96
1584,1583,142,6.95
792,711,142,8.57
2555,2636,142,8.57
1664,1583,142,8.57
712,632,143,11.17
795,715,143,11.17
794,715,143,12.77
877,798,143,12.78
1264,1184,144,11.17
2557,2637,144,6.96
1504,1503,144,6.95
2556,2637,144,8.57
1265,1184,144,8.57
1584,1503,144,8.57
1185,1105,145,11.16
1186,1105,145,8.57
796,716,146,11.18
1106,1026,146,11.17
713,633,146,11.18
712,633,146,12.77
795,716,146,12.77
2558,2638,146,6.96
1424,1423,146,6.96
2386,2466,146,6.96
2386,2385,146,6.96
1107,1026,146,8.57
2557,2638,146,8.57
1504,1423,146,8.57
2306,2385,146,6.46
2387,2466,146,6.45
1027,947,147,11.16
2225,2224,147,6.96
2468,2548,147,6.96
1028,947,147,8.57
2469,2548,147,6.45
2145,2224,147,6.46
948,868,148,11.17
2064,2063,148,6.97
2550,2630,148,6.96
1344,1343,148,6.95
2559,2639,148,6.96
949,868,148,8.58
2558,2639,148,8.57
1424,1343,148,8.57
1984,2063,148,6.45
2551,2630,148,6.45
880,800,149,11.17
797,717,149,11.17
714,634,149,11.18
869,789,149,11.18
796,717,149,12.78
713,634,149,12.79
2632,2712,149,6.96
878,799,149,9.49
1903,1902,149,6.96
870,789,149,8.58
790,710,150,11.18
1264,1263,150,6.96
2560,2640,150,6.96
1344,1263,150,8.57
791,710,150,8.58
2559,2640,150,8.57
2633,2713,151,6.96
1823,1822,151,6.96
2632,2713,151,8.57
712,631,151,8.57
1903,1822,151,8.57
632,552,152,11.18
797,718,152,12.77
714,635,152,12.78
1264,1183,152,8.57
1184,1104,153,11.17
1743,1742,153,6.96
2634,2714,153,6.96
2633,2714,153,8.57
1185,1104,153,8.57
1823,1742,153,8.57
2386,2465,153,6.45
1105,1025,154,11.17
2467,2547,154,6.96
2305,2304,154,6.95
1106,1025,154,8.57
2225,2304,154,6.45
2468,2547,154,6.45
716,636,155,11.17
1026,946,155,11.17
633,553,155,11.18
632,553,155,12.78
2635,2715,155,6.96
2144,2143,155,6.97
1663,1662,155,6.96
2549,2629,155,6.96
1027,946,155,8.57
1743,1662,155,8.57
2634,2715,155,8.57
2064,2143,155,6.46
2550,2629,155,6.45
947,867,156,11.17
1983,1982,156,6.96
2631,2711,156,6.96
948,867,156,8.57
2632,2711,156,6.45
1903,1982,156,6.45
868,788,157,11.17
2636,2716,157,6.96
1583,1582,157,6.95
2635,2716,157,8.57
1663,1582,157,8.57
869,788,157,8.58
789,709,158,11.17
716,637,158,12.77
633,554,158,12.79
798,719,158,9.48
790,709,158,8.58
2637,2717,159,6.95
1503,1502,159,6.95
2636,2717,159,8.57
1583,1502,159,8.57
631,551,160,11.17
632,551,160,8.58
635,555,161,11.17
1183,1103,161,11.17
2638,2718,161,6.96
1423,1422,161,6.95
2385,2384,161,6.95
2466,2546,161,6.95
2637,2718,161,8.57
1184,1103,161,8.57
1503,1422,161,8.57
2467,2546,161,6.45
2305,2384,161,6.45
1104,1024,162,11.17
800,720,162,8.3
2224,2223,162,6.96
2548,2628,162,6.95
1105,1024,162,8.57
2144,2223,162,6.47
2549,2628,162,6.45
1025,945,163,11.17
2639,2719,163,6.96
2063,2062,163,6.97
1343,1342,163,6.95
2630,2710,163,6.96
1026,945,163,8.57
2638,2719,163,8.57
1423,1342,163,8.57
1983,2062,163,6.46
2631,2710,163,6.46
636,556,164,11.16
946,866,164,11.17
635,556,164,12.77
717,638,164,9.48
2712,2792,164,6.95
1902,1901,164,6.97
947,866,164,8.58
867,787,165,11.17
552,472,165,8.31
1263,1262,165,6.95
2640,2720,165,6.96
2639,2720,165,8.57
868,787,165,8.57
1343,1262,165,8.56
788,708,166,11.17
2713,2793,166,6.95
631,630,166,6.96
1822,1821,166,6.97
710,630,166,6.53
789,708,166,8.58
2712,2793,166,8.57
1902,1821,166,8.59
636,557,167,12.76
552,473,167,9.5
718,639,167,9.48
1183,1182,167,6.96
1263,1182,167,8.57
2714,2794,168,6.95
2465,2545,168,6.95
2465,2464,168,6.95
1742,1741,168,6.96
2713,2794,168,8.57
631,550,168,8.58
1822,1741,168,8.58
2385,2464,168,6.44
2466,2545,168,6.45
2304,2303,169,6.95
2547,2627,169,6.95
1183,1102,169,8.57
2224,2303,169,6.45
2548,2627,169,6.45
1103,1023,170,11.17
1662,1661,170,6.96
2715,2795,170,6.96
2143,2142,170,6.97
2629,2709,170,6.95
2714,2795,170,8.57
1104,1023,170,8.58
1742,1661,170,8.58
2063,2142,170,6.46
2630,2709,170,6.45
1982,1981,171,6.97
2711,2791,171,6.95
1025,944,171,8.57
2712,2791,171,6.45
1902,1981,171,6.46
945,865,172,11.16
1582,1581,172,6.95
946,865,172,8.57
1662,1581,172,8.57
2715,2796,172,8.57
2716,2796,172,6.95
866,786,173,11.17
637,558,173,9.47
719,640,173,9.47
867,786,173,8.58
787,707,174,11.16
1502,1501,174,6.95
709,629,174,6.53
1582,1501,174,8.56
788,707,174,8.57
2717,2797,174,6.95
2716,2797,174,8.57
708,628,175,11.18
2465,2544,175,6.45
552,471,175,6.38
2546,2626,176,6.95
1422,1421,176,6.95
2384,2383,176,6.95
1502,1421,176,8.57
2718,2798,176,6.95
2717,2798,176,8.57
2304,2383,176,6.45
2547,2626,176,6.45
2223,2222,177,6.96
2628,2708,177,6.95
2143,2222,177,6.46
2629,2708,177,6.45
1102,1022,178,11.18
1342,1341,178,6.95
2062,2061,178,6.97
2710,2790,178,6.96
2719,2799,178,6.95
1103,1022,178,8.58
1422,1341,178,8.57
2718,2799,178,8.57
1982,2061,178,6.47
2711,2790,178,6.45
638,559,179,9.49
2792,2872,179,6.95
1901,1900,179,6.97
557,477,180,8.29
1262,1261,180,6.95
2720,2800,180,6.96
945,864,180,8.57
1342,1261,180,8.56
2719,2800,180,8.57
865,785,181,11.15
2793,2873,181,6.95
1821,1820,181,6.97
472,392,181,6.53
866,785,181,8.58
2792,2873,181,8.57
1901,1820,181,8.58
786,706,182,11.17
557,478,182,9.48
639,560,182,9.48
1182,1181,182,6.96
787,706,182,8.57
1262,1181,182,8.57
707,627,183,11.17
2545,2625,183,6.95
1741,1740,183,6.97
2464,2463,183,6.95
473,393,183,6.52
473,474,183,6.52
2793,2874,183,8.57
708,627,183,8.58
2794,2874,183,6.95
1821,1740,183,8.58
2546,2625,183,6.45
2384,2463,183,6.45
1102,1101,184,6.96
2627,2707,184,6.95
2303,2302,184,6.95
1182,1101,184,8.57
628,548,184,11.19
2223,2302,184,6.45
2628,2707,184,6.45
550,470,184,6.52
2795,2875,185,6.96
1661,1660,185,6.96
2142,2141,185,6.96
2709,2789,185,6.95
1741,1660,185,8.59
2794,2875,185,8.57
2062,2141,185,6.47
2710,2789,185,6.45
2791,2871,186,6.96
1981,1980,186,6.97
1102,1021,186,8.58
473,394,186,7.46
2792,2871,186,6.45
1901,1980,186,6.46
1581,1580,187,6.95
2796,2876,187,6.96
2795,2876,187,8.57
1661,1580,187,8.58
628,549,187,12.79
471,391,188,8.31
558,479,188,9.49
864,784,189,11.16
1501,1500,189,6.95
2797,2877,189,6.96
865,784,189,8.56
1581,1500,189,8.56
2796,2877,189,8.57
785,705,190,11.17
2544,2624,190,6.96
2544,2543,190,6.96
786,705,190,8.58
2545,2624,190,6.45
2464,2543,190,6.45
557,476,190,6.37
560,480,191,11.17
706,626,191,11.16
2798,2878,191,6.96
1421,1420,191,6.95
2383,2382,191,6.95
2626,2706,191,6.95
1501,1420,191,8.57
707,626,191,8.57
2797,2878,191,8.57
2627,2706,191,6.45
2303,2382,191,6.45
2222,2221,192,6.96
2708,2788,192,6.96
627,547,192,11.18
2142,2221,192,6.46
2709,2788,192,6.45
628,547,192,8.59
477,397,193,8.3
2061,2060,193,6.96
1341,1340,193,6.95
2799,2879,193,6.95
2790,2870,193,6.96
2798,2879,193,8.57
1421,1340,193,8.57
2791,2870,193,6.45
1981,2060,193,6.46
1900,1899,194,6.96
2872,2952,194,6.96
478,398,195,8.29
477,398,195,9.48
1261,1260,195,6.95
864,863,195,6.95
2800,2880,195,6.96
1341,1260,195,8.57
2799,2880,195,8.57
555,475,195,2.96
2873,2953,196,6.95
1820,1819,196,6.96
1900,1819,196,8.58
2872,2953,196,8.57
479,399,197,11.16
478,399,197,9.48
392,312,197,6.52
1261,1180,197,8.56
864,783,197,8.57
2544,2623,197,6.45
1181,1180,197,6.96
550,469,197,5
784,704,198,11.17
2463,2462,198,6.96
2874,2954,198,6.96
2625,2705,198,6.96
1740,1739,198,6.97
785,704,198,8.57
2873,2954,198,8.57
1820,1739,198,8.58
2383,2462,198,6.45
2626,2705,198,6.45
471,390,198,6.38
705,625,199,11.16
394,314,199,8.29
394,395,199,8.29
2707,2787,199,6.96
2302,2301,199,6.95
393,313,199,6.51
1101,1100,199,6.96
706,625,199,8.57
2222,2301,199,6.45
2708,2787,199,6.45
1181,1100,199,8.57
479,400,200,12.76
480,400,200,11.17
2875,2955,200,6.96
1660,1659,200,6.96
2141,2140,200,6.95
2789,2869,200,6.96
548,468,200,6.53
2874,2955,200,8.57
1740,1659,200,8.58
2061,2140,200,6.46
626,546,200,11.17
2790,2869,200,6.45
627,546,200,8.58
547,467,201,11.18
394,315,201,9.47
1980,1979,201,6.96
1101,1020,201,8.58
1900,1979,201,6.46
2871,2951,201,6.96
2872,2951,201,6.45
1580,1579,202,6.95
2876,2956,202,6.96
2875,2956,202,8.57
1660,1579,202,8.58
864,943,202,6.45
476,396,203,8.29
477,396,203,6.37
1500,1499,204,6.96
2877,2957,204,6.96
391,311,204,6.53
1580,1499,204,8.57
2876,2957,204,8.57
2624,2704,205,6.96
2543,2542,205,6.96
2463,2542,205,6.45
2625,2704,205,6.45
399,319,206,11.16
397,317,206,8.29
2706,2786,206,6.95
2878,2958,206,6.96
1420,1419,206,6.95
2382,2381,206,6.95
1500,1419,206,8.57
784,703,206,8.58
2877,2958,206,8.57
2707,2786,206,6.45
2302,2381,206,6.45
704,624,207,11.17
2221,2220,207,6.95
2788,2868,207,6.96
705,624,207,8.57
2141,2220,207,6.45
2789,2868,207,6.45
398,318,208,8.29
397,318,208,9.48
1340,1339,208,6.96
2879,2959,208,6.96
2060,2059,208,6.96
2878,2959,208,8.57
1420,1339,208,8.57
1980,2059,208,6.46
625,545,208,11.16
2870,2950,208,6.96
626,545,208,8.58
2871,2950,208,6.46
400,320,209,11.17
468,388,209,11.19
546,466,209,11.19
399,320,209,12.76
1899,1898,209,6.96
2952,3032,209,6.96
547,466,209,8.58
467,387,210,11.18
1260,1259,210,6.95
2880,2960,210,6.96
1340,1259,210,8.57
2879,2960,210,8.57
1819,1818,211,6.96
2953,3033,211,6.95
1899,1818,211,8.57
2952,3033,211,8.57
468,389,212,12.79
314,234,212,8.28
313,233,212,8.28
1180,1179,212,6.96
2623,2703,212,6.96
2623,2622,212,6.96
1260,1179,212,8.56
2624,2703,212,6.45
2543,2622,212,6.46
1022,942,212,2.97
2462,2461,213,6.96
2954,3034,213,6.96
1739,1738,213,6.97
2705,2785,213,6.96
312,232,213,6.51
1819,1738,213,8.58
2953,3034,213,8.57
2706,2785,213,6.45
2382,2461,213,6.45
315,235,214,8.28
315,316,214,8.28
314,235,214,9.46
395,316,214,9.47
2787,2867,214,6.95
2301,2300,214,6.95
390,310,214,6.52
1180,1099,214,8.57
2221,2300,214,6.45
2788,2867,214,6.46
703,623,215,11.17
319,239,215,11.16
1659,1658,215,6.96
2140,2139,215,6.95
2955,3035,215,6.96
704,623,215,8.58
2954,3035,215,8.57
1739,1658,215,8.59
2060,2139,215,6.45
2869,2949,215,6.96
2870,2949,215,6.45
315,236,216,9.47
1979,1978,216,6.97
2951,3031,216,6.96
1899,1978,216,6.46
2952,3031,216,6.45
624,544,216,11.16
625,544,216,8.56
545,465,217,11.17
2956,3036,217,6.96
1579,1578,217,6.95
1659,1578,217,8.57
2955,3036,217,8.57
546,465,217,8.59
320,240,218,11.17
466,386,218,11.19
319,240,218,12.76
467,386,218,8.58
317,237,219,8.29
1499,1498,219,6.95
2957,3037,219,6.96
2956,3037,219,8.58
1579,1498,219,8.56
2623,2702,219,6.45
2542,2541,220,6.96
2704,2784,220,6.96
311,231,220,6.52
2462,2541,220,6.45
2705,2784,220,6.45
318,238,221,8.29
317,238,221,9.48
2786,2866,221,6.96
703,702,221,6.96
2958,3038,221,6.96
1419,1418,221,6.95
2381,2380,221,6.95
1499,1418,221,8.57
2957,3038,221,8.58
2787,2866,221,6.45
2301,2380,221,6.45
2220,2219,222,6.96
2140,2219,222,6.45
2868,2948,222,6.96
2869,2948,222,6.45
2959,3039,223,6.96
1339,1338,223,6.96
2059,2058,223,6.95
2950,3030,223,6.96
703,622,223,8.58
2958,3039,223,8.58
1419,1338,223,8.57
1979,2058,223,6.46
2951,3030,223,6.45
239,159,224,11.16
1898,1897,224,6.96
3032,3112,224,6.96
623,543,224,11.17
624,543,224,8.57
544,464,225,11.16
234,154,225,8.29
233,153,225,8.29
1259,1258,225,6.95
2960,3040,225,6.96
388,308,225,6.52
2959,3040,225,8.58
1339,1258,225,8.57
545,464,225,8.58
465,385,226,11.18
232,152,226,8.29
1818,1817,226,6.95
3033,3113,226,6.96
387,307,226,6.52
1898,1817,226,8.57
3032,3113,226,8.58
466,385,226,8.59
240,160,227,11.17
386,306,227,11.18
239,160,227,12.76
235,155,227,8.29
234,155,227,9.47
2703,2783,227,6.95
1179,1178,227,6.96
2622,2621,227,6.96
1259,1178,227,8.57
2542,2621,227,6.46
2704,2783,227,6.45
390,309,227,5.01
2461,2460,228,6.96
1738,1737,228,6.96
3034,3114,228,6.96
2785,2865,228,6.96
1818,1737,228,8.57
3033,3114,228,8.57
2786,2865,228,6.45
703,782,228,6.46
2381,2460,228,6.45
236,156,229,8.29
235,156,229,9.48
2300,2299,229,6.96
1179,1098,229,8.57
2220,2299,229,6.46
2867,2947,229,6.95
2868,2947,229,6.45
3035,3115,230,6.96
1658,1657,230,6.96
2139,2138,230,6.95
2949,3029,230,6.95
310,230,230,6.52
1738,1657,230,8.58
3034,3115,230,8.57
2059,2138,230,6.45
2950,3029,230,6.45
236,157,231,9.48
1978,1977,231,6.96
3031,3111,231,6.96
1898,1977,231,6.45
3032,3111,231,6.46
1578,1577,232,6.95
3036,3116,232,6.96
239,158,232,8.57
3035,3116,232,8.57
1658,1577,232,8.58
622,542,232,11.17
623,542,232,8.57
159,79,233,11.17
543,463,233,11.16
231,151,233,8.29
544,463,233,8.57
464,384,234,11.17
3037,3117,234,6.95
1498,1497,234,6.95
2702,2782,234,6.95
2702,2701,234,6.95
1578,1497,234,8.57
3036,3117,234,8.58
465,384,234,8.58
2703,2782,234,6.45
2622,2701,234,6.45
385,305,235,11.18
2541,2540,235,6.96
2784,2864,235,6.96
386,305,235,8.59
2461,2540,235,6.46
2785,2864,235,6.45
160,80,236,11.17
159,80,236,12.77
2866,2946,236,6.96
702,701,236,6.96
3038,3118,236,6.96
1418,1417,236,6.95
2380,2379,236,6.95
3037,3118,236,8.57
1498,1417,236,8.57
2300,2379,236,6.45
2867,2946,236,6.45
2219,2218,237,6.96
2948,3028,237,6.96
2139,2218,237,6.44
2949,3028,237,6.45
153,73,238,8.29
308,228,238,8.3
154,74,238,8.29
3030,3110,238,6.95
3039,3119,238,6.96
1338,1337,238,6.96
2058,2057,238,6.95
702,621,238,8.57
3038,3119,238,8.57
1418,1337,238,8.57
1978,2057,238,6.46
3031,3110,238,6.45
622,621,238,6.96
152,72,239,8.29
307,227,239,8.3
1897,1896,239,6.96
3112,3192,239,6.96
155,75,240,8.3
1258,1257,240,6.96
308,229,240,9.49
154,75,240,9.48
3040,3120,240,6.96
3039,3120,240,8.57
1338,1257,240,8.57
622,541,240,8.57
542,462,241,11.17
1817,1816,241,6.96
3113,3193,241,6.96
159,78,241,8.57
1897,1816,241,8.58
3112,3193,241,8.57
543,462,241,8.57
2702,2781,241,6.45
1022,941,241,2.28
463,383,242,11.16
156,76,242,8.3
155,76,242,9.49
2783,2863,242,6.95
2621,2620,242,6.95
1258,1177,242,8.57
464,383,242,8.58
2541,2620,242,6.46
2784,2863,242,6.46
384,304,243,11.18
230,150,243,8.29
3114,3194,243,6.97
1737,1736,243,6.96
2460,2459,243,6.97
306,226,243,6.52
2865,2945,243,6.95
385,304,243,8.58
1817,1736,243,8.57
3113,3194,243,8.58
2866,2945,243,6.45
702,781,243,6.45
2380,2459,243,6.45
231,150,243,6.36
305,225,244,11.18
157,77,244,8.3
156,77,244,9.49
2299,2298,244,6.95
2219,2298,244,6.45
2948,3027,244,6.45
2947,3027,244,6.95
3115,3195,245,6.96
1657,1656,245,6.96
2138,2137,245,6.95
3029,3109,245,6.95
3114,3195,245,8.58
1737,1656,245,8.57
3030,3109,245,6.45
2058,2137,245,6.44
151,71,246,8.29
1977,1976,246,6.96
3111,3191,246,6.95
1897,1976,246,6.46
3112,3191,246,6.45
942,862,246,2.97
1577,1576,247,6.96
3116,3196,247,6.96
3115,3196,247,8.58
1657,1576,247,8.57
1497,1496,249,6.96
2701,2700,249,6.95
3117,3197,249,6.96
2782,2862,249,6.95
1577,1496,249,8.57
3116,3197,249,8.58
542,461,249,8.58
2783,2862,249,6.45
2621,2700,249,6.45
2540,2539,250,6.96
463,382,250,8.57
2460,2539,250,6.46
2865,2944,250,6.45
2864,2944,250,6.96
383,303,251,11.16
228,148,251,8.3
3118,3198,251,6.96
2379,2378,251,6.95
1497,1416,251,8.57
3117,3198,251,8.58
384,303,251,8.58
2299,2378,251,6.45
2946,3026,251,6.95
701,700,251,6.95
1417,1416,251,6.96
2947,3026,251,6.45
227,147,252,8.3
2218,2217,252,6.96
3028,3108,252,6.96
305,224,252,8.58
2138,2217,252,6.45
3029,3108,252,6.45
225,145,253,11.17
229,149,253,8.3
228,149,253,9.49
3119,3199,253,6.95
1337,1336,253,6.96
621,620,253,6.95
2057,2056,253,6.95
3110,3190,253,6.95
3118,3199,253,8.57
1977,2056,253,6.46
3111,3190,253,6.45
230,149,253,6.37
701,620,253,8.57
1417,1336,253,8.57
1896,1895,254,6.95
3192,3272,254,6.95
1257,1256,255,6.96
3119,3200,255,8.57
1337,1256,255,8.58
621,540,255,8.57
3120,3200,255,6.96
225,146,256,12.78
226,146,256,8.3
150,70,256,8.29
1816,1815,256,6.96
3193,3273,256,6.95
2781,2861,256,6.95
2781,2780,256,6.95
1896,1815,256,8.57
3192,3273,256,8.57
2701,2780,256,6.45
2782,2861,256,6.45
151,70,256,6.37
2620,2619,257,6.95
1257,1176,257,8.58
2540,2619,257,6.46
2863,2943,257,6.95
2864,2943,257,6.45
2459,2458,258,6.97
3194,3274,258,6.96
2945,3025,258,6.95
1736,1735,258,6.95
1816,1735,258,8.57
3193,3274,258,8.57
2379,2458,258,6.45
2946,3025,258,6.45
701,780,258,6.45
382,302,259,11.17
2298,2297,259,6.96
383,302,259,8.57
2218,2297,259,6.46
3028,3107,259,6.45
3027,3107,259,6.96
3195,3275,260,6.96
3109,3189,260,6.96
1656,1655,260,6.95
2137,2136,260,6.95
3194,3275,260,8.57
1736,1655,260,8.57
2057,2136,260,6.44
3110,3189,260,6.45
1976,1975,261,6.95
3191,3271,261,6.95
225,144,261,8.58
1896,1975,261,6.45
3192,3271,261,6.45
3196,3276,262,6.96
1576,1575,262,6.96
3195,3276,262,8.57
1656,1575,262,8.57
2781,2860,263,6.44
148,68,264,8.29
3197,3277,264,6.96
2862,2942,264,6.95
2700,2699,264,6.95
3196,3277,264,8.58
1576,1495,264,8.57
2620,2699,264,6.45
1496,1495,264,6.96
2863,2942,264,6.45
147,67,265,8.29
382,381,265,6.96
2539,2538,265,6.95
2944,3024,265,6.95
461,381,265,6.51
2459,2538,265,6.46
2945,3024,265,6.45
149,69,266,8.29
148,69,266,9.48
2378,2377,266,6.95
1416,1415,266,6.96
3198,3278,266,6.96
3197,3278,266,8.58
3026,3106,266,6.96
2298,2377,266,6.45
150,69,266,6.37
1496,1415,266,8.57
3027,3106,266,6.45
2217,2216,267,6.96
3108,3188,267,6.96
303,223,267,6.52
382,301,267,8.58
3109,3188,267,6.45
2137,2216,267,6.45
1336,1335,268,6.96
3190,3270,268,6.95
2056,2055,268,6.95
1416,1335,268,8.57
3198,3279,268,8.58
3199,3279,268,6.96
1976,2055,268,6.45
3191,3270,268,6.45
146,66,269,8.3
1895,1894,269,6.96
3272,3352,269,6.95
145,65,269,6.52
541,460,269,5
1256,1255,270,6.97
3200,3280,270,6.96
1336,1255,270,8.57
3199,3280,270,8.57
3273,3353,271,6.95
1815,1814,271,6.96
2780,2779,271,6.95
2861,2941,271,6.95
1895,1814,271,8.57
3272,3353,271,8.56
2862,2941,271,6.45
2700,2779,271,6.45
2619,2618,272,6.95
2943,3023,272,6.95
1256,1175,272,8.59
2539,2618,272,6.45
2944,3023,272,6.45
1735,1734,273,6.95
3274,3354,273,6.96
3025,3105,273,6.95
2458,2457,273,6.97
3273,3354,273,8.56
1815,1734,273,8.57
2378,2457,273,6.45
3026,3105,273,6.45
2297,2296,274,6.96
3107,3187,274,6.95
2217,2296,274,6.45
3108,3187,274,6.46
3275,3355,275,6.95
1655,1654,275,6.95
2136,2135,275,6.95
3189,3269,275,6.96
302,222,275,6.52
1735,1654,275,8.57
3274,3355,275,8.57
3190,3269,275,6.45
2056,2135,275,6.45
942,861,275,2.28
1975,1974,276,6.96
3271,3351,276,6.95
1895,1974,276,6.45
3272,3351,276,6.45
3276,3356,277,6.96
144,64,277,6.52
3275,3356,277,8.57
1655,1574,277,8.56
1575,1574,277,6.95
2860,2940,278,6.95
2860,2859,278,6.95
2780,2859,278,6.45
2861,2940,278,6.45
461,380,278,5
3277,3357,279,6.96
2942,3022,279,6.95
2699,2698,279,6.95
1495,1494,279,6.96
3276,3357,279,8.57
2619,2698,279,6.44
2943,3022,279,6.45
1575,1494,279,8.57
2538,2537,280,6.95
3024,3104,280,6.95
3025,3104,280,6.45
2458,2537,280,6.47
540,539,280,4.06
2377,2376,281,6.96
1415,1414,281,6.96
3277,3358,281,8.57
1495,1414,281,8.57
3278,3358,281,6.96
2297,2376,281,6.45
3107,3186,281,6.45
224,143,281,5.01
3106,3186,281,6.95
2216,2215,282,6.96
3188,3268,282,6.96
2136,2215,282,6.45
3189,3268,282,6.45
2055,2054,283,6.96
3279,3359,283,6.96
3270,3350,283,6.95
301,221,283,6.51
1415,1334,283,8.57
1975,2054,283,6.45
3271,3350,283,6.45
3278,3359,283,8.57
1894,1893,284,6.96
3352,3432,284,6.96
540,459,284,5.01
3280,3360,285,6.96
3279,3360,285,8.57
2860,2939,285,6.45
1814,1813,286,6.96
3353,3433,286,6.95
2779,2778,286,6.96
2941,3021,286,6.95
1894,1813,286,8.57
3352,3433,286,8.57
2942,3021,286,6.45
2699,2778,286,6.45
3023,3103,287,6.95
2618,2617,287,6.95
2538,2617,287,6.45
3024,3103,287,6.45
1734,1733,288,6.96
3354,3434,288,6.95
2457,2456,288,6.97
1814,1733,288,8.58
3353,3434,288,8.56
2377,2456,288,6.45
3105,3185,288,6.95
3106,3185,288,6.45
2296,2295,289,6.96
3187,3267,289,6.95
2216,2295,289,6.46
3188,3267,289,6.45
3355,3435,290,6.95
3269,3349,290,6.96
2135,2134,290,6.96
1734,1653,290,8.57
3354,3435,290,8.57
2055,2134,290,6.45
3270,3349,290,6.45
1654,1653,290,6.95
144,63,290,5.01
1974,1973,291,6.96
3351,3431,291,6.96
222,142,291,6.52
1894,1973,291,6.45
3352,3431,291,6.45
3356,3436,292,6.95
1574,1573,292,6.95
3355,3436,292,8.57
301,300,292,4.06
1654,1573,292,8.57
1020,940,292,1.11
2859,2858,293,6.94
2940,3020,293,6.95
2779,2858,293,6.45
2941,3020,293,6.45
540,619,293,3.77
2698,2697,294,6.95
3022,3102,294,6.95
1494,1493,294,6.96
3356,3437,294,8.57
1574,1493,294,8.57
3357,3437,294,6.96
3023,3102,294,6.45
2618,2697,294,6.44
3104,3184,295,6.96
2537,2536,295,6.95
2457,2536,295,6.46
3105,3184,295,6.45
3358,3438,296,6.96
1414,1413,296,6.95
2376,2375,296,6.97
3186,3266,296,6.96
1494,1413,296,8.57
2296,2375,296,6.46
3187,3266,296,6.45
3357,3438,296,8.57
301,220,296,5
2215,2214,297,6.97
3268,3348,297,6.96
3269,3348,297,6.45
2135,2214,297,6.46
3359,3439,298,6.96
2054,2053,298,6.96
3350,3430,298,6.96
3358,3439,298,8.57
1414,1333,298,8.57
1974,2053,298,6.46
3351,3430,298,6.45
460,379,298,5
1893,1892,299,6.95
3432,3512,299,6.96
221,141,299,6.51
3360,3440,300,6.96
3359,3440,300,8.57
2859,2938,300,6.44
2940,3019,300,6.45
1813,1812,301,6.96
3433,3513,301,6.96
3021,3101,301,6.95
2778,2777,301,6.95
1893,1812,301,8.57
3432,3513,301,8.58
2698,2777,301,6.45
3022,3101,301,6.45
2617,2616,302,6.94
3103,3183,302,6.95
3104,3183,302,6.45
2537,2616,302,6.44
3434,3514,303,6.96
2456,2455,303,6.96
1813,1732,303,8.57
3433,3514,303,8.58
2376,2455,303,6.46
3186,3265,303,6.45
1733,1732,303,6.96
3185,3265,303,6.95
2295,2294,304,6.96
3267,3347,304,6.96
2215,2294,304,6.46
3268,3347,304,6.45
2134,2133,305,6.96
1653,1652,305,6.95
3435,3515,305,6.96
3349,3429,305,6.96
3434,3515,305,8.57
2054,2133,305,6.46
3350,3429,305,6.45
1733,1652,305,8.57
1099,1019,305,1.11
3431,3511,306,6.96
1973,1972,306,6.96
1893,1972,306,6.45
3432,3511,306,6.46
1333,1253,307,11.16
1573,1572,307,6.95
142,62,307,6.51
1653,1572,307,8.57
3435,3516,307,8.57
3436,3516,307,6.95
380,299,307,5.01
3020,3100,308,6.95
3021,3100,308,6.44
2778,2857,308,6.45
3102,3182,309,6.95
1493,1492,309,6.96
3437,3517,309,6.96
2697,2696,309,6.95
1573,1492,309,8.57
2617,2696,309,6.44
3103,3182,309,6.45
3436,3517,309,8.57
459,458,309,4.06
141,61,310,9.47
1333,1254,310,12.76
2536,2535,310,6.95
2456,2535,310,6.46
3184,3264,310,6.96
3185,3264,310,6.45
1413,1412,311,6.96
2375,2374,311,6.96
3266,3346,311,6.95
3438,3518,311,6.95
1493,1412,311,8.57
3437,3518,311,8.57
2295,2374,311,6.46
3267,3346,311,6.45
3348,3428,312,6.95
2214,2213,312,6.96
220,140,312,6.51
2134,2213,312,6.46
3349,3428,312,6.45
221,140,312,5
3439,3519,313,6.96
1333,1332,313,6.96
3430,3510,313,6.96
2053,2052,313,6.96
1413,1332,313,8.57
3438,3519,313,8.57
3431,3510,313,6.46
1973,2052,313,6.45
459,378,313,5
1892,1891,314,6.95
3512,3592,314,6.95
3440,3520,315,6.96
3439,3520,315,8.57
1333,1252,315,8.57
3020,3099,315,6.45
1253,1173,316,11.17
3101,3181,316,6.95
3513,3593,316,6.96
2777,2776,316,6.94
1892,1811,316,8.56
3512,3593,316,8.57
3102,3181,316,6.45
2697,2776,316,6.44
1812,1811,316,6.95
3183,3263,317,6.95
2616,2615,317,6.95
2536,2615,317,6.44
3184,3263,317,6.45
3514,3594,318,6.96
2455,2454,318,6.95
1732,1731,318,6.95
3265,3345,318,6.95
3513,3594,318,8.57
2375,2454,318,6.46
3266,3345,318,6.45
1812,1731,318,8.56
1253,1174,319,12.77
2294,2293,319,6.96
3347,3427,319,6.95
141,60,319,7.27
3348,3427,319,6.45
2214,2293,319,6.46
3429,3509,320,6.96
2133,2132,320,6.96
1652,1651,320,6.95
3514,3595,320,8.57
1732,1651,320,8.56
3515,3595,320,6.96
3430,3509,320,6.46
2053,2132,320,6.46
1098,1018,320,1.11
1972,1971,321,6.95
3511,3591,321,6.96
1892,1971,321,6.44
3512,3591,321,6.45
220,219,321,4.06
300,219,321,5
1572,1571,322,6.95
3516,3596,322,6.95
1652,1571,322,8.57
3515,3596,322,8.57
459,538,322,3.77
3100,3180,323,6.95
2857,2937,323,6.94
2857,2856,323,6.94
3101,3180,323,6.45
2777,2856,323,6.44
1252,1172,324,11.16
2696,2695,324,6.95
3517,3597,324,6.95
1492,1491,324,6.95
3182,3262,324,6.96
1253,1172,324,8.58
1572,1491,324,8.56
3516,3597,324,8.57
3183,3262,324,6.45
2616,2695,324,6.44
3264,3344,325,6.95
2455,2534,325,6.45
3265,3344,325,6.45
220,139,325,5
1412,1411,326,6.95
3518,3598,326,6.95
2374,2373,326,6.96
3346,3426,326,6.95
3517,3598,326,8.57
1492,1411,326,8.57
2294,2373,326,6.46
3347,3426,326,6.45
781,860,326,1.71
2213,2212,327,6.96
3428,3508,327,6.96
3429,3508,327,6.46
2133,2212,327,6.46
379,298,327,5
3510,3590,328,6.96
1332,1331,328,6.95
3519,3599,328,6.95
2052,2051,328,6.96
1412,1331,328,8.57
3518,3599,328,8.56
1972,2051,328,6.45
3511,3590,328,6.45
3592,3672,329,6.95
458,457,329,5.17
1891,1890,329,6.95
3520,3600,330,6.96
1252,1251,330,6.95
1332,1251,330,8.57
3519,3600,330,8.57
3100,3179,330,6.45
2857,2936,330,6.43
1811,1810,331,6.95
3181,3261,331,6.96
3593,3673,331,6.96
2776,2775,331,6.95
3592,3673,331,8.57
2696,2775,331,6.45
3182,3261,331,6.46
1891,1810,331,8.56
1252,1171,332,8.57
3264,3343,332,6.45
458,377,332,6.37
3263,3343,332,6.95
3594,3674,333,6.96
3345,3425,333,6.95
1731,1730,333,6.95
1811,1730,333,8.56
3593,3674,333,8.57
2374,2453,333,6.45
3346,3425,333,6.45
1177,1097,333,1.11
3427,3507,334,6.97
2293,2292,334,6.96
2213,2292,334,6.46
3428,3507,334,6.46
3509,3589,335,6.96
1651,1650,335,6.95
2132,2131,335,6.96
3594,3675,335,8.57
1731,1650,335,8.56
3510,3589,335,6.45
2052,2131,335,6.46
3595,3675,335,6.96
3591,3671,336,6.96
1971,1970,336,6.95
3592,3671,336,6.45
299,218,336,5
1891,1970,336,6.44
1571,1570,337,6.95
3596,3676,337,6.96
1651,1570,337,8.56
3595,3676,337,8.57
3180,3260,338,6.95
2856,2855,338,6.95
3181,3260,338,6.45
2776,2855,338,6.45
1491,1490,339,6.95
3597,3677,339,6.96
2695,2694,339,6.96
1571,1490,339,8.56
3596,3677,339,8.57
458,537,339,4.8
3262,3342,339,6.95
3263,3342,339,6.44
3344,3424,340,6.94
3345,3424,340,6.44
3598,3678,341,6.95
1411,1410,341,6.95
2373,2372,341,6.95
3426,3506,341,6.96
139,59,341,6.52
1491,1410,341,8.57
3597,3678,341,8.57
2695,2614,341,8.57
3427,3506,341,6.46
2293,2372,341,6.45
140,59,341,5
3508,3588,342,6.96
2212,2211,342,6.96
3509,3588,342,6.45
2132,2211,342,6.46
378,297,342,5.01
2051,2050,343,6.96
1331,1330,343,6.95
3599,3679,343,6.96
3590,3670,343,6.96
3598,3679,343,8.57
1411,1330,343,8.57
3591,3670,343,6.46
1971,2050,343,6.45
3672,3752,344,6.96
1890,1889,344,6.95
2936,3016,345,6.95
2936,2935,345,6.95
1251,1250,345,6.95
3600,3680,345,6.96
1331,1250,345,8.57
3599,3680,345,8.58
3180,3259,345,6.45
2856,2935,345,6.44
3673,3753,346,6.96
2775,2774,346,6.95
3261,3341,346,6.95
1810,1809,346,6.95
3672,3753,346,8.58
1890,1809,346,8.57
2695,2774,346,6.45
3262,3341,346,6.44
3343,3423,347,6.94
2936,3017,347,8.56
1251,1170,347,8.57
3344,3423,347,6.44
1730,1729,348,6.95
3425,3505,348,6.95
3673,3754,348,8.57
1810,1729,348,8.56
3674,3754,348,6.95
2373,2452,348,6.44
3426,3505,348,6.45
1176,1096,348,1.11
2292,2291,349,6.96
3507,3587,349,6.96
457,456,349,5.17
3508,3587,349,6.46
2212,2291,349,6.46
3589,3669,350,6.96
1650,1649,350,6.95
2131,2130,350,6.95
1730,1649,350,8.56
3674,3755,350,8.57
2051,2130,350,6.45
3590,3669,350,6.46
139,138,350,4.06
219,138,350,5
3675,3755,350,6.96
3671,3751,351,6.96
1970,1969,351,6.95
3672,3751,351,6.46
1890,1969,351,6.45
1570,1569,352,6.95
3676,3756,352,6.96
1650,1569,352,8.56
377,376,352,5.18
2936,3015,352,6.44
457,376,352,6.37
3675,3756,352,8.57
3260,3340,353,6.94
2855,2854,353,6.95
2775,2854,353,6.45
3261,3340,353,6.44
1490,1489,354,6.95
3677,3757,354,6.96
3342,3422,354,6.94
1570,1489,354,8.56
3676,3757,354,8.57
3343,3422,354,6.44
139,58,354,5.01
297,217,355,8.31
3424,3504,355,6.95
3425,3504,355,6.45
377,296,355,6.38
3678,3758,356,6.95
1410,1409,356,6.95
2372,2371,356,6.95
1490,1409,356,8.57
3677,3758,356,8.57
2292,2371,356,6.45
3507,3586,356,6.45
3588,3668,357,6.96
2211,2210,357,6.96
3589,3668,357,6.46
2131,2210,357,6.45
3679,3759,358,6.96
1330,1329,358,6.95
3670,3750,358,6.96
3678,3759,358,8.57
1410,1329,358,8.57
3671,3750,358,6.46
1970,2049,358,6.45
2050,2049,358,6.96
3752,3832,359,6.96
1889,1888,359,6.95
457,536,359,4.8
3680,3760,360,6.96
1250,1249,360,6.95
2935,2934,360,6.95
3679,3760,360,8.58
1330,1249,360,8.56
3260,3339,360,6.44
2855,2934,360,6.45
3753,3833,361,6.96
1809,1808,361,6.95
3752,3833,361,8.58
1889,1808,361,8.57
3342,3421,361,6.44
3341,3421,361,6.95
3423,3503,362,6.95
1250,1169,362,8.56
3424,3503,362,6.45
3505,3585,363,6.95
1729,1728,363,6.95
3753,3834,363,8.58
1809,1728,363,8.57
2372,2451,363,6.44
3754,3834,363,6.96
1175,1095,363,1.11
2291,2290,364,6.96
3587,3667,364,6.96
3588,3667,364,6.46
2211,2290,364,6.45
3669,3749,365,6.96
1649,1648,365,6.95
3755,3835,365,6.96
1729,1648,365,8.57
2130,2129,365,6.97
3670,3749,365,6.46
297,216,365,6.38
218,137,365,5
3754,3835,365,8.57
2050,2129,365,6.45
1969,1968,366,6.95
3751,3831,366,6.96
3752,3831,366,6.46
1889,1968,366,6.45
1569,1568,367,6.95
3015,3095,367,6.95
3015,3014,367,6.95
3756,3836,367,6.95
1649,1568,367,8.57
3755,3836,367,8.57
2935,3014,367,6.45
2854,2853,368,6.95
3340,3420,368,6.94
3341,3420,368,6.44
1489,1488,369,6.96
3757,3837,369,6.95
3422,3502,369,6.95
1569,1488,369,8.57
3015,3096,369,8.57
3756,3837,369,8.57
456,455,369,5.17
3423,3502,369,6.45
1020,939,369,0.85
3504,3584,370,6.96
2854,2773,370,8.57
3505,3584,370,6.45
1169,1089,371,11.16
3758,3838,371,6.95
1409,1408,371,6.96
1489,1408,371,8.57
3757,3838,371,8.57
2291,2370,371,6.45
3587,3666,371,6.45
3668,3748,372,6.96
2210,2209,372,6.96
376,375,372,5.17
3669,3748,372,6.45
456,375,372,6.37
2130,2209,372,6.46
3759,3839,373,6.96
1329,1328,373,6.96
3750,3830,373,6.96
2049,2048,373,6.96
3758,3839,373,8.56
1409,1328,373,8.58
1969,2048,373,6.45
3751,3830,373,6.46
1169,1090,374,12.76
3832,3912,374,6.96
1888,1887,374,6.95
58,57,374,5.17
3015,3094,374,6.45
3760,3840,375,6.96
1249,1248,375,6.95
2934,2933,375,6.95
3759,3840,375,8.58
1329,1248,375,8.57
296,295,375,5.18
2854,2933,375,6.45
376,295,375,6.37
3340,3419,375,6.44
1808,1807,376,6.96
3421,3501,376,6.96
3832,3913,376,8.58
1888,1807,376,8.57
3833,3913,376,6.97
3422,3501,376,6.45
1169,1168,377,6.95
3503,3583,377,6.96
1249,1168,377,8.57
3504,3583,377,6.45
216,136,378,8.3
1728,1727,378,6.95
1808,1727,378,8.58
3833,3914,378,8.59
296,215,378,6.38
3834,3914,378,6.96
3667,3747,379,6.96
2290,2289,379,6.95
1169,1088,379,8.57
3668,3747,379,6.46
2210,2289,379,6.45
456,535,379,4.79
1089,1009,380,11.17
3749,3829,380,6.96
3835,3915,380,6.96
1648,1647,380,6.95
1728,1647,380,8.57
3750,3829,380,6.45
2049,2128,380,6.46
2129,2128,380,6.96
3834,3915,380,8.58
3831,3911,381,6.96
1968,1967,381,6.96
3832,3911,381,6.46
1888,1967,381,6.45
1568,1567,382,6.95
3095,3175,382,6.95
3836,3916,382,6.95
3014,3013,382,6.95
3835,3916,382,8.57
1648,1567,382,8.57
2934,3013,382,6.45
1089,1010,383,12.77
3421,3500,383,6.45
1488,1487,384,6.95
3837,3917,384,6.96
3502,3582,384,6.96
1568,1487,384,8.56
3095,3176,384,8.57
3836,3917,384,8.57
3503,3582,384,6.45
3838,3918,386,6.95
1408,1407,386,6.96
1488,1407,386,8.57
3837,3918,386,8.57
3667,3746,386,6.46
2290,2369,386,6.45
3748,3828,387,6.96
3749,3828,387,6.46
2209,2208,387,6.95
2129,2208,387,6.46
2048,2047,388,6.96
3839,3919,388,6.96
1328,1327,388,6.96
3830,3910,388,6.96
1089,1008,388,8.57
3838,3919,388,8.57
1408,1327,388,8.57
3831,3910,388,6.46
1968,2047,388,6.46
216,135,388,6.37
3094,3174,389,6.95
3094,3093,389,6.95
3912,3992,389,6.96
1887,1886,389,6.96
455,454,389,5.17
3095,3174,389,6.45
3014,3093,389,6.45
3840,3920,390,6.96
3839,3920,390,8.58
1328,1247,390,8.57
1807,1806,391,6.96
3912,3993,391,8.57
1887,1806,391,8.58
3502,3581,391,6.45
3913,3993,391,6.96
375,374,392,5.17
455,374,392,6.37
1727,1726,393,6.96
3914,3994,393,6.97
1807,1726,393,8.58
3913,3994,393,8.58
3747,3827,394,6.96
136,56,394,6.51
1168,1167,394,5.91
2289,2288,394,6.95
57,56,394,5.17
3748,3827,394,6.45
137,56,394,5
2209,2288,394,6.45
3915,3995,395,6.97
3829,3909,395,6.96
1647,1646,395,6.96
2128,2127,395,6.96
1727,1646,395,8.57
3914,3995,395,8.59
295,294,395,5.17
2048,2127,395,6.46
3830,3909,395,6.46
375,294,395,6.37
3911,3991,396,6.96
1967,1966,396,6.97
1088,1087,396,5.9
3094,3173,396,6.45
3912,3991,396,6.45
1887,1966,396,6.46
3916,3996,397,6.96
1567,1566,397,6.96
3915,3996,397,8.58
1647,1566,397,8.57
1098,1017,397,0.85
700,699,397,0.69
215,214,398,5.18
295,214,398,6.37
1008,928,399,9.48
1487,1486,399,6.96
3917,3997,399,6.96
3916,3997,399,8.57
1567,1486,399,8.57
535,615,399,5.17
535,534,399,5.17
1088,1007,399,7.27
455,534,399,4.79
135,55,401,8.3
3918,3998,401,6.95
1407,1406,401,6.96
1487,1406,401,8.58
3917,3998,401,8.57
3747,3826,401,6.45
215,134,401,6.38
2289,2368,401,6.45
1008,929,402,10.84
3828,3908,402,6.96
3829,3908,402,6.46
2128,2207,402,6.45
535,616,402,6.36
2208,2207,402,6.95
1327,1326,403,6.96
3910,3990,403,6.96
3919,3999,403,6.96
2047,2046,403,6.97
3918,3999,403,8.57
1407,1326,403,8.58
3911,3990,403,6.45
1967,2046,403,6.46
1886,1885,404,6.97
3992,4072,404,6.95
780,779,404,0.69
3920,4000,405,6.96
1327,1246,405,8.58
3919,4000,405,8.58
1806,1805,406,6.96
1886,1805,406,8.59
3992,4073,406,8.57
3993,4073,406,6.96
1173,1093,407,1.11
1726,1725,408,6.96
1806,1725,408,8.58
1008,927,408,7.28
3993,4074,408,8.57
3994,4074,408,6.96
3827,3907,409,6.96
454,453,409,5.16
3828,3907,409,6.45
2288,2287,409,6.95
535,614,409,4.79
2208,2287,409,6.45
2127,2126,410,6.96
1646,1645,410,6.96
3995,4075,410,6.96
3909,3989,410,6.96
1726,1645,410,8.58
1247,1166,410,7.28
3910,3989,410,6.45
2047,2126,410,6.46
3994,4075,410,8.58
1174,1094,410,1.11
3991,4071,411,6.96
1966,1965,411,6.97
1886,1965,411,6.46
135,54,411,6.37
3992,4071,411,6.45
1018,938,411,1.11
3996,4076,412,6.96
1566,1565,412,6.96
1646,1565,412,8.58
3995,4076,412,8.58
374,373,412,5.17
454,373,412,6.36
1087,1086,413,5.91
1486,1485,414,6.96
3997,4077,414,6.96
3996,4077,414,8.58
1566,1485,414,8.58
294,293,415,5.17
374,293,415,6.37
1172,1092,415,1.11
3998,4078,416,6.95
3826,3906,416,6.95
3826,3825,416,6.95
1406,1405,416,6.97
1486,1405,416,8.58
3997,4078,416,8.57
1007,1006,416,5.91
1087,1006,416,7.28
2368,2448,416,6.95
2368,2367,416,6.95
3827,3906,416,6.45
2288,2367,416,6.45
3908,3988,417,6.95
2207,2206,417,6.95
2127,2206,417,6.45
3909,3988,417,6.45
3999,4079,418,6.96
1326,1325,418,6.97
3990,4070,418,6.96
2046,2045,418,6.97
3998,4079,418,8.57
3826,3745,418,8.57
1406,1325,418,8.59
214,213,418,5.17
2368,2449,418,8.57
3991,4070,418,6.45
1966,2045,418,6.46
294,213,418,6.37
927,847,419,9.49
1885,1884,419,6.97
4072,4152,419,6.95
1007,926,419,7.28
534,533,419,5.16
454,533,419,4.79
4000,4080,420,6.96
3999,4080,420,8.58
1326,1245,420,8.59
1805,1804,421,6.96
4073,4153,421,6.96
1885,1804,421,8.59
4072,4153,421,8.57
134,133,421,5.17
214,133,421,6.37
927,848,422,10.84
1725,1724,423,6.97
1805,1724,423,8.58
4073,4154,423,8.57
3826,3905,423,6.45
2368,2447,423,6.45
4074,4154,423,6.96
1171,1091,423,1.11
3907,3987,424,6.96
3908,3987,424,6.45
2207,2286,424,6.45
134,53,424,6.38
2287,2286,424,6.95
3989,4069,425,6.96
1645,1644,425,6.96
2126,2125,425,6.96
1725,1644,425,8.59
1246,1165,425,7.29
3990,4069,425,6.45
2046,2125,425,6.46
4074,4155,425,8.58
4075,4155,425,6.96
1965,1964,426,6.97
4071,4151,426,6.96
1885,1964,426,6.47
4072,4151,426,6.45
1565,1564,427,6.96
1645,1564,427,8.58
4075,4156,427,8.58
4076,4156,427,6.96
927,846,428,7.28
1485,1484,429,6.96
1565,1484,429,8.58
453,452,429,5.16
534,613,429,4.79
4076,4157,429,8.58
4077,4157,429,6.96
1086,1085,430,5.92
1166,1085,430,7.3
4078,4158,431,6.96
3906,3986,431,6.96
1405,1404,431,6.96
1485,1404,431,8.58
3907,3986,431,6.45
2367,2366,431,6.95
2287,2366,431,6.45
4077,4158,431,8.58
2206,2205,432,6.95
3988,4068,432,6.96
373,372,432,5.16
3989,4068,432,6.45
2126,2205,432,6.45
453,372,432,6.36
4079,4159,433,6.96
4070,4150,433,6.96
2045,2044,433,6.97
4078,4159,433,8.57
1006,1005,433,5.92
1405,1324,433,8.58
1086,1005,433,7.29
1965,2044,433,6.47
4071,4150,433,6.45
1884,1883,434,6.97
4152,4232,434,6.95
4079,4160,435,8.57
4080,4160,435,6.96
293,292,435,5.17
373,292,435,6.36
1804,1803,436,6.96
4153,4233,436,6.96
1884,1803,436,8.58
4152,4233,436,8.57
926,925,436,5.92
1006,925,436,7.29
1245,1244,437,5.92
4154,4234,438,6.96
1804,1723,438,8.58
4153,4234,438,8.57
133,132,438,5.91
2447,2527,438,6.95
2447,2446,438,6.95
3906,3985,438,6.46
293,212,438,6.36
213,212,438,5.17
2367,2446,438,6.44
3017,3018,438,1.1
2286,2285,439,6.96
926,845,439,7.29
533,532,439,5.17
2206,2285,439,6.45
3988,4067,439,6.45
453,532,439,4.79
1096,1016,439,1.11
619,618,439,0.69
4069,4149,440,6.96
1644,1643,440,6.97
2125,2124,440,6.96
4155,4235,440,6.96
4154,4235,440,8.57
1245,1164,440,7.29
2447,2528,440,8.56
4070,4149,440,6.45
2045,2124,440,6.47
1964,1963,441,6.97
4151,4231,441,6.96
53,52,441,5.91
133,52,441,7.29
1884,1963,441,6.46
4152,4231,441,6.45
1564,1563,442,6.96
4156,4236,442,6.96
1644,1563,442,8.59
4155,4236,442,8.57
1484,1483,444,6.96
1564,1483,444,8.58
4156,4237,444,8.57
4157,4237,444,6.96
1165,1084,445,7.29
2447,2526,445,6.44
1404,1403,446,6.97
4158,4238,446,6.96
1484,1403,446,8.58
2286,2365,446,6.45
2366,2365,446,6.96
4157,4238,446,8.57
4068,4148,447,6.96
2205,2204,447,6.96
4069,4148,447,6.45
2125,2204,447,6.46
2044,2043,448,6.96
4150,4230,448,6.95
4159,4239,448,6.96
1404,1323,448,8.58
4158,4239,448,8.57
1964,2043,448,6.46
4151,4230,448,6.45
1883,1882,449,6.98
4232,4312,449,6.95
613,693,449,5.17
613,612,449,5.17
452,451,449,5.17
533,612,449,4.79
1005,1004,450,5.91
4159,4240,450,8.57
1085,1004,450,7.29
4160,4240,450,6.96
1803,1802,451,6.98
4233,4313,451,6.96
1883,1802,451,8.6
4232,4313,451,8.57
372,371,452,5.17
613,694,452,6.37
452,371,452,6.37
4234,4314,453,6.96
1803,1722,453,8.59
4233,4314,453,8.57
1324,1243,453,7.29
1005,924,453,7.28
2527,2607,453,6.95
2446,2445,453,6.96
2366,2445,453,6.45
2285,2284,454,6.96
4068,4147,454,6.45
2205,2284,454,6.46
1095,1015,454,1.11
4235,4315,455,6.96
4149,4229,455,6.96
1643,1642,455,6.97
2124,2123,455,6.96
4234,4315,455,8.57
132,131,455,5.91
2044,2123,455,6.46
2527,2608,455,8.56
4150,4229,455,6.45
372,291,455,6.37
292,291,455,5.17
4231,4311,456,6.96
1883,1962,456,6.47
4232,4311,456,6.45
1963,1962,456,6.98
1563,1562,457,6.96
4236,4316,457,6.96
4235,4316,457,8.57
1164,1163,457,5.92
1643,1562,457,8.58
1244,1163,457,7.29
52,51,458,5.91
212,211,458,5.17
132,51,458,7.28
292,211,458,6.37
1483,1482,459,6.95
1563,1482,459,8.58
4236,4317,459,8.57
532,531,459,5.17
613,692,459,4.8
452,531,459,4.79
4237,4317,459,6.96
1164,1083,460,7.29
2527,2606,460,6.44
2446,2525,460,6.45
939,859,460,1.11
940,859,460,0.85
2365,2364,461,6.96
4238,4318,461,6.96
1483,1402,461,8.57
2285,2364,461,6.46
3096,3097,461,1.1
4237,4318,461,8.57
4148,4228,462,6.95
2204,2203,462,6.96
4149,4228,462,6.45
2124,2203,462,6.46
846,766,462,2.97
2773,2693,462,1.1
3099,3098,462,0.69
4230,4310,463,6.95
4238,4319,463,8.57
4231,4310,463,6.45
4239,4319,463,6.96
2043,2042,463,6.96
1963,2042,463,6.47
1882,1881,464,6.96
4312,4392,464,6.95
4240,4320,465,6.96
1323,1322,465,5.92
1084,1003,465,7.29
4239,4320,465,8.57
4313,4393,466,6.96
1882,1801,466,8.58
4312,4393,466,8.57
4314,4394,468,6.95
4313,4394,468,8.57
1323,1242,468,7.29
2365,2444,468,6.46
2445,2444,468,6.96
2284,2283,469,6.95
4148,4227,469,6.45
2204,2283,469,6.46
451,450,469,5.17
532,611,469,4.8
4315,4395,470,6.96
4229,4309,470,6.95
1722,1721,470,5.92
4314,4395,470,8.57
1004,923,470,7.3
4230,4309,470,6.45
846,767,470,3.39
2123,2122,470,6.96
2043,2122,470,6.46
4311,4391,471,6.95
1882,1961,471,6.46
4312,4391,471,6.45
1962,1961,471,6.96
4316,4396,472,6.96
1562,1561,472,6.97
131,130,472,5.9
4315,4396,472,8.57
1642,1641,472,5.92
371,370,472,5.17
451,370,472,6.36
2534,2533,472,0.69
1243,1162,473,7.29
845,765,473,2.97
4316,4397,474,8.57
1562,1481,474,8.59
1010,930,474,1.11
1010,1011,474,1.11
4317,4397,474,6.96
51,50,475,5.91
131,50,475,7.27
291,290,475,5.17
371,290,475,6.37
2445,2524,475,6.45
3176,3177,475,1.1
4318,4398,476,6.96
2284,2363,476,6.45
2364,2363,476,6.96
4317,4398,476,8.57
4228,4308,477,6.96
2203,2202,477,6.96
1083,1082,477,5.91
1163,1082,477,7.29
4229,4308,477,6.45
2123,2202,477,6.45
3179,3178,477,0.69
4310,4390,478,6.95
2042,2041,478,6.95
1402,1401,478,5.92
4318,4399,478,8.57
211,210,478,5.17
4311,4390,478,6.45
291,210,478,6.37
4319,4399,478,6.96
1962,2041,478,6.46
1881,1880,479,6.96
4392,4472,479,6.96
531,530,479,5.17
451,530,479,4.79
4320,4400,480,6.96
1083,1002,480,7.29
4319,4400,480,8.58
4393,4473,481,6.96
1881,1800,481,8.58
4392,4473,481,8.57
1402,1321,481,7.29
4394,4474,483,6.95
4393,4474,483,8.57
2364,2443,483,6.45
4227,4307,484,6.96
4227,4226,484,6.96
2283,2282,484,6.94
4228,4307,484,6.45
2203,2282,484,6.45
4395,4475,485,6.96
4309,4389,485,6.96
1242,1241,485,5.91
4394,4475,485,8.57
1322,1241,485,7.29
1003,922,485,7.29
4310,4389,485,6.45
2042,2121,485,6.45
2122,2121,485,6.95
537,617,485,0.69
4391,4471,486,6.96
4227,4146,486,8.57
1801,1720,486,7.29
1881,1960,486,6.46
4392,4471,486,6.45
1961,1960,486,6.96
4395,4476,487,8.58
924,844,487,2.97
4396,4476,487,6.96
1242,1161,488,7.29
1017,937,488,1.11
2614,2613,488,0.69
1018,937,488,0.85
4397,4477,489,6.96
1561,1560,489,5.92
130,129,489,5.91
1641,1640,489,5.92
611,691,489,5.17
611,610,489,5.17
531,610,489,4.79
4396,4477,489,8.57
450,449,489,5.16
1481,1480,491,5.91
4397,4478,491,8.57
4227,4306,491,6.45
2283,2362,491,6.44
4398,4478,491,6.96
2363,2362,491,6.95
4308,4388,492,6.96
50,49,492,5.91
130,49,492,7.28
4309,4388,492,6.46
2122,2201,492,6.45
2202,2201,492,6.94
3259,3258,492,0.69
450,369,492,6.36
370,369,492,5.16
4390,4470,493,6.96
2041,2040,493,6.95
1162,1081,493,7.28
4391,4470,493,6.45
4398,4479,493,8.57
4399,4479,493,6.96
929,849,493,1.11
1961,2040,493,6.45
1880,1879,494,6.95
4472,4552,494,6.96
1481,1400,494,7.28
4400,4480,495,6.96
290,289,495,5.17
4399,4480,495,8.58
2452,2532,495,0.69
370,289,495,6.36
1800,1799,496,6.96
4473,4553,496,6.95
1880,1799,496,8.57
4472,4553,496,8.57
766,686,496,2.96
1010,931,496,1.26
1002,1001,497,5.91
1082,1001,497,7.28
4474,4554,498,6.95
2443,2523,498,6.95
2443,2442,498,6.95
1800,1719,498,8.57
4473,4554,498,8.57
1321,1320,498,5.92
1401,1320,498,7.29
210,209,498,5.17
290,209,498,6.37
130,209,498,5.48
2363,2442,498,6.45
1093,1013,498,1.11
4226,4225,499,6.95
4307,4387,499,6.96
4308,4387,499,6.46
611,690,499,4.79
2282,2281,499,6.94
2202,2281,499,6.44
450,529,499,4.79
530,529,499,5.17
4389,4469,500,6.96
4475,4555,500,6.96
2121,2120,500,6.95
4474,4555,500,8.57
1002,921,500,7.29
4390,4469,500,6.45
2041,2120,500,6.44
4471,4551,501,6.96
4226,4145,501,8.57
1321,1240,501,7.29
1880,1959,501,6.45
4472,4551,501,6.45
1094,1014,501,1.11
1960,1959,501,6.95
4475,4556,502,8.57
845,764,502,2.28
938,858,502,1.11
4476,4556,502,6.96
4477,4557,504,6.96
923,843,504,2.97
767,687,504,2.96
767,768,504,2.96
766,687,504,3.39
4476,4557,504,8.57
1161,1160,505,5.91
1241,1160,505,7.29
2443,2522,505,6.45
4306,4386,506,6.95
4306,4305,506,6.95
1560,1559,506,5.92
1640,1639,506,5.92
4478,4558,506,6.96
129,128,506,5.9
4477,4558,506,8.57
1720,1639,506,7.29
4226,4305,506,6.45
4307,4386,506,6.45
2362,2361,506,6.95
2282,2361,506,6.44
1092,1012,506,1.11
4388,4468,507,6.96
2201,2200,507,6.95
4389,4468,507,6.46
2121,2200,507,6.45
765,685,507,2.97
3339,3338,507,0.69
4470,4550,508,6.96
2040,2039,508,6.94
4478,4559,508,8.57
1161,1080,508,7.29
4471,4550,508,6.45
4479,4559,508,6.96
1960,2039,508,6.45
1480,1479,508,5.91
1879,1878,509,6.95
49,48,509,5.91
129,48,509,7.27
449,448,509,5.16
610,609,509,5.17
4552,4632,509,6.96
3745,3665,509,1.11
530,609,509,4.79
4479,4560,510,8.57
4480,4560,510,6.96
2449,2450,510,1.1
2451,2531,510,0.69
2451,2450,510,0.69
1799,1798,511,6.95
1879,1798,511,8.57
4552,4633,511,8.57
4553,4633,511,6.95
1400,1399,511,5.92
1480,1399,511,7.28
449,368,512,6.36
369,368,512,5.16
767,688,512,3.39
1719,1718,513,6.96
2442,2441,513,6.96
1799,1718,513,8.57
1081,1000,513,7.29
4306,4385,513,6.45
2523,2603,513,6.95
4554,4634,513,6.95
4553,4634,513,8.57
2362,2441,513,6.45
4225,4224,514,6.96
4387,4467,514,6.96
2281,2280,514,6.96
4388,4467,514,6.46
2201,2280,514,6.44
1400,1319,514,7.29
4555,4635,515,6.96
4469,4549,515,6.96
2120,2119,515,6.95
1719,1638,515,8.58
4470,4549,515,6.45
2040,2119,515,6.44
129,208,515,5.47
2523,2604,515,8.57
369,288,515,6.36
4554,4635,515,8.57
929,850,515,1.26
2853,2852,515,0.69
289,288,515,5.16
4551,4631,516,6.96
4225,4144,516,8.57
1879,1958,516,6.45
4552,4631,516,6.45
1959,1958,516,6.95
3584,3664,516,0.69
619,698,516,0.64
687,607,517,8.29
4555,4636,517,8.57
1001,920,517,7.29
4556,4636,517,6.96
2773,2772,517,0.69
1320,1239,518,7.29
1240,1239,518,5.92
687,608,519,9.48
4557,4637,519,6.96
449,528,519,4.79
922,842,519,2.96
610,689,519,4.8
529,528,519,5.17
4556,4637,519,8.57
2522,2602,520,6.95
2522,2521,520,6.95
2442,2521,520,6.46
2523,2602,520,6.45
4386,4466,521,6.96
4305,4304,521,6.96
4558,4638,521,6.96
2361,2360,521,6.96
4557,4638,521,8.57
4225,4304,521,6.45
4387,4466,521,6.45
2281,2360,521,6.45
1240,1159,521,7.29
3419,3499,521,0.69
3419,3418,521,0.69
2200,2199,522,6.95
4468,4548,522,6.97
4469,4548,522,6.46
2120,2199,522,6.44
2933,2932,522,0.69
4550,4630,523,6.96
4559,4639,523,6.96
2039,2038,523,6.95
1559,1558,523,5.91
128,127,523,5.91
4558,4639,523,8.57
4551,4630,523,6.45
1959,2038,523,6.45
3583,3663,523,0.69
4632,4712,524,6.96
4560,4640,525,6.96
1080,1079,525,5.92
4559,4640,525,8.58
1479,1478,525,5.91
1160,1079,525,7.29
1798,1797,526,6.95
4633,4713,526,6.95
448,447,526,5.9
48,47,526,5.91
4632,4713,526,8.57
128,47,526,7.28
1878,1877,526,5.9
687,606,527,6.37
2522,2601,527,6.45
4385,4465,528,6.96
4385,4384,528,6.96
1718,1717,528,6.96
4634,4714,528,6.95
2441,2440,528,6.96
1798,1717,528,8.57
4633,4714,528,8.57
1080,999,528,7.29
4386,4465,528,6.45
4305,4384,528,6.45
2361,2440,528,6.45
1399,1398,528,5.91
1479,1398,528,7.28
3175,3255,528,0.69
4224,4223,529,6.95
4467,4547,529,6.96
2280,2279,529,6.95
448,367,529,7.27
2200,2279,529,6.44
4468,4547,529,6.46
368,367,529,5.9
3500,3580,529,0.69
3013,3012,529,0.69
607,527,530,8.29
4549,4629,530,6.97
2119,2118,530,6.95
1718,1637,530,8.58
4634,4715,530,8.56
4550,4629,530,6.46
2039,2118,530,6.45
1016,936,530,1.11
4635,4715,530,6.95
3582,3662,530,0.69
4224,4143,531,8.57
1319,1318,531,5.91
4632,4711,531,6.45
1399,1318,531,7.29
4631,4711,531,6.96
3176,3256,531,0.69
288,287,532,5.9
128,207,532,5.48
368,287,532,7.27
2528,2529,532,1.1
4635,4716,532,8.57
4636,4716,532,6.96
1000,919,533,7.29
1958,1957,533,5.91
4637,4717,534,6.96
1319,1238,534,7.28
921,841,534,2.96
4636,4717,534,8.57
2521,2520,535,6.96
1638,1557,535,7.29
4385,4464,535,6.46
2441,2520,535,6.45
688,769,535,6.37
2602,2682,535,6.95
848,769,535,1.26
3174,3254,535,0.69
4638,4718,536,6.96
4304,4303,536,6.95
4466,4546,536,6.96
2360,2359,536,6.96
4637,4718,536,8.57
4224,4303,536,6.45
4467,4546,536,6.45
2280,2359,536,6.45
764,684,536,2.96
765,684,536,2.28
3093,3092,536,0.69
4548,4628,537,6.96
2199,2198,537,6.95
4549,4628,537,6.46
2119,2198,537,6.45
2602,2683,537,8.57
3581,3661,537,0.69
4639,4719,538,6.96
2038,2037,538,6.95
4638,4719,538,8.58
1239,1158,538,7.29
4630,4710,538,6.96
843,763,538,2.97
4631,4710,538,6.46
1159,1158,538,5.91
2773,2692,538,0.85
4712,4792,539,6.96
4640,4720,540,6.96
4639,4720,540,8.58
127,126,540,5.9
607,526,540,6.37
1797,1796,541,6.95
4713,4793,541,6.96
4712,4793,541,8.57
685,605,541,2.96
1159,1078,541,7.29
2521,2600,542,6.45
2601,2681,542,6.96
2601,2600,542,6.96
2602,2681,542,6.45
1478,1477,542,5.92
3173,3253,542,0.69
3173,3172,542,0.69
1717,1716,543,6.96
4384,4383,543,6.96
4714,4794,543,6.95
4465,4545,543,6.96
2440,2439,543,6.96
1797,1716,543,8.57
4713,4794,543,8.57
447,446,543,5.9
47,46,543,5.91
127,46,543,7.27
4304,4383,543,6.45
4466,4545,543,6.46
2360,2439,543,6.45
694,695,543,1.11
1877,1876,543,5.9
2279,2278,544,6.96
4547,4627,544,6.96
4548,4627,544,6.46
2199,2278,544,6.45
2118,2117,545,6.95
4715,4795,545,6.95
1717,1636,545,8.58
4714,4795,545,8.57
1398,1397,545,5.92
1079,998,545,7.29
2038,2117,545,6.45
4629,4709,545,6.96
4630,4709,545,6.46
1478,1397,545,7.29
1015,935,545,1.11
4711,4791,546,6.96
447,366,546,7.27
4712,4791,546,6.46
367,366,546,5.9
4715,4796,547,8.57
2608,2609,547,1.1
4716,4796,547,6.96
1318,1317,548,5.91
1398,1317,548,7.29
616,696,548,0.69
207,206,549,5.9
127,206,549,5.48
2601,2680,549,6.46
367,286,549,7.27
4717,4797,549,6.96
4716,4797,549,8.57
287,286,549,5.9
4464,4544,550,6.96
4464,4463,550,6.96
2520,2519,550,6.97
1637,1556,550,7.29
1957,1956,550,5.91
4384,4463,550,6.46
4465,4544,550,6.46
2440,2519,550,6.45
779,778,550,0.69
4546,4626,551,6.96
2359,2358,551,6.96
1238,1237,551,5.92
1318,1237,551,7.28
2279,2358,551,6.46
4547,4626,551,6.45
920,840,551,2.97
4718,4798,551,6.96
4717,4798,551,8.57
2198,2197,552,6.96
4628,4708,552,6.96
2118,2197,552,6.45
4629,4708,552,6.46
3176,3257,552,0.85
4719,4799,553,6.96
4710,4790,553,6.97
4711,4790,553,6.46
842,762,553,2.97
4718,4799,553,8.58
4792,4872,554,6.96
1238,1157,554,7.29
4720,4800,555,6.96
2037,2036,555,5.91
4719,4800,555,8.58
1557,1476,555,7.28
4793,4873,556,6.96
4792,4873,556,8.58
1796,1795,556,6.96
126,125,557,5.9
4464,4543,557,6.45
2520,2599,557,6.46
2600,2599,557,6.96
2681,2761,557,6.96
2439,2438,558,6.97
4545,4625,558,6.96
4794,4874,558,6.96
4383,4382,558,6.96
1716,1715,558,6.96
4793,4874,558,8.58
1078,1077,558,5.92
4546,4625,558,6.46
2359,2438,558,6.46
1158,1077,558,7.29
1796,1715,558,8.57
4627,4707,559,6.96
2278,2277,559,6.97
2198,2277,559,6.46
4628,4707,559,6.46
2681,2762,559,8.58
2117,2116,560,6.96
4709,4789,560,6.96
46,45,560,5.91
4794,4875,560,8.57
4383,4302,560,8.57
1716,1635,560,8.57
446,445,560,5.9
4795,4875,560,6.95
126,45,560,7.27
526,525,560,5.17
4710,4789,560,6.46
1876,1875,560,5.91
4791,4871,561,6.96
1078,997,561,7.29
4792,4871,561,6.46
1397,1396,562,5.92
4795,4876,562,8.57
1477,1396,562,7.29
3825,3824,562,0.69
4796,4876,562,6.96
366,365,563,5.9
446,365,563,7.28
4797,4877,564,6.96
2680,2760,564,6.96
2680,2679,564,6.96
2600,2679,564,6.46
2681,2760,564,6.46
3745,3744,564,0.69
4796,4877,564,8.57
4463,4462,565,6.95
4544,4624,565,6.96
2519,2518,565,6.98
1317,1316,565,5.91
1397,1316,565,7.29
1636,1555,565,7.29
2439,2518,565,6.46
4545,4624,565,6.46
4383,4462,565,6.45
764,683,565,2.28
2358,2357,566,6.97
4626,4706,566,6.96
206,205,566,5.9
4797,4878,566,8.57
366,285,566,7.27
4627,4706,566,6.45
2278,2357,566,6.46
126,205,566,5.48
286,285,566,5.9
4798,4878,566,6.96
4708,4788,567,6.96
1956,1955,567,5.91
2117,2196,567,6.46
4709,4788,567,6.46
919,839,567,2.97
4790,4870,568,6.97
1237,1236,568,5.91
1317,1236,568,7.28
4791,4870,568,6.46
841,761,568,2.96
4799,4879,568,6.96
4798,4879,568,8.58
4872,4952,569,6.96
3905,3904,569,0.69
684,604,570,2.97
685,604,570,2.28
4800,4880,570,6.96
616,697,570,0.85
4799,4880,570,8.58
1556,1475,570,7.28
4873,4953,571,6.96
4872,4953,571,8.58
1237,1156,571,7.28
2680,2759,571,6.46
1795,1794,571,6.96
1157,1156,571,5.91
997,917,572,9.5
4543,4623,572,6.95
4543,4542,572,6.95
2599,2598,572,6.96
2761,2841,572,6.96
2036,2035,572,5.91
4463,4542,572,6.45
4544,4623,572,6.45
2519,2598,572,6.47
4302,4222,573,8.3
4874,4954,573,6.96
4625,4705,573,6.96
2438,2437,573,6.97
4873,4954,573,8.58
2358,2437,573,6.46
4626,4705,573,6.46
1795,1714,573,8.57
125,124,574,5.9
2761,2842,574,8.57
4708,4787,574,6.45
4707,4787,574,6.96
1157,1076,574,7.29
997,918,575,10.86
4875,4955,575,6.95
4789,4869,575,6.96
4874,4955,575,8.58
4790,4869,575,6.46
1476,1395,575,7.29
4871,4951,576,6.96
2277,2276,576,5.92
4872,4951,576,6.46
4875,4956,577,8.57
1875,1874,577,5.91
45,44,577,5.91
125,44,577,7.27
4876,4956,577,6.96
4146,4066,577,1.11
3986,4066,577,0.69
1635,1634,577,5.91
997,996,578,5.92
4382,4381,578,5.17
1077,996,578,7.29
2679,2678,579,6.96
4543,4622,579,6.45
2599,2678,579,6.46
2761,2840,579,6.45
4876,4957,579,8.57
4877,4957,579,6.96
937,857,579,1.11
938,857,579,0.85
2518,2517,580,6.97
4624,4704,580,6.96
4462,4461,580,6.96
4302,4301,580,5.17
525,524,580,5.17
4625,4704,580,6.45
2438,2517,580,6.47
445,444,580,5.17
365,364,580,5.91
1635,1554,580,7.29
997,916,581,7.29
2036,2115,581,5.48
4877,4958,581,8.57
4706,4786,581,6.96
4878,4958,581,6.96
4707,4786,581,6.45
4788,4868,582,6.96
1316,1315,582,5.91
1396,1315,582,7.29
4789,4868,582,6.45
4870,4950,583,6.96
2357,2356,583,5.92
205,204,583,5.9
4871,4950,583,6.46
4302,4221,583,6.37
125,204,583,5.47
365,284,583,7.28
4879,4959,583,6.96
4878,4959,583,8.58
285,284,583,5.91
4952,5032,584,6.96
2196,2195,584,5.91
3985,4065,584,0.69
3985,3984,584,0.69
1316,1235,585,7.29
4880,4960,585,6.96
840,760,585,2.97
1236,1235,585,5.91
4879,4960,585,8.58
1555,1474,585,7.29
4953,5033,586,6.96
4952,5033,586,8.58
2679,2758,586,6.46
1875,1954,586,5.48
2449,2530,586,0.85
2451,2530,586,0.64
2841,2921,587,6.97
4542,4541,587,6.96
4623,4703,587,6.95
2598,2597,587,6.96
2518,2597,587,6.47
4624,4703,587,6.45
4462,4541,587,6.45
762,682,587,2.97
931,851,587,1.11
931,932,587,1.11
930,851,587,1.26
1011,932,587,1.26
4954,5034,588,6.96
4705,4785,588,6.96
4953,5034,588,8.58
1794,1793,588,5.91
1156,1155,588,5.92
1236,1155,588,7.28
4706,4785,588,6.45
4787,4867,589,6.96
2841,2922,589,8.58
4788,4867,589,6.45
1013,933,589,1.11
4955,5035,590,6.96
4869,4949,590,6.96
4954,5035,590,8.58
2437,2436,590,5.92
1714,1713,590,5.9
1475,1394,590,7.29
4870,4949,590,6.46
124,123,591,5.91
1076,1075,591,5.92
1156,1075,591,7.29
4952,5031,591,6.46
916,836,592,9.49
4956,5036,592,6.96
4955,5036,592,8.57
1014,934,592,1.11
2276,2275,593,5.91
1714,1633,593,7.27
2196,2275,593,5.48
4622,4702,594,6.96
4622,4621,594,6.96
2678,2677,594,6.96
2840,2920,594,6.97
2840,2839,594,6.97
4957,5037,594,6.96
1874,1873,594,5.91
44,43,594,5.91
4956,5037,594,8.57
124,43,594,7.28
1076,995,594,7.29
2841,2920,594,6.46
4542,4621,594,6.45
4623,4702,594,6.45
2598,2677,594,6.46
916,837,595,10.85
4461,4460,595,6.96
2517,2516,595,6.97
1395,1314,595,7.29
4705,4784,595,6.45
4704,4784,595,6.95
693,773,595,0.69
4958,5038,596,6.96
4786,4866,596,6.96
4957,5038,596,8.57
4787,4866,596,6.45
4221,4141,596,8.29
919,838,596,2.28
4868,4948,597,6.96
4461,4380,597,8.57
364,363,597,5.9
4869,4948,597,6.45
2035,2034,597,4.06
1634,1553,597,7.28
1554,1553,597,5.91
4959,5039,598,6.96
916,915,598,5.92
4958,5039,598,8.58
996,915,598,7.3
4221,4142,598,9.48
694,774,598,0.69
3419,3498,598,0.64
683,603,599,2.97
684,603,599,2.28
