4111,4031,8,11.17
4111,4112,8,11.17
4111,4032,11,12.77
4111,4191,14,6.96
4111,4110,14,6.96
4111,4030,16,8.57
4111,4192,16,8.57
4031,3951,17,11.16
4032,3952,20,11.17
4032,4033,20,11.17
4031,3952,20,12.76
4111,4190,21,6.45
4032,3953,23,12.77
4030,3950,25,11.17
4112,4113,25,5.93
4031,3950,25,8.57
3951,3871,26,11.16
3952,3872,29,11.16
3951,3872,29,12.76
4110,4109,29,6.96
4030,4029,31,6.96
4110,4029,31,8.58
3953,3873,32,11.17
3953,3954,32,11.17
3952,3873,32,12.76
4192,4193,33,5.93
4030,3949,33,8.57
3950,3870,34,11.16
3951,3870,34,8.57
3871,3791,35,11.16
3953,3874,35,12.77
4190,4270,36,6.96
4190,4189,36,6.96
4110,4189,36,6.46
4033,4034,37,5.92
3872,3792,38,11.17
3871,3792,38,12.76
4190,4271,38,8.57
3954,3955,41,11.17
3873,3793,41,11.17
3872,3793,41,12.77
3949,3869,42,11.16
4113,4114,42,5.93
3950,3869,42,8.57
3870,3790,43,11.16
3871,3790,43,8.57
4190,4269,43,6.45
3791,3711,44,11.17
3874,3794,44,11.17
3874,3875,44,11.17
3954,3875,44,12.77
3873,3794,44,12.77
4109,4108,44,6.96
4192,4272,44,3.69
4029,4028,46,6.96
4109,4028,46,8.57
3792,3712,47,11.18
3791,3712,47,12.77
3874,3795,47,12.77
3949,3948,48,6.95
4029,3948,48,8.57
4192,4273,48,4.55
3954,4035,49,8.57
3955,3956,50,11.17
3793,3713,50,11.18
3792,3713,50,12.78
4193,4194,50,5.93
3949,3868,50,8.57
3869,3789,51,11.16
4189,4188,51,6.96
3870,3789,51,8.57
4109,4188,51,6.45
3790,3710,52,11.17
3791,3710,52,8.58
3711,3631,53,11.19
3875,3876,53,11.17
3794,3714,53,11.18
3955,3876,53,12.77
3793,3714,53,12.78
3712,3632,56,11.19
3795,3715,56,11.17
3795,3796,56,11.17
3711,3632,56,12.79
3875,3796,56,12.77
3794,3715,56,12.78
4269,4349,58,6.95
4269,4268,58,6.95
3955,4036,58,8.58
4189,4268,58,6.45
3956,3957,59,11.17
3868,3788,59,11.17
3713,3633,59,11.19
3712,3633,59,12.79
3795,3716,59,12.77
4108,4107,59,6.96
4114,4115,59,5.92
3869,3788,59,8.56
3789,3709,60,11.16
3790,3709,60,8.57
4269,4350,60,8.57
3710,3630,61,11.18
4028,4027,61,6.96
3711,3630,61,8.59
4108,4027,61,8.57
3631,3551,62,11.19
3876,3877,62,11.17
3714,3634,62,11.18
3956,3877,62,12.77
3713,3634,62,12.79
3948,3947,63,6.96
4028,3947,63,8.57
3632,3552,65,11.19
3796,3797,65,11.17
3715,3635,65,11.17
3631,3552,65,12.79
3876,3797,65,12.77
3714,3635,65,12.78
3868,3867,65,6.96
3948,3867,65,8.57
4273,4274,65,5.92
4269,4348,65,6.45
4193,4274,65,4.55
4188,4187,66,6.96
4108,4187,66,6.45
4271,4351,66,3.69
3956,4037,67,8.58
3868,3787,67,8.57
4194,4195,67,5.92
3633,3553,68,11.17
3957,3958,68,11.17
3788,3708,68,11.17
3716,3636,68,11.17
3716,3717,68,11.17
3632,3553,68,12.79
3796,3717,68,12.77
3715,3636,68,12.77
3789,3708,68,8.57
3709,3629,69,11.18
3710,3629,69,8.59
3630,3550,70,11.19
3631,3550,70,8.59
4271,4352,70,4.55
3551,3471,71,11.18
3877,3878,71,11.17
3634,3554,71,11.16
3633,3554,71,12.78
3957,3878,71,12.77
3716,3637,71,12.77
4349,4429,73,6.96
4268,4267,73,6.96
4188,4267,73,6.45
3552,3472,74,11.17
3797,3798,74,11.18
3635,3555,74,11.16
3551,3472,74,12.78
3877,3798,74,12.77
3634,3555,74,12.76
4107,4106,74,6.96
4350,4430,75,6.96
4349,4430,75,8.57
4037,4038,76,11.17
3787,3707,76,11.17
4027,4026,76,6.96
3957,4038,76,8.58
3788,3707,76,8.57
4107,4026,76,8.57
4115,4116,76,5.92
4273,4353,76,3.69
4272,4353,76,4.55
3958,3959,77,11.17
3708,3628,77,11.17
3553,3473,77,11.17
3717,3718,77,11.18
3636,3556,77,11.17
3552,3473,77,12.77
3797,3718,77,12.78
3635,3556,77,12.76
3709,3628,77,8.58
4350,4431,77,8.57
3629,3549,78,11.19
3947,3946,78,6.96
3630,3549,78,8.59
4027,3946,78,8.57
3550,3470,79,11.19
3551,3470,79,8.58
3471,3391,80,11.17
3554,3474,80,11.17
3878,3879,80,11.17
3637,3557,80,11.18
3637,3638,80,11.18
3958,3879,80,12.77
3553,3474,80,12.77
3717,3638,80,12.79
3636,3557,80,12.77
4348,4428,80,6.96
4348,4347,80,6.96
3867,3866,80,6.96
3947,3866,80,8.57
4349,4428,80,6.45
4268,4347,80,6.45
4273,4354,80,4.55
4187,4186,81,6.96
4107,4186,81,6.45
4037,4117,82,6.96
3787,3786,82,6.96
3867,3786,82,8.57
4274,4275,82,5.92
4194,4275,82,4.55
3798,3799,83,11.18
3472,3392,83,11.17
3555,3475,83,11.16
3471,3392,83,12.77
3554,3475,83,12.77
3878,3799,83,12.77
3637,3558,83,12.79
4037,4118,84,8.57
3787,3706,84,8.57
4195,4196,84,5.92
4038,4039,85,11.17
3707,3627,85,11.17
3958,4039,85,8.58
3708,3627,85,8.58
3473,3393,86,11.17
3628,3548,86,11.18
3718,3719,86,11.18
3959,3960,86,11.17
3556,3476,86,11.18
3798,3719,86,12.78
3472,3393,86,12.77
3555,3476,86,12.76
3629,3548,86,8.59
3549,3469,87,11.19
3550,3469,87,8.59
4348,4427,87,6.46
3470,3390,88,11.18
4267,4266,88,6.96
3471,3390,88,8.57
4187,4266,88,6.45
3557,3477,89,11.19
3879,3880,89,11.17
3474,3394,89,11.15
3638,3639,89,11.19
3391,3311,89,11.18
3473,3394,89,12.77
3718,3639,89,12.78
3959,3880,89,12.77
3556,3477,89,12.78
4106,4105,89,6.96
4026,4025,91,6.96
4106,4025,91,8.57
3392,3312,92,11.18
3475,3395,92,11.16
3799,3800,92,11.18
3558,3478,92,11.2
3558,3559,92,11.2
3557,3478,92,12.79
3879,3800,92,12.77
3474,3395,92,12.75
3638,3559,92,12.79
3391,3312,92,12.78
3706,3626,93,11.17
4118,4119,93,11.17
3946,3945,93,6.96
4038,4119,93,8.58
3707,3626,93,8.57
4026,3945,93,8.57
4039,4040,94,11.17
3627,3547,94,11.17
3628,3547,94,8.58
3959,4040,94,8.58
4431,4432,94,5.93
3548,3468,95,11.18
3393,3313,95,11.17
3719,3720,95,11.18
3960,3961,95,11.17
3476,3396,95,11.18
3392,3313,95,12.78
3475,3396,95,12.76
3799,3720,95,12.78
3558,3479,95,12.8
4428,4508,95,6.96
3866,3865,95,6.96
4347,4346,95,6.96
3549,3468,95,8.59
3946,3865,95,8.57
4267,4346,95,6.45
3469,3389,96,11.18
4186,4185,96,6.96
3470,3389,96,8.58
4106,4185,96,6.45
3390,3310,97,11.18
4117,4197,97,6.96
3786,3785,97,6.96
4354,4355,97,5.92
4428,4509,97,8.57
3866,3785,97,8.58
3391,3310,97,8.58
4274,4355,97,4.55
3311,3231,98,11.19
3394,3314,98,11.15
3639,3640,98,11.19
3880,3881,98,11.17
3477,3397,98,11.19
3393,3314,98,12.77
3719,3640,98,12.78
3960,3881,98,12.77
3476,3397,98,12.79
3706,3705,99,6.96
4118,4198,99,6.96
4117,4198,99,8.57
3786,3705,99,8.58
4275,4276,99,5.92
4195,4276,99,4.55
3395,3315,101,11.16
3478,3398,101,11.2
3800,3801,101,11.18
3559,3560,101,11.18
3312,3232,101,11.18
3311,3232,101,12.79
3394,3315,101,12.75
3639,3560,101,12.79
3880,3801,101,12.77
3477,3398,101,12.79
3706,3625,101,8.58
4118,4199,101,8.57
4119,4120,102,11.17
3626,3546,102,11.18
4427,4507,102,6.95
4427,4426,102,6.95
4039,4120,102,8.58
3627,3546,102,8.58
4428,4507,102,6.45
4347,4426,102,6.45
4429,4510,102,5
4352,4433,102,4.55
3547,3467,103,11.17
4040,4041,103,11.17
4266,4265,103,6.96
3548,3467,103,8.58
3960,4041,103,8.58
4186,4265,103,6.45
3396,3316,104,11.19
3961,3962,104,11.17
3720,3721,104,11.18
3313,3233,104,11.17
3468,3388,104,11.18
3395,3316,104,12.76
3478,3399,104,12.81
3800,3721,104,12.79
3559,3480,104,12.79
3312,3233,104,12.78
4105,4104,104,6.96
3469,3388,104,8.59
3389,3309,105,11.18
3390,3309,105,8.58
4431,4511,105,3.69
4355,4356,106,11.16
3310,3230,106,11.18
4025,4024,106,6.96
3311,3230,106,8.59
4105,4024,106,8.57
3314,3234,107,11.15
3231,3151,107,11.19
3881,3882,107,11.17
3397,3317,107,11.2
3396,3317,107,12.79
3961,3882,107,12.77
3720,3641,107,12.79
3313,3234,107,12.77
3945,3944,108,6.96
4025,3944,108,8.58
4354,4434,108,3.69
4353,4434,108,4.55
4432,4512,109,6.95
4427,4506,109,6.45
4431,4512,109,4.55
3232,3152,110,11.17
4199,4200,110,11.17
3315,3235,110,11.16
3625,3545,110,11.19
3801,3802,110,11.19
3398,3318,110,11.21
3314,3235,110,12.75
3231,3152,110,12.79
3881,3802,110,12.77
3397,3318,110,12.8
4508,4588,110,6.96
3865,3864,110,6.96
4346,4345,110,6.96
4119,4200,110,8.58
3626,3545,110,8.59
3945,3864,110,8.58
4266,4345,110,6.45
4120,4121,111,11.17
3546,3466,111,11.17
4185,4184,111,6.96
3547,3466,111,8.58
4040,4121,111,8.58
4432,4513,111,8.57
4105,4184,111,6.45
3467,3387,112,11.18
4041,4042,112,11.17
4355,4435,112,6.96
3785,3784,112,6.96
3961,4042,112,8.58
4508,4589,112,8.57
3468,3387,112,8.58
3865,3784,112,8.58
4354,4435,112,4.55
3962,3963,113,11.17
3316,3236,113,11.2
3388,3308,113,11.18
3233,3153,113,11.15
3721,3722,113,11.18
3232,3153,113,12.77
3315,3236,113,12.76
3801,3722,113,12.79
3398,3319,113,12.81
3389,3308,113,8.58
3309,3229,114,11.17
3705,3704,114,6.96
4198,4278,114,6.96
4355,4436,114,8.57
3785,3704,114,8.58
3310,3229,114,8.59
4356,4357,115,11.16
3230,3150,115,11.19
3231,3150,115,8.59
3151,3071,116,11.19
3882,3883,116,11.17
3234,3154,116,11.15
3962,3883,116,12.77
3316,3237,116,12.8
3233,3154,116,12.75
3721,3642,116,12.78
4199,4279,116,6.96
3625,3624,116,6.97
3705,3624,116,8.58
4198,4279,116,8.57
4276,4277,116,5.92
4196,4277,116,4.55
4507,4587,117,6.95
4426,4425,117,6.95
4508,4587,117,6.45
4346,4425,117,6.45
4265,4264,118,6.96
4199,4280,118,8.58
3625,3544,118,8.59
4185,4264,118,6.45
3152,3072,119,11.16
3802,3803,119,11.18
3235,3155,119,11.16
4200,4201,119,11.17
3545,3465,119,11.18
3151,3072,119,12.79
3882,3803,119,12.77
3234,3155,119,12.75
4104,4103,119,6.96
4120,4201,119,8.58
3546,3465,119,8.58
4121,4122,120,11.17
3466,3386,120,11.18
3467,3386,120,8.58
4041,4122,120,8.57
4042,4043,121,11.17
3387,3307,121,11.17
4024,4023,121,6.96
3962,4043,121,8.58
3388,3307,121,8.58
4104,4023,121,8.57
3963,3964,122,11.17
3153,3073,122,11.16
3308,3228,122,11.18
3236,3156,122,11.19
3722,3723,122,11.17
3152,3073,122,12.76
3802,3723,122,12.78
3235,3156,122,12.76
3309,3228,122,8.58
3229,3149,123,11.19
3944,3943,123,6.96
4356,4437,123,8.57
3230,3149,123,8.59
4024,3943,123,8.57
4357,4358,124,11.16
3150,3070,124,11.19
4506,4586,124,6.95
4506,4505,124,6.95
4512,4592,124,6.96
3151,3070,124,8.59
4507,4586,124,6.45
4426,4505,124,6.45
3071,2991,125,11.18
3883,3884,125,11.17
3154,3074,125,11.16
3963,3884,125,12.77
3153,3074,125,12.76
3236,3157,125,12.8
3722,3643,125,12.77
3864,3863,125,6.96
4345,4344,125,6.96
3944,3863,125,8.57
4265,4344,125,6.45
4184,4183,126,6.96
4512,4593,126,8.57
4104,4183,126,6.45
4509,4590,126,5
4280,4281,127,11.18
3544,3464,127,11.18
3784,3783,127,6.96
4200,4281,127,8.58
3545,3464,127,8.58
3864,3783,127,8.58
3072,2992,128,11.16
3155,3075,128,11.17
3803,3804,128,11.18
3465,3385,128,11.19
4201,4202,128,11.17
3071,2992,128,12.78
3883,3804,128,12.77
3154,3075,128,12.76
4513,4514,128,5.93
4121,4202,128,8.57
3466,3385,128,8.58
3386,3306,129,11.17
4122,4123,129,11.17
3704,3703,129,6.96
4042,4123,129,8.57
3387,3306,129,8.58
3784,3703,129,8.58
4043,4044,130,11.17
3307,3227,130,11.17
3963,4044,130,8.57
3308,3227,130,8.58
3964,3965,131,11.17
3228,3148,131,11.19
3156,3076,131,11.19
3073,2993,131,11.16
3072,2993,131,12.76
3155,3076,131,12.77
3803,3724,131,12.78
3723,3724,131,11.17
3624,3623,131,6.97
4279,4359,131,6.96
4278,4359,131,8.57
3704,3623,131,8.58
3229,3148,131,8.59
4506,4585,131,6.45
4512,4591,131,6.45
3149,3069,132,11.18
4587,4667,132,6.95
4425,4424,132,6.96
3237,3238,132,6.53
4357,4438,132,8.57
3150,3069,132,8.59
4345,4424,132,6.45
3070,2990,133,11.19
4280,4360,133,6.96
3544,3543,133,6.97
4264,4263,133,6.96
3071,2990,133,8.58
3624,3543,133,8.58
4279,4360,133,8.58
4184,4263,133,6.46
2991,2911,134,11.18
3074,2994,134,11.16
3964,3885,134,12.77
3156,3077,134,12.79
3073,2994,134,12.76
4103,4102,134,6.96
3723,3644,134,12.78
4587,4668,134,8.56
3884,3885,134,11.18
3643,3563,134,11.18
3643,3644,134,11.18
4593,4594,135,11.17
4280,4361,135,8.58
3544,3463,135,8.58
3237,3158,135,7.47
4281,4282,136,11.18
3464,3384,136,11.18
4023,4022,136,6.96
4103,4022,136,8.57
3465,3384,136,8.59
4201,4282,136,8.58
2992,2912,137,11.15
3075,2995,137,11.18
3385,3305,137,11.19
4202,4203,137,11.17
2991,2912,137,12.78
3074,2995,137,12.76
3386,3305,137,8.58
4122,4203,137,8.57
3884,3805,137,12.78
4589,4669,137,4.06
3643,3564,137,12.78
3804,3805,137,11.18
4123,4124,138,11.17
3306,3226,138,11.17
3943,3942,138,6.96
4043,4124,138,8.57
3307,3226,138,8.58
4023,3942,138,8.57
4044,4045,139,11.17
3227,3147,139,11.18
4592,4672,139,6.96
4586,4666,139,6.95
4505,4504,139,6.96
3964,4045,139,8.57
3228,3147,139,8.59
4587,4666,139,6.45
4425,4504,139,6.46
3724,3725,140,11.18
2993,2913,140,11.16
3148,3068,140,11.19
2992,2913,140,12.75
3075,2996,140,12.78
3863,3862,140,6.96
3149,3068,140,8.59
3943,3862,140,8.57
4344,4343,140,6.95
4264,4343,140,6.45
4435,4515,140,3.69
3804,3725,140,12.78
3965,3966,140,11.17
4434,4515,140,4.55
4438,4439,141,11.17
3069,2989,141,11.19
4593,4673,141,6.96
4358,4439,141,8.57
4592,4673,141,8.57
3070,2989,141,8.59
4103,4182,141,6.45
4183,4182,141,6.96
4589,4670,141,5
2990,2910,142,11.18
3783,3782,142,6.96
2991,2910,142,8.58
3863,3782,142,8.58
4436,4516,142,3.69
3643,3562,142,8.58
2911,2831,143,11.15
3885,3886,143,11.18
2994,2914,143,11.15
3644,3645,143,11.18
3724,3645,143,12.78
2993,2914,143,12.76
4593,4674,143,8.58
3965,3886,143,12.77
4361,4362,144,11.17
3463,3383,144,11.18
3703,3702,144,6.97
3783,3702,144,8.58
4281,4362,144,8.58
3464,3383,144,8.59
3157,3078,144,7.47
3384,3304,145,11.19
4282,4283,145,11.18
3385,3304,145,8.59
4202,4283,145,8.58
2912,2832,146,11.13
4203,4204,146,11.17
2995,2915,146,11.18
3305,3225,146,11.18
3805,3806,146,11.18
2911,2832,146,12.75
3885,3806,146,12.78
2994,2915,146,12.75
3644,3565,146,12.78
3623,3622,146,6.97
4591,4671,146,6.96
4585,4665,146,6.95
4585,4584,146,6.95
3703,3622,146,8.58
4123,4204,146,8.58
3306,3225,146,8.58
4592,4671,146,6.45
4586,4665,146,6.45
4505,4584,146,6.45
4436,4517,146,4.55
3226,3146,147,11.17
4124,4125,147,11.16
4667,4747,147,6.95
4424,4423,147,6.96
4438,4518,147,6.96
4044,4125,147,8.57
3227,3146,147,8.58
4344,4423,147,6.45
3147,3067,148,11.18
4360,4440,148,6.96
3543,3542,148,6.97
4263,4262,148,6.96
4359,4440,148,8.58
3623,3542,148,8.58
3148,3067,148,8.59
4045,4046,148,11.16
4183,4262,148,6.46
3965,4046,148,8.57
3966,3967,149,11.17
2913,2833,149,11.15
3068,2988,149,11.19
3725,3726,149,11.17
2912,2833,149,12.73
2995,2916,149,12.78
3805,3726,149,12.78
4102,4101,149,6.96
4667,4748,149,8.56
4438,4519,149,8.57
3069,2988,149,8.59
2989,2909,150,11.18
4361,4441,150,6.96
3463,3462,150,6.97
3077,2997,150,6.54
4360,4441,150,8.57
2990,2909,150,8.58
3543,3462,150,8.58
3076,2997,150,7.47
2910,2830,151,11.16
4022,4021,151,6.96
2911,2830,151,8.56
4102,4021,151,8.57
2831,2751,152,11.16
4674,4675,152,11.17
3645,3646,152,11.17
2914,2834,152,11.16
3886,3887,152,11.18
3966,3887,152,12.77
2913,2834,152,12.75
3725,3646,152,12.78
4361,4442,152,8.58
4594,4595,152,5.93
3463,3382,152,8.59
3383,3303,153,11.19
4362,4363,153,11.17
3942,3941,153,6.96
3384,3303,153,8.59
4022,3941,153,8.57
4282,4363,153,8.58
3077,2998,153,7.47
4585,4664,153,6.45
3304,3224,154,11.18
4283,4284,154,11.18
4666,4746,154,6.95
4504,4503,154,6.96
4203,4284,154,8.58
3305,3224,154,8.58
4667,4746,154,6.44
4424,4503,154,6.45
3806,3807,155,11.17
2915,2835,155,11.18
4204,4205,155,11.17
3225,3145,155,11.19
2831,2752,155,12.75
3645,3566,155,12.77
2914,2835,155,12.76
3886,3807,155,12.78
4343,4342,155,6.95
3862,3861,155,6.96
3226,3145,155,8.58
4124,4205,155,8.57
3942,3861,155,8.57
4263,4342,155,6.45
3146,3066,156,11.17
4673,4753,156,6.96
4670,4750,156,6.95
3147,3066,156,8.58
4125,4126,156,11.16
4102,4181,156,6.45
4045,4126,156,8.57
4182,4181,156,6.96
3067,2987,157,11.17
4046,4047,157,11.17
3782,3781,157,6.96
3966,4047,157,8.57
3862,3781,157,8.58
3068,2987,157,8.59
4515,4596,157,8.57
3967,3968,158,11.18
2988,2908,158,11.19
2833,2753,158,11.15
4519,4520,158,11.17
3726,3727,158,11.17
3806,3727,158,12.78
2915,2836,158,12.78
4674,4754,158,6.96
4439,4520,158,8.58
4673,4754,158,8.58
2989,2908,158,8.59
4670,4751,158,8.57
2909,2829,159,11.18
3702,3701,159,6.96
2910,2829,159,8.57
3782,3701,159,8.58
2996,2917,159,7.48
2830,2750,160,11.15
3078,3079,160,6.53
2831,2750,160,8.56
4674,4755,160,8.57
2751,2671,161,11.16
3646,3647,161,11.17
3382,3302,161,11.18
3887,3888,161,11.18
2834,2754,161,11.16
4442,4443,161,11.17
3967,3888,161,12.78
2833,2754,161,12.75
3726,3647,161,12.77
3622,3621,161,6.96
4584,4583,161,6.95
3383,3302,161,8.59
3702,3621,161,8.58
4362,4443,161,8.58
4666,4745,161,6.44
4504,4583,161,6.45
4665,4745,161,6.95
3303,3223,162,11.18
4363,4364,162,11.18
4747,4827,162,6.95
4423,4422,162,6.96
4518,4598,162,6.96
3304,3223,162,8.59
4283,4364,162,8.58
4343,4422,162,6.45
4669,4749,162,4.06
4284,4285,163,11.18
3224,3144,163,11.2
3542,3541,163,6.96
4262,4261,163,6.95
4204,4285,163,8.58
3225,3144,163,8.59
3622,3541,163,8.58
3078,2999,163,7.47
4673,4752,163,6.46
4182,4261,163,6.45
3807,3808,164,11.18
3145,3065,164,11.18
2835,2755,164,11.16
4205,4206,164,11.16
2751,2672,164,12.76
3646,3567,164,12.77
3887,3808,164,12.78
2834,2755,164,12.76
4519,4599,164,6.96
3146,3065,164,8.57
4747,4828,164,8.56
4518,4599,164,8.57
4125,4206,164,8.57
4101,4100,164,6.96
3066,2986,165,11.17
4126,4127,165,11.16
4441,4521,165,6.96
3462,3461,165,6.96
4440,4521,165,8.57
3542,3461,165,8.58
3067,2986,165,8.57
4046,4127,165,8.57
4047,4048,166,11.17
2987,2907,166,11.18
4596,4597,166,11.16
3967,4048,166,8.58
2988,2907,166,8.59
4519,4600,166,8.58
4021,4020,166,6.96
4101,4020,166,8.57
3968,3969,167,11.18
2908,2828,167,11.19
3727,3728,167,11.17
3807,3728,167,12.78
2835,2756,167,12.76
3382,3381,167,6.96
4442,4522,167,6.96
4441,4522,167,8.58
2909,2828,167,8.58
3462,3381,167,8.58
2829,2749,168,11.16
3941,3940,168,6.96
4664,4744,168,6.96
4664,4663,168,6.96
2830,2749,168,8.56
2916,2837,168,7.47
4584,4663,168,6.45
4665,4744,168,6.44
4021,3940,168,8.57
2750,2670,169,11.17
4755,4756,169,11.16
4503,4502,169,6.96
4746,4826,169,6.94
2998,2918,169,6.54
2751,2670,169,8.57
4675,4676,169,5.93
4595,4676,169,8.58
3382,3301,169,8.58
4442,4523,169,8.58
2997,2918,169,7.48
4747,4826,169,6.45
4423,4502,169,6.45
2754,2674,170,11.16
3888,3889,170,11.18
3302,3222,170,11.18
4443,4444,170,11.17
3647,3648,170,11.17
3968,3889,170,12.78
3727,3648,170,12.77
4342,4341,170,6.95
3861,3860,170,6.96
3303,3222,170,8.58
3941,3860,170,8.57
4363,4444,170,8.58
4262,4341,170,6.45
3223,3143,171,11.18
4364,4365,171,11.18
4750,4830,171,6.95
4284,4365,171,8.58
3224,3143,171,8.6
4101,4180,171,6.45
4181,4180,171,6.95
4285,4286,172,11.17
3144,3064,172,11.2
2999,2919,172,11.2
2999,3000,172,11.2
3781,3780,172,6.96
3145,3064,172,8.58
3861,3780,172,8.58
4205,4286,172,8.57
2998,2919,172,7.48
3065,2985,173,11.17
3808,3809,173,11.19
2754,2675,173,12.76
3888,3809,173,12.78
3647,3568,173,12.77
4751,4831,173,6.96
4754,4834,173,6.96
3066,2985,173,8.57
4750,4831,173,8.57
4126,4207,173,8.57
4206,4207,173,11.17
3078,3159,173,5.02
2986,2906,174,11.17
4127,4128,174,11.17
3701,3700,174,6.96
4047,4128,174,8.57
3781,3700,174,8.58
2987,2906,174,8.58
4596,4677,174,8.57
4048,4049,175,11.16
2907,2827,175,11.18
4600,4601,175,11.17
2999,2920,175,12.8
4755,4835,175,6.96
3968,4049,175,8.58
4751,4832,175,8.57
2908,2827,175,8.59
4520,4601,175,8.58
4754,4835,175,8.57
4664,4743,175,6.45
3728,3729,176,11.18
2828,2748,176,11.17
3808,3729,176,12.79
3621,3620,176,6.96
4583,4582,176,6.96
2829,2748,176,8.57
3701,3620,176,8.58
4503,4582,176,6.45
4746,4825,176,6.44
4745,4825,176,6.95
2749,2669,177,11.16
4422,4421,177,6.95
4598,4678,177,6.96
2750,2669,177,8.58
4755,4836,177,8.57
2836,2757,177,7.46
4342,4421,177,6.45
2670,2590,178,11.17
3301,3221,178,11.18
4523,4524,178,11.17
3541,3540,178,6.96
4261,4260,178,6.95
2754,2673,178,8.57
3302,3221,178,8.58
4443,4524,178,8.58
3621,3540,178,8.58
2917,2838,178,7.46
4750,4829,178,6.45
4748,4829,178,5
4181,4260,178,6.45
3648,3649,179,11.18
3222,3142,179,11.18
4444,4445,179,11.17
3728,3649,179,12.78
4599,4679,179,6.96
4100,4099,179,6.95
3223,3142,179,8.59
4598,4679,179,8.57
4364,4445,179,8.58
4365,4366,180,11.18
3143,3063,180,11.18
3461,3460,180,6.96
4752,4833,180,8.57
4285,4366,180,8.58
3144,3063,180,8.59
3541,3460,180,8.58
2999,3080,180,8.6
4754,4833,180,6.45
2919,2839,181,11.18
3064,2984,181,11.18
2674,2594,181,9.47
2670,2591,181,12.77
4600,4680,181,6.96
4599,4680,181,8.58
3065,2984,181,8.58
4100,4019,181,8.57
3000,3001,181,11.2
4286,4287,181,11.17
4206,4287,181,8.57
4020,4019,181,6.95
2675,2595,182,11.17
2675,2676,182,11.17
2985,2905,182,11.18
3648,3569,182,12.78
4522,4602,182,6.96
3381,3380,182,6.96
4521,4602,182,8.58
3461,3380,182,8.58
2986,2905,182,8.58
4127,4208,182,8.58
2906,2826,183,11.18
4663,4662,183,6.96
4744,4824,183,6.96
4048,4129,183,8.57
2907,2826,183,8.58
4600,4681,183,8.58
4583,4662,183,6.45
4745,4824,183,6.45
3940,3939,183,6.96
4020,3939,183,8.57
2827,2747,184,11.18
4049,4050,184,11.17
2919,2840,184,12.79
3301,3300,184,6.97
4523,4603,184,6.96
4502,4501,184,6.95
4522,4603,184,8.57
2828,2747,184,8.58
3381,3300,184,8.58
2920,2840,184,11.19
2920,2921,184,11.19
4826,4906,184,6.94
3000,2921,184,12.81
4422,4501,184,6.45
2748,2668,185,11.16
2675,2596,185,12.77
4341,4340,185,6.95
2749,2668,185,8.57
4261,4340,185,6.45
3860,3859,185,6.96
3940,3859,185,8.57
4830,4910,186,6.95
4180,4179,186,6.95
4756,4757,186,5.93
2670,2589,186,8.58
3301,3220,186,8.58
4523,4604,186,8.57
2756,2677,186,7.46
4836,4837,186,11.17
4100,4179,186,6.45
4826,4907,186,8.55
4524,4525,187,11.17
3221,3141,187,11.18
4049,3970,187,12.77
3780,3779,187,6.96
3222,3141,187,8.58
4444,4525,187,8.58
2837,2758,187,7.46
2920,2841,187,12.79
3860,3779,187,8.58
3142,3062,188,11.17
4445,4446,188,11.18
4365,4446,188,8.58
3143,3062,188,8.58
4830,4911,188,8.56
3063,2983,189,11.18
3080,3081,189,11.19
2673,2593,189,9.47
3700,3699,189,6.96
3780,3699,189,8.58
3064,2983,189,8.58
4828,4908,189,4.06
3000,3081,189,8.6
4286,4367,189,8.58
2984,2904,190,11.18
3001,3002,190,11.19
4743,4823,190,6.95
4743,4742,190,6.95
2985,2904,190,8.58
4663,4742,190,6.45
4744,4823,190,6.45
2905,2825,191,11.18
4582,4581,191,6.95
4825,4905,191,6.95
2906,2825,191,8.59
3700,3619,191,8.58
4502,4581,191,6.45
4826,4905,191,6.44
3620,3619,191,6.96
2826,2746,192,11.19
4681,4682,192,11.17
2594,2514,192,9.47
4678,4758,192,6.96
4421,4420,192,6.95
4601,4682,192,8.58
2827,2746,192,8.58
4049,4130,192,8.58
4341,4420,192,6.44
4836,4916,192,6.96
3560,3561,192,1.11
4050,4051,193,11.17
2747,2667,193,11.17
2595,2515,193,9.49
3001,2922,193,12.79
4829,4909,193,6.95
4260,4259,193,6.95
2748,2667,193,8.57
4830,4909,193,6.44
4180,4259,193,6.45
2840,2760,193,11.19
4828,4909,193,5
3540,3539,193,6.96
3620,3539,193,8.58
2676,2597,194,12.79
4099,4098,194,6.96
4679,4759,194,6.96
4678,4759,194,8.57
2668,2588,194,11.16
4836,4917,194,8.57
4287,4288,194,8.3
3220,3140,195,11.18
4604,4605,195,11.16
2677,2678,195,11.17
4208,4209,195,8.29
3080,3160,195,6.97
4524,4605,195,8.57
4837,4838,195,11.17
3221,3140,195,8.58
3460,3459,195,6.96
3540,3459,195,8.58
3480,3400,195,1.11
3480,3481,195,1.11
3399,3400,195,1.11
3141,3061,196,11.16
4525,4526,196,11.18
2758,2759,196,11.19
2841,2761,196,11.18
2841,2842,196,11.18
2596,2516,196,9.49
4050,3971,196,12.77
2595,2516,196,10.85
4680,4760,196,6.96
4019,4018,196,6.96
4099,4018,196,8.57
3142,3061,196,8.58
4679,4760,196,8.58
4445,4526,196,8.58
2840,2761,196,12.8
4446,4447,197,11.18
3062,2982,197,11.18
3380,3379,197,6.96
3063,2982,197,8.58
3080,3161,197,8.59
4743,4822,197,6.45
3460,3379,197,8.58
3081,3082,198,11.18
2983,2903,198,11.17
2677,2598,198,12.78
4662,4661,198,6.95
4681,4761,198,6.96
4824,4904,198,6.96
3939,3938,198,6.95
4680,4761,198,8.58
2984,2903,198,8.58
3001,3082,198,8.59
4019,3938,198,8.57
2673,2592,198,7.27
4582,4661,198,6.45
4825,4904,198,6.45
4834,4914,198,4.06
2672,2592,198,2.96
2904,2824,199,11.19
2758,2679,199,12.79
2841,2762,199,12.78
2596,2517,199,10.85
4603,4683,199,6.96
3300,3299,199,6.96
4501,4500,199,6.95
4602,4683,199,8.57
2905,2824,199,8.58
3380,3299,199,8.58
4421,4500,199,6.45
4836,4915,199,6.45
2825,2745,200,11.18
2593,2513,200,9.47
4340,4339,200,6.95
2826,2745,200,8.59
4681,4762,200,8.57
3939,3858,200,8.57
4260,4339,200,6.45
4832,4912,200,4.06
3859,3858,200,6.96
2746,2666,201,11.18
3220,3219,201,6.97
4604,4684,201,6.96
4179,4178,201,6.96
4050,4131,201,8.58
2747,2666,201,8.58
4603,4684,201,8.57
3300,3219,201,8.58
4099,4178,201,6.45
4051,4052,202,11.18
4367,4368,202,8.31
2668,2587,202,8.57
3779,3778,202,6.96
3859,3778,202,8.57
2588,2508,203,11.17
4917,4918,203,11.17
3220,3139,203,8.58
4604,4685,203,8.57
4837,4918,203,8.57
2514,2434,203,9.48
4605,4606,204,11.17
4838,4839,204,11.17
3140,3060,204,11.17
3141,3060,204,8.57
4525,4606,204,8.58
2515,2435,204,9.49
4832,4913,204,5
3699,3698,204,6.96
3779,3698,204,8.58
3319,3239,204,1.11
3319,3320,204,1.11
4526,4527,205,11.18
3061,2981,205,11.17
2761,2681,205,11.16
4051,3972,205,12.78
4742,4741,205,6.94
4446,4527,205,8.58
3062,2981,205,8.58
4662,4741,205,6.45
4824,4903,205,6.45
4208,4289,205,6.37
3161,3162,206,11.18
2982,2902,206,11.19
2597,2518,206,12.77
2588,2509,206,12.77
3619,3618,206,6.96
4581,4580,206,6.96
4905,4985,206,6.95
3081,3162,206,8.58
2983,2902,206,8.58
4501,4580,206,6.45
4129,4210,206,6.37
3699,3618,206,8.58
2598,2599,207,11.18
2903,2823,207,11.18
2678,2599,207,12.78
4420,4419,207,6.96
2904,2823,207,8.59
4340,4419,207,6.45
2516,2436,207,9.49
2515,2436,207,10.85
2824,2744,208,11.18
2761,2682,208,12.76
3539,3538,208,6.96
4259,4258,208,6.96
3619,3538,208,8.58
2825,2744,208,8.58
4905,4986,208,8.57
2679,2680,208,11.17
4179,4258,208,6.45
2517,2437,208,11.18
4762,4763,209,11.17
2592,2512,209,9.47
4098,4097,209,6.96
4917,4997,209,6.96
2745,2665,209,11.18
4682,4763,209,8.57
2746,2665,209,8.59
2593,2512,209,7.27
2666,2586,210,11.18
2598,2519,210,12.78
4447,4448,210,8.31
3459,3458,210,6.96
3539,3458,210,8.58
4051,4132,210,8.58
2587,2507,211,11.16
4018,4017,211,6.96
2588,2507,211,8.57
4098,4017,211,8.57
4917,4998,211,8.57
4910,4990,211,4.05
2679,2600,211,12.77
4760,4840,211,6.96
2517,2438,211,12.79
4759,4840,211,8.58
4907,4987,211,4.06
4918,4919,212,11.17
2508,2428,212,11.17
3139,3059,212,11.17
3161,3241,212,6.97
4822,4902,212,6.94
4822,4821,212,6.94
3379,3378,212,6.96
4605,4686,212,8.57
4838,4919,212,8.57
3459,3378,212,8.58
3140,3059,212,8.58
4742,4821,212,6.44
4685,4686,212,11.16
2514,2433,212,7.28
2590,2510,212,2.96
3060,2980,213,11.17
4661,4660,213,6.95
4904,4984,213,6.95
3938,3937,213,6.96
4018,3937,213,8.57
4526,4607,213,8.58
3061,2980,213,8.57
4761,4841,213,6.96
4581,4660,213,6.45
4905,4984,213,6.45
4606,4607,213,11.17
4760,4841,213,8.58
4911,4991,213,4.06
2681,2601,214,11.18
2981,2901,214,11.18
2434,2354,214,9.48
4500,4499,214,6.96
3161,3242,214,8.58
3379,3298,214,8.58
2982,2901,214,8.59
4420,4499,214,6.45
4527,4528,214,11.18
4908,4988,214,4.06
3299,3298,214,6.96
3162,3163,215,11.18
2902,2822,215,11.19
2435,2355,215,9.49
2508,2429,215,12.77
3858,3857,215,6.96
4339,4338,215,6.96
4762,4842,215,6.96
3938,3857,215,8.57
2903,2822,215,8.58
4761,4842,215,8.58
4259,4338,215,6.45
4368,4369,215,8.3
4130,4211,215,6.37
2591,2511,215,2.96
2823,2743,216,11.18
4178,4177,216,6.96
4683,4764,216,8.58
2824,2743,216,8.58
4684,4764,216,6.95
3219,3218,216,6.96
4098,4177,216,6.45
4917,4996,216,6.45
3299,3218,216,8.58
2681,2602,217,12.78
3778,3777,217,6.96
3858,3777,217,8.57
4762,4843,217,8.57
2745,2664,217,8.58
2744,2664,217,11.18
4911,4992,217,5
3480,3401,217,1.27
2436,2356,218,9.49
3162,3083,218,12.78
2435,2356,218,10.85
4289,4290,218,8.29
2666,2585,218,8.58
3139,3138,218,6.96
4684,4765,218,8.57
4209,4290,218,6.36
3219,3138,218,8.58
2665,2585,218,11.17
4909,4989,218,4.06
2518,2439,218,12.79
4908,4989,218,5
4685,4765,218,6.95
2437,2357,219,9.5
3698,3697,219,6.96
2587,2506,219,8.57
3778,3697,219,8.57
2519,2520,219,11.2
3161,3240,219,6.46
4822,4901,219,6.44
2586,2506,219,11.17
2599,2520,219,12.78
4998,4999,220,11.17
2438,2358,220,11.19
4741,4740,220,6.94
4918,4999,220,8.57
2508,2427,220,8.58
3139,3058,220,8.58
4661,4740,220,6.44
4904,4983,220,6.45
2507,2427,220,11.16
4685,4766,220,8.57
4686,4687,221,11.16
4919,4920,221,11.17
3618,3617,221,6.96
4839,4920,221,8.58
3698,3617,221,8.57
4500,4579,221,6.45
3060,2979,221,8.58
3059,2979,221,11.17
4606,4687,221,8.58
4607,4608,222,11.18
4419,4418,222,6.96
2981,2900,222,8.58
4339,4418,222,6.45
2519,2440,222,12.8
4527,4608,222,8.58
3242,3243,223,11.18
2901,2821,223,11.18
2601,2521,223,11.18
2600,2521,223,12.78
2438,2359,223,12.79
4448,4449,223,8.31
3538,3537,223,6.96
4258,4257,223,6.96
3162,3243,223,8.58
2902,2821,223,8.59
3618,3537,223,8.57
2434,2353,223,7.28
4178,4257,223,6.45
4914,4994,223,4.06
4097,4096,224,6.96
2822,2742,224,11.18
2823,2742,224,8.58
4131,4212,224,6.37
4915,4995,224,4.06
2743,2663,225,11.18
3458,3457,225,6.96
3538,3457,225,8.57
2744,2663,225,8.59
3563,3483,225,1.11
2602,2522,226,11.16
2602,2603,226,11.16
4843,4844,226,11.18
2664,2584,226,11.18
2355,2275,226,9.49
2511,2431,226,9.48
2601,2522,226,12.78
4017,4016,226,6.96
4998,5078,226,6.96
4097,4016,226,8.57
4763,4844,226,8.58
2665,2584,226,8.58
2585,2505,227,11.17
4528,4529,227,8.31
3378,3377,227,6.96
3241,3321,227,6.96
3458,3377,227,8.58
4741,4820,227,6.44
2586,2505,227,8.58
2506,2426,228,11.17
3937,3936,228,6.96
4841,4921,228,6.96
4017,3936,228,8.57
4998,5079,228,8.57
4840,4921,228,8.58
4289,4370,228,6.36
2507,2426,228,8.57
4369,4370,228,8.29
3564,3484,228,1.11
3058,2978,229,11.17
2358,2278,229,11.18
4999,5000,229,11.17
2356,2276,229,9.5
4766,4767,229,11.16
2602,2523,229,12.76
2355,2276,229,10.85
2511,2432,229,10.84
3242,3322,229,6.97
3298,3297,229,6.96
3378,3297,229,8.58
4686,4767,229,8.57
3241,3322,229,8.58
4919,5000,229,8.58
4419,4498,229,6.46
4913,4993,229,4.06
4210,4291,229,6.37
4912,4993,229,5
3059,2978,229,8.58
2357,2277,230,9.51
4338,4337,230,6.96
3857,3856,230,6.96
3937,3856,230,8.57
2439,2360,230,12.79
4841,4922,230,8.58
4607,4688,230,8.58
4258,4337,230,6.46
4842,4922,230,6.96
2427,2347,231,9.48
2520,2441,231,12.78
4177,4176,231,6.96
3242,3323,231,8.59
2901,2820,231,8.58
3298,3217,231,8.58
3218,3217,231,6.96
4097,4176,231,6.45
2440,2441,231,11.16
2359,2279,232,11.17
2358,2279,232,12.79
3777,3776,232,6.96
4843,4923,232,6.96
3857,3776,232,8.57
2979,2899,232,9.49
2822,2741,232,8.58
2821,2741,232,11.18
4842,4923,232,8.57
2742,2662,233,11.18
3138,3137,233,6.96
2743,2662,233,8.59
4765,4845,233,6.96
3218,3137,233,8.58
4764,4845,233,8.58
4998,5077,233,6.45
4986,5066,233,4.06
3562,3482,233,1.11
2663,2583,234,11.18
2427,2348,234,10.84
3697,3696,234,6.96
2602,2683,234,8.57
3777,3696,234,8.57
4843,4924,234,8.58
2664,2583,234,8.58
2440,2361,234,12.76
2584,2504,235,11.18
2521,2442,235,12.77
2359,2280,235,12.77
4608,4609,235,8.31
3058,3057,235,6.96
3138,3057,235,8.58
2585,2504,235,8.57
4766,4846,235,6.96
2355,2274,235,7.29
2511,2430,235,7.28
4765,4846,235,8.57
2522,2442,235,11.16
2505,2425,236,11.17
3617,3616,236,6.96
3697,3616,236,8.57
2506,2425,236,8.57
4449,4450,236,8.3
4990,5070,236,4.05
4987,5067,236,4.06
4052,4053,236,2.96
2426,2346,237,11.16
5079,5080,237,11.17
2275,2195,237,9.49
4418,4417,237,6.96
3058,2977,237,8.58
4999,5080,237,8.58
4766,4847,237,8.57
4338,4417,237,6.46
3565,3485,237,1.11
2978,2898,238,11.18
5000,5001,238,11.18
3537,3536,238,6.96
4257,4256,238,6.96
2523,2443,238,11.16
2523,2524,238,11.16
4920,5001,238,8.58
3617,3536,238,8.57
2278,2198,238,11.18
4177,4256,238,6.45
4211,4292,238,6.37
4991,5071,238,4.05
2522,2443,238,12.76
4096,4095,239,6.96
3972,3892,239,2.97
3972,3973,239,2.97
4988,5068,239,4.06
2276,2196,240,9.49
4529,4530,240,8.31
2275,2196,240,10.85
3457,3456,240,6.96
3537,3456,240,8.57
2821,2740,240,8.58
2741,2661,241,11.18
2277,2197,241,9.5
4370,4371,241,8.29
4016,4015,241,6.96
5078,5158,241,6.96
4096,4015,241,8.57
2742,2661,241,8.58
2523,2444,241,12.76
2278,2199,241,12.78
4290,4371,241,6.37
4996,5076,241,4.06
2279,2199,241,11.17
2662,2582,242,11.18
3377,3376,242,6.96
4820,4900,242,6.96
4820,4819,242,6.96
4767,4768,242,8.29
2663,2582,242,8.58
3457,3376,242,8.58
2900,2819,242,7.29
4992,5072,242,4.05
2360,2281,242,12.76
4991,5072,242,5
2347,2267,242,9.48
4924,4925,243,11.18
2583,2503,243,11.17
2361,2362,243,11.17
2441,2362,243,12.77
4688,4689,243,8.3
3936,3935,243,6.96
5079,5159,243,6.96
4016,3935,243,8.57
2584,2503,243,8.58
5078,5159,243,8.57
4844,4925,243,8.58
4989,5069,243,4.06
4988,5069,243,5
2504,2424,244,11.18
3377,3296,244,8.58
4820,4739,244,8.57
2505,2424,244,8.58
4418,4497,244,6.46
3297,3296,244,6.97
2279,2200,244,12.77
4132,4133,244,2.96
2280,2200,244,11.16
2425,2345,245,11.17
3856,3855,245,6.96
4337,4336,245,6.95
4922,5002,245,6.96
2426,2345,245,8.57
3936,3855,245,8.57
5079,5160,245,8.57
4257,4336,245,6.45
4921,5002,245,8.58
2348,2268,245,9.49
2348,2349,245,9.49
2347,2268,245,10.84
2977,2897,246,11.17
2274,2194,246,9.48
2361,2282,246,12.77
4176,4175,246,6.96
3217,3216,246,6.96
2978,2897,246,8.58
5000,5081,246,8.58
2275,2194,246,7.29
5080,5081,246,11.17
4096,4175,246,6.45
2523,2604,246,8.57
3297,3216,246,8.58
4992,5073,246,4.99
4986,5065,246,3.76
3566,3486,246,1.11
2443,2363,247,11.16
2442,2363,247,12.77
4923,5003,247,6.96
3776,3775,247,6.95
3856,3775,247,8.57
4922,5003,247,8.58
2280,2201,247,12.76
3972,3893,247,3.39
2198,2118,247,11.17
2195,2115,248,9.5
4609,4610,248,8.31
3137,3136,248,6.96
3217,3136,248,8.58
5078,5157,248,6.45
4994,5074,248,4.06
2348,2269,248,10.85
2346,2266,248,9.48
2898,2818,249,9.49
3696,3695,249,6.95
4924,5004,249,6.96
4923,5004,249,8.58
3776,3695,249,8.57
2741,2660,249,8.58
4820,4899,249,6.45
4995,5075,249,4.06
4450,4451,249,8.29
2661,2581,250,11.18
2199,2119,250,11.16
2443,2364,250,12.76
3057,3056,250,6.96
4847,4848,250,8.3
2662,2581,250,8.58
3137,3056,250,8.57
4845,4926,250,8.58
4846,4926,250,6.97
2198,2119,250,12.77
2582,2502,251,11.18
2195,2116,251,10.86
3616,3615,251,6.96
3696,3615,251,8.57
4924,5005,251,8.58
2583,2502,251,8.57
2196,2116,251,9.49
2820,2739,251,7.29
2503,2423,252,11.17
2977,2976,252,6.96
4417,4416,252,6.95
3057,2976,252,8.57
2504,2423,252,8.59
2274,2273,252,5.91
4337,4416,252,6.45
4291,4372,252,6.37
2197,2117,252,9.49
4846,4927,252,8.59
4739,4659,253,11.18
2424,2344,253,11.19
2267,2187,253,9.48
2199,2120,253,12.76
3536,3535,253,6.96
4256,4255,253,6.95
4530,4531,253,8.31
3616,3535,253,8.57
2425,2344,253,8.58
2200,2120,253,11.15
4176,4255,253,6.45
4688,4769,253,6.37
2345,2265,254,11.17
5160,5161,254,11.17
4095,4094,254,6.95
2977,2896,254,8.58
5080,5161,254,8.58
2281,2202,254,12.77
2282,2283,255,11.14
5081,5082,255,11.17
5001,5082,255,8.58
3536,3455,255,8.57
2362,2283,255,12.76
2274,2193,255,7.28
3456,3455,255,6.96
3567,3487,255,1.11
2201,2121,256,11.15
2118,2038,256,11.16
4689,4690,256,8.31
2267,2188,256,10.84
5158,5238,256,6.96
4015,4014,256,6.95
4095,4014,256,8.57
2200,2121,256,12.75
2194,2114,257,9.49
2897,2817,257,9.48
4819,4818,257,6.97
3376,3375,257,6.96
4900,4980,257,6.96
2195,2114,257,7.29
3456,3375,257,8.57
2429,2350,257,3.39
2660,2580,258,11.18
2282,2203,258,12.74
3935,3934,258,6.95
2661,2580,258,8.58
5158,5239,258,8.57
4015,3934,258,8.57
5159,5239,258,6.96
5066,5146,258,4.06
4212,4213,258,2.97
2581,2501,259,11.17
2119,2039,259,11.16
2201,2122,259,12.75
2118,2039,259,12.76
3296,3295,259,6.96
4739,4738,259,6.96
2364,2284,259,11.17
2364,2365,259,11.17
2582,2501,259,8.58
4819,4738,259,8.59
3376,3295,259,8.57
2363,2284,259,12.75
4900,4981,259,8.58
4417,4496,259,6.45
2266,2186,259,9.48
5005,5006,260,11.17
2502,2422,260,11.17
2818,2738,260,9.49
5160,5240,260,6.96
3855,3854,260,6.96
4336,4335,260,6.95
2503,2422,260,8.58
4925,5006,260,8.58
3935,3854,260,8.57
2740,2659,260,7.29
5159,5240,260,8.57
4256,4335,260,6.45
4847,4928,260,6.37
2431,2351,260,2.96
2423,2343,261,11.19
2117,2037,261,11.17
4610,4611,261,8.31
3216,3215,261,6.96
4175,4174,261,6.95
3296,3215,261,8.58
4739,4658,261,8.58
2424,2343,261,8.59
4095,4174,261,6.45
5067,5147,261,4.06
5070,5150,261,4.06
3889,3890,261,1.11
2344,2264,262,11.18
2119,2040,262,12.76
5003,5083,262,6.96
5002,5083,262,8.58
2345,2264,262,8.57
5160,5241,262,8.58
3855,3774,262,8.57
2364,2285,262,12.77
2120,2040,262,11.15
5161,5162,263,11.18
4848,4849,263,8.29
3136,3135,263,6.96
5157,5237,263,6.96
5157,5156,263,6.96
3216,3135,263,8.58
5081,5162,263,8.58
5158,5237,263,6.45
5071,5151,263,4.06
2432,2352,263,2.96
5004,5084,264,6.96
5003,5084,264,8.57
4899,4979,264,6.97
4899,4898,264,6.97
4819,4898,264,6.46
5068,5148,264,4.06
4900,4979,264,6.46
2115,2035,264,6.52
3809,3810,264,1.11
3568,3488,264,1.11
2038,1958,265,11.16
2121,2041,265,11.16
2265,2185,265,9.48
2896,2816,265,9.49
3056,3055,265,6.96
3136,3055,265,8.58
2120,2041,265,12.75
2202,2123,266,12.74
4769,4770,266,8.3
3615,3614,266,6.96
5005,5085,266,6.96
5004,5085,266,8.57
2660,2579,266,8.58
2194,2113,266,7.29
4689,4770,266,6.38
2203,2204,267,11.16
2580,2500,267,11.18
2188,2108,267,9.48
2188,2189,267,9.48
2283,2204,267,12.74
2976,2975,267,6.96
4416,4415,267,6.95
2116,2036,267,6.52
2581,2500,267,8.58
3056,2975,267,8.57
4336,4415,267,6.45
2364,2445,267,8.57
5072,5152,267,4.05
5071,5152,267,5
2115,2036,267,7.45
4902,4982,267,1.85
4926,5007,267,8.59
3729,3730,267,1.11
2122,2042,268,11.16
2501,2421,268,11.17
2039,1959,268,11.16
2817,2737,268,9.48
2038,1959,268,12.76
2121,2042,268,12.75
4255,4254,268,6.95
3615,3534,268,8.57
5005,5086,268,8.57
2502,2421,268,8.58
4175,4254,268,6.45
5069,5149,268,4.06
2114,2034,268,9.48
3535,3534,268,6.96
2350,2270,268,9.47
5068,5149,268,5
2365,2366,268,11.18
4984,5064,268,1.85
3972,3891,268,2.28
2422,2342,269,11.18
4690,4691,269,8.31
4094,4093,269,6.95
2976,2895,269,8.58
2423,2342,269,8.59
4658,4578,270,11.18
2343,2263,270,11.18
2203,2124,270,12.76
2188,2109,270,10.84
3455,3454,270,6.96
4659,4578,270,8.58
2344,2263,270,8.58
5157,5236,270,6.45
3535,3454,270,8.57
4053,4054,270,2.96
3649,3650,270,1.11
2186,2106,270,9.48
2285,2205,271,11.18
2285,2286,271,11.18
5241,5242,271,11.17
3774,3694,271,11.16
2351,2271,271,9.48
2284,2205,271,12.76
2122,2043,271,12.76
2039,1960,271,12.76
4014,4013,271,6.95
4094,4013,271,8.57
5161,5242,271,8.58
5238,5318,271,6.96
2040,1960,271,11.14
5065,5145,271,4.06
5073,5153,271,4.06
4899,4978,271,6.46
5072,5153,271,4.99
2350,2271,271,10.83
5066,5145,271,3.76
2365,2286,271,12.78
2738,2658,271,9.49
2739,2658,271,7.29
5162,5163,272,11.19
2037,1957,272,9.48
3375,3374,272,6.96
4980,5060,272,6.96
5082,5163,272,8.58
3455,3374,272,8.57
4292,4293,272,2.96
2264,2184,273,9.49
4928,4929,273,8.31
3934,3933,273,6.95
5239,5319,273,6.96
4014,3933,273,8.57
5238,5319,273,8.57
4848,4929,273,6.37
5074,5154,273,4.06
3973,3974,273,2.97
3569,3489,273,1.11
3569,3570,273,1.11
2186,2107,273,10.84
2041,1961,274,11.15
2285,2206,274,12.78
4611,4612,274,8.3
2351,2272,274,10.84
4738,4737,274,6.97
3295,3294,274,6.96
4981,5061,274,6.96
3375,3294,274,8.57
4980,5061,274,8.58
2896,2815,274,7.28
4416,4495,274,6.45
2040,1961,274,12.74
5075,5155,274,4.06
4335,4334,275,6.95
3854,3853,275,6.96
5240,5320,275,6.96
2580,2499,275,8.58
3934,3853,275,8.56
5239,5320,275,8.57
2579,2499,275,11.17
4255,4334,275,6.45
4927,5008,275,6.39
4983,5063,275,1.85
2500,2420,276,11.18
1958,1878,276,9.48
2185,2105,276,9.48
4849,4850,276,8.29
4611,4532,276,9.49
3215,3214,276,6.96
4658,4657,276,6.97
4174,4173,276,6.95
2445,2446,276,11.17
4738,4657,276,8.59
3295,3214,276,8.57
2501,2420,276,8.58
4981,5062,276,8.57
2816,2736,276,9.48
4094,4173,276,6.45
4769,4850,276,6.37
2365,2446,276,8.58
2421,2341,277,11.17
2042,1962,277,11.16
2366,2367,277,11.17
1959,1879,277,11.16
2041,1962,277,12.75
5241,5321,277,6.96
3774,3773,277,6.95
3854,3773,277,8.57
2422,2341,277,8.59
5240,5321,277,8.57
2113,2033,277,9.49
2114,2033,277,7.28
5006,5087,277,8.58
5086,5087,277,11.17
2342,2262,278,11.19
2108,2028,278,9.48
2036,1956,278,9.48
2123,2044,278,12.77
3135,3134,278,6.96
5237,5317,278,6.96
3215,3134,278,8.58
4658,4577,278,8.58
2343,2262,278,8.59
5238,5317,278,6.45
4133,4134,278,2.96
2124,2125,279,11.17
2034,1954,279,9.48
2737,2657,279,9.49
2204,2125,279,12.78
4770,4771,279,8.3
4979,5059,279,6.97
5084,5164,279,6.96
5083,5164,279,8.58
5241,5322,279,8.57
3774,3693,279,8.57
4980,5059,279,6.46
4690,4771,279,6.38
4898,4897,279,6.97
2043,1963,280,11.18
5242,5243,280,11.18
2286,2287,280,11.17
2042,1963,280,12.76
2366,2287,280,12.77
1959,1880,280,12.76
3055,3054,280,6.96
2035,1955,280,6.52
3135,3054,280,8.58
5162,5243,280,8.59
1960,1880,280,11.15
2659,2578,280,7.29
2109,2029,281,9.48
2109,2110,281,9.48
2108,2029,281,10.84
5085,5165,281,6.96
5084,5165,281,8.57
4738,4817,281,6.47
4898,4817,281,8.59
3973,3894,281,3.39
3002,3003,281,1.11
2106,2026,281,9.48
2271,2191,282,9.48
2124,2045,282,12.77
4691,4692,282,8.3
4415,4414,282,6.95
3055,2974,282,8.58
2264,2183,282,7.28
2445,2525,282,6.96
4335,4414,282,6.45
2206,2126,283,11.16
2206,2207,283,11.16
1961,1881,283,11.17
1957,1877,283,9.48
2043,1964,283,12.78
2205,2126,283,12.78
2286,2207,283,12.77
4254,4253,283,6.95
2189,2190,283,6.51
5085,5166,283,8.57
4174,4253,283,6.45
4928,5009,283,6.38
1960,1881,283,12.75
5146,5226,283,4.06
2113,2112,283,5.91
2579,2498,283,8.58
4451,4452,283,2.96
3534,3533,283,6.96
5086,5166,283,6.96
2184,2104,284,9.48
2109,2030,284,10.83
4093,4092,284,6.95
2500,2419,284,8.58
2499,2419,284,11.18
2445,2526,284,8.57
5065,5144,284,3.76
2922,2923,284,1.11
2106,2027,284,10.84
2420,2340,285,11.16
2271,2192,285,10.83
5236,5316,285,6.96
5236,5235,285,6.96
3454,3453,285,6.96
2421,2340,285,8.57
2366,2447,285,8.57
2815,2735,285,9.48
5156,5235,285,6.45
5237,5316,285,6.45
2816,2735,285,7.28
2446,2447,285,11.17
3534,3453,285,8.57
5086,5167,285,8.57
1962,1882,286,11.18
2341,2261,286,11.18
1879,1799,286,11.16
2206,2127,286,12.76
1961,1882,286,12.77
4929,4930,286,8.3
4013,4012,286,6.95
4093,4012,286,8.57
2895,2894,286,5.91
2342,2261,286,8.59
4979,5058,286,6.46
4849,4930,286,6.37
5150,5230,286,4.06
5147,5227,286,4.06
2113,2032,286,7.28
4898,4977,286,6.47
4372,4373,286,2.96
5318,5398,286,6.96
2367,2368,286,11.15
2105,2025,287,9.49
1878,1798,287,9.47
2736,2656,287,9.48
3374,3373,287,6.96
3454,3373,287,8.57
2842,2843,287,1.11
5322,5323,288,11.17
5319,5399,288,6.96
5242,5323,288,8.59
4013,3932,288,8.57
2034,1953,288,7.28
2033,1953,288,9.48
5318,5399,288,8.57
5151,5231,288,4.07
1963,1883,289,11.2
5243,5244,289,11.18
1956,1876,289,9.49
1962,1883,289,12.78
1879,1800,289,12.76
4495,4575,289,6.95
4495,4494,289,6.95
3294,3293,289,6.96
5061,5141,289,6.96
5163,5244,289,8.58
3374,3293,289,8.57
2895,2814,289,7.28
1880,1800,289,11.16
4415,4494,289,6.45
4770,4851,289,6.37
5148,5228,289,4.06
2287,2288,289,11.16
2367,2288,289,12.75
2657,2577,290,9.49
2044,1965,290,12.78
5087,5088,290,8.29
5320,5400,290,6.95
4334,4333,290,6.95
5319,5400,290,8.57
4254,4333,290,6.45
5007,5088,290,6.37
3534,3613,290,6.45
2762,2763,290,1.11
2045,2046,291,11.19
2125,2046,291,12.78
4657,4656,291,6.96
3214,3213,291,6.96
4173,4172,291,6.95
4495,4576,291,8.57
3294,3213,291,8.58
5061,5142,291,8.57
4093,4172,291,6.45
1964,1884,292,11.18
1881,1801,292,11.17
2029,1949,292,9.48
1963,1884,292,12.8
5321,5401,292,6.96
5320,5401,292,8.57
2498,2418,292,11.17
5236,5315,292,6.45
4691,4772,292,6.38
1880,1801,292,12.76
2499,2418,292,8.58
5152,5232,292,4.06
4213,4214,292,2.97
2287,2208,292,12.76
5151,5232,292,5.01
2207,2208,292,11.16
3134,3133,293,6.96
3214,3133,293,8.57
2419,2339,293,11.17
2420,2339,293,8.57
2184,2103,293,7.28
5317,5397,293,6.96
5148,5229,293,5
5318,5397,293,6.45
2446,2527,293,8.57
5149,5229,293,4.06
2340,2260,294,11.17
1877,1797,294,9.48
2045,1966,294,12.79
5322,5402,294,6.96
4897,4896,294,6.96
2262,2182,294,6.52
5321,5402,294,8.57
2341,2260,294,8.59
2815,2734,294,7.28
2447,2448,294,11.15
2367,2448,294,8.56
2127,2047,295,11.17
2127,2128,295,11.17
2261,2181,295,11.18
1882,1802,295,11.18
1799,1719,295,11.16
1964,1885,295,12.78
1881,1802,295,12.77
2126,2047,295,12.77
2029,1950,295,10.83
1954,1874,295,6.52
3134,3053,295,8.57
2368,2369,295,11.16
2027,1947,295,9.48
2207,2128,295,12.76
3569,3490,295,1.27
1798,1718,296,11.16
2735,2655,296,9.48
5009,5010,296,8.3
5165,5245,296,6.97
1955,1875,296,6.52
5164,5245,296,8.58
5322,5403,296,8.58
4897,4816,296,8.58
2105,2024,296,7.28
2736,2655,296,7.28
4495,4574,296,6.45
5061,5140,296,6.45
4929,5010,296,6.38
5153,5233,296,4.06
5145,5225,296,4.06
5152,5233,296,5
5146,5225,296,3.76
5323,5324,297,11.18
4414,4413,297,6.96
2110,2111,297,6.51
5243,5324,297,8.58
4334,4413,297,6.45
2032,1952,297,9.48
2033,1952,297,7.28
1883,1803,298,11.2
2656,2576,298,9.49
2127,2048,298,12.77
1882,1803,298,12.78
1799,1720,298,12.76
4253,4252,298,6.95
2288,2289,298,11.16
5165,5246,298,8.59
5167,5168,298,8.3
1800,1720,298,11.17
2368,2289,298,12.76
4657,4736,298,6.46
4173,4252,298,6.45
5008,5089,298,6.37
5154,5234,298,4.06
2498,2497,298,6.96
2027,1948,298,10.84
5166,5246,298,6.97
1953,1873,299,9.48
4092,4091,299,6.95
2974,2973,299,5.91
1876,1796,300,9.48
3453,3452,300,6.96
2030,2031,300,6.51
5316,5396,300,6.96
2498,2417,300,8.58
5317,5396,300,6.45
5166,5247,300,8.59
1884,1804,301,11.18
1883,1804,301,12.8
5398,5478,301,6.96
4012,4011,301,6.95
4977,5057,301,6.96
4977,4976,301,6.96
4092,4011,301,8.57
2418,2338,301,11.17
2288,2209,301,12.76
4897,4976,301,6.46
1800,1721,301,12.77
2419,2338,301,8.57
2208,2209,301,11.16
1965,1886,302,12.79
3373,3372,302,6.96
2340,2259,302,8.58
3453,3372,302,8.57
2974,2893,302,7.28
2527,2528,302,11.15
2447,2528,302,8.56
1797,1717,303,11.16
1966,1967,303,11.18
2260,2180,303,11.19
2046,1967,303,12.78
5399,5479,303,6.96
5398,5479,303,8.57
4012,3931,303,8.57
2261,2180,303,8.58
2368,2449,303,8.57
1885,1805,304,11.19
2128,2129,304,11.17
1719,1639,304,11.18
2103,2023,304,9.49
1884,1805,304,12.78
4494,4493,304,6.96
4575,4655,304,6.96
3293,3292,304,6.96
5141,5221,304,6.97
3373,3292,304,8.57
2030,1951,304,7.44
4414,4493,304,6.45
4054,4055,304,2.96
2027,1946,304,7.28
2208,2129,304,12.76
1718,1638,305,11.17
5403,5404,305,11.17
2734,2654,305,9.49
4333,4332,305,6.95
5400,5480,305,6.95
5323,5404,305,8.58
5399,5480,305,8.57
2735,2654,305,7.28
4253,4332,305,6.45
5324,5325,306,11.18
1874,1794,306,9.49
1950,1870,306,9.47
1802,1722,306,9.49
1966,1887,306,12.78
1801,1722,306,10.85
3213,3212,306,6.96
4172,4171,306,6.95
5244,5325,306,8.58
3293,3212,306,8.57
5141,5222,306,8.58
2894,2813,306,7.28
4092,4171,306,6.45
5009,5090,306,6.37
1947,1867,306,9.48
4293,4294,306,2.97
2814,2813,306,5.91
3163,3164,306,1.11
1803,1723,307,11.2
2289,2290,307,11.16
2048,1968,307,11.18
2048,2049,307,11.18
2024,1944,307,9.5
1875,1795,307,9.48
2655,2575,307,9.48
1885,1806,307,12.8
2128,2049,307,12.77
2047,1968,307,12.79
1719,1640,307,12.78
5401,5481,307,6.96
5315,5395,307,6.96
5315,5314,307,6.96
5400,5481,307,8.57
2656,2575,307,7.28
5235,5314,307,6.45
3453,3532,307,6.45
5316,5395,307,6.45
3974,3975,307,2.97
3133,3132,308,6.96
5397,5477,308,6.96
1949,1869,308,6.51
3213,3132,308,8.58
1953,1872,308,7.28
5398,5477,308,6.45
4977,5056,308,6.46
5226,5306,308,4.06
5167,5248,308,6.37
1952,1872,308,9.48
4612,4613,308,2.96
2527,2607,308,6.95
3401,3402,308,1.11
3481,3402,308,1.27
1796,1716,309,11.16
2576,2496,309,9.49
1948,1868,309,9.48
1950,1871,309,10.83
5402,5482,309,6.96
5401,5482,309,8.57
2418,2337,309,8.57
4896,4895,309,6.97
1947,1868,309,10.84
5145,5224,309,3.77
2814,2733,309,7.28
3083,3084,309,1.11
1804,1724,310,11.17
1873,1793,310,9.48
1803,1724,310,12.8
2289,2210,310,12.76
2048,1969,310,12.78
2024,1945,310,10.86
2182,2102,310,6.52
3133,3052,310,8.58
2103,2102,310,5.91
2209,2210,310,11.16
4532,4533,310,2.96
2527,2608,310,8.56
5168,5169,311,8.3
4574,4654,311,6.97
4574,4573,311,6.97
5403,5483,311,6.96
2181,2101,311,6.52
5402,5483,311,8.57
2260,2179,311,8.59
4494,4573,311,6.46
4575,4654,311,6.46
5141,5220,311,6.46
5227,5307,311,4.06
5230,5310,311,4.06
4896,4815,311,8.58
1717,1637,312,11.18
1721,1641,312,9.5
4413,4412,312,6.96
2338,2258,312,9.48
4333,4412,312,6.45
1720,1641,312,10.86
4134,4135,312,2.96
1805,1725,313,11.18
1804,1725,313,12.77
4736,4735,313,6.97
4252,4251,313,6.95
5246,5326,313,6.97
5403,5484,313,8.58
5245,5326,313,8.58
2103,2022,313,7.28
4656,4735,313,6.46
4172,4251,313,6.45
2209,2130,313,12.76
5231,5311,313,4.06
2129,2130,313,11.18
5404,5405,314,11.18
1886,1807,314,12.79
4091,4090,314,6.95
5324,5405,314,8.59
2734,2653,314,7.28
5315,5394,314,6.45
5228,5308,314,4.05
3243,3244,314,1.11
1887,1888,315,11.18
2023,1943,315,9.49
1967,1888,315,12.79
1639,1559,315,9.5
1721,1642,315,10.86
3452,3451,315,6.96
2289,2370,315,8.57
5246,5327,315,8.59
3053,2972,315,7.29
5397,5476,315,6.45
5396,5476,315,6.96
1947,1866,315,7.28
2527,2606,315,6.44
3974,3895,315,3.39
4372,4453,315,2.28
1795,1715,316,11.16
2049,2050,316,11.18
1806,1726,316,11.18
1638,1558,316,9.49
2654,2574,316,9.49
1805,1726,316,12.78
2290,2291,316,11.16
5478,5558,316,6.96
4091,4010,316,8.57
2655,2574,316,7.28
4692,4693,316,2.96
4896,4975,316,6.46
2129,2050,316,12.78
3483,3403,316,1.11
1794,1714,317,9.48
3372,3371,317,6.96
3452,3371,317,8.57
1867,1787,317,9.48
2417,2416,317,5.91
5231,5312,317,5
5232,5312,317,4.06
1716,1636,318,11.17
2575,2495,318,9.48
1723,1643,318,9.5
1887,1808,318,12.78
5479,5559,318,6.96
1639,1560,318,10.86
5478,5559,318,8.58
2576,2495,318,7.28
4574,4653,318,6.46
1640,1560,318,9.49
5228,5309,318,5
5229,5309,318,4.06
1969,1889,319,11.16
1969,1970,319,11.16
1968,1889,319,12.77
2049,1970,319,12.78
1806,1727,319,12.78
2210,2211,319,11.17
3292,3291,319,6.96
4493,4492,319,6.97
2180,2100,319,6.53
2290,2211,319,12.76
3372,3291,319,8.57
2893,2892,319,5.91
1873,1792,319,7.28
2973,2892,319,7.29
4413,4492,319,6.46
3484,3404,319,1.11
1868,1788,320,9.47
4332,4331,320,6.96
5480,5560,320,6.95
5479,5560,320,8.57
2337,2257,320,9.48
4252,4331,320,6.45
1867,1788,320,10.83
2417,2336,320,7.28
4373,4374,320,2.97
4930,4931,320,2.97
1793,1713,321,9.49
1724,1644,321,9.49
1945,1865,321,9.48
5248,5249,321,8.32
1723,1644,321,10.86
4171,4170,321,6.95
3212,3211,321,6.96
3292,3211,321,8.57
4091,4170,321,6.45
5089,5170,321,6.37
5168,5249,321,6.37
5225,5305,321,4.06
1640,1561,321,10.85
5226,5305,321,3.77
5233,5313,321,4.06
5232,5313,321,5.01
1725,1645,322,11.19
5484,5485,322,11.17
1969,1890,322,12.76
5481,5561,322,6.96
5395,5475,322,6.96
2130,2131,322,11.18
2179,2099,322,9.49
5480,5561,322,8.57
5404,5485,322,8.59
2210,2131,322,12.77
2893,2812,322,7.28
3452,3531,322,6.45
2259,2178,322,7.28
1870,1790,322,6.51
5396,5475,322,6.45
3323,3324,322,1.11
5405,5406,323,11.19
1637,1557,323,9.49
1868,1789,323,10.83
5306,5386,323,6.95
5477,5557,323,6.96
5325,5406,323,8.59
3212,3131,323,8.58
5478,5557,323,6.46
3132,3131,323,6.96
4851,4852,323,2.96
5056,5136,323,6.96
5056,5055,323,6.96
5247,5328,323,6.38
4895,4894,324,6.96
5482,5562,324,6.96
5224,5304,324,6.96
5224,5223,324,6.96
5481,5562,324,8.57
2023,1942,324,7.29
2290,2371,324,8.57
2291,2292,325,11.16
2653,2573,325,9.49
1725,1646,325,12.79
1871,1791,325,6.52
5306,5387,325,8.57
2130,2051,325,12.78
2654,2573,325,7.28
2050,2051,325,11.17
3132,3051,325,8.58
5142,5143,325,2.96
3052,3051,325,6.97
1726,1646,325,11.18
5056,5137,325,8.58
2683,2684,325,1.1
1642,1562,326,9.5
1559,1479,326,9.49
1807,1728,326,12.77
1641,1562,326,10.86
5483,5563,326,6.96
4654,4734,326,6.98
1716,1635,326,8.57
2733,2732,326,5.91
4895,4814,326,8.58
5482,5563,326,8.57
4573,4572,326,6.97
4493,4572,326,6.46
1867,1786,326,7.27
4772,4773,326,2.96
4214,4215,326,2.96
2813,2732,326,7.28
1866,1786,326,9.48
1808,1809,327,11.17
1643,1563,327,11.18
1558,1478,327,9.49
2574,2494,327,9.49
1888,1809,327,12.76
4412,4411,327,6.96
2101,2021,327,6.52
2575,2494,327,7.28
4332,4411,327,6.45
3052,2971,327,8.58
2211,2212,328,11.17
1787,1707,328,9.47
1714,1634,328,9.47
2291,2212,328,12.76
4251,4250,328,6.96
5484,5564,328,6.96
5483,5564,328,8.57
4171,4250,328,6.45
2050,1971,328,12.77
1970,1971,328,11.16
1727,1647,328,11.17
1726,1647,328,12.78
3485,3405,328,1.11
1636,1556,329,9.49
2495,2415,329,9.48
1559,1480,329,10.85
4090,4089,329,6.95
5394,5474,329,6.96
5394,5393,329,6.96
1560,1480,329,9.49
2496,2415,329,7.28
2733,2652,329,7.29
5395,5474,329,6.45
5314,5393,329,6.45
2337,2256,329,7.28
1644,1564,330,11.19
1792,1712,330,9.48
1808,1729,330,12.77
1643,1564,330,12.78
5327,5407,330,6.97
5326,5407,330,8.59
5484,5565,330,8.58
1793,1712,330,7.28
1945,1864,330,7.28
5306,5385,330,6.45
5477,5556,330,6.45
5010,5011,330,2.97
3451,3450,330,6.95
5056,5135,330,6.46
3892,3812,330,1.11
2131,2132,331,11.16
5485,5486,331,11.18
1645,1565,331,11.18
2211,2132,331,12.77
1889,1810,331,12.76
1787,1708,331,10.83
5558,5638,331,6.96
1890,1810,331,11.16
1890,1891,331,11.16
4090,4009,331,8.56
5405,5486,331,8.59
2257,2177,331,9.48
4895,4974,331,6.46
5224,5303,331,6.45
5248,5329,331,6.38
2179,2098,331,7.29
1788,1708,331,9.47
1970,1891,331,12.76
1727,1648,331,12.77
3083,3004,331,1.27
1713,1633,332,9.48
5327,5408,332,8.59
1560,1481,332,10.85
1561,1481,332,9.5
3371,3370,332,6.96
3451,3370,332,8.57
1865,1785,332,9.48
1790,1710,333,9.48
5559,5639,333,6.96
4653,4733,333,6.97
4653,4652,333,6.97
5558,5639,333,8.58
2291,2372,333,8.57
4654,4733,333,6.47
4573,4652,333,6.46
5387,5388,334,11.17
2292,2293,334,11.17
2051,2052,334,11.16
1557,1477,334,9.48
1789,1709,334,9.47
2131,2052,334,12.76
1645,1566,334,12.78
5249,5250,334,8.32
4492,4491,334,6.97
1890,1811,334,12.76
2653,2572,334,7.29
4412,4491,334,6.46
5169,5250,334,6.37
1788,1709,334,10.83
5137,5138,334,11.17
3371,3290,334,8.57
3291,3290,334,6.96
5059,5139,334,1.85
1646,1566,334,11.17
1562,1482,335,11.18
4331,4330,335,6.96
5560,5640,335,6.95
5559,5640,335,8.57
2972,2891,335,7.29
2100,2020,335,6.52
4251,4330,335,6.45
1561,1482,335,10.86
1563,1483,336,11.17
1791,1711,336,9.48
2573,2493,336,9.49
1790,1711,336,10.84
3211,3210,336,6.96
4170,4169,336,6.95
2574,2493,336,7.28
4090,4169,336,6.45
5394,5473,336,6.45
5310,5390,336,4.06
3291,3210,336,8.57
2212,2213,337,11.17
1647,1567,337,11.16
1635,1555,337,9.49
1479,1399,337,9.49
2292,2213,337,12.77
2051,1972,337,12.76
5561,5641,337,6.96
5560,5641,337,8.57
2336,2335,337,5.91
1787,1706,337,7.27
2416,2335,337,7.29
3531,3611,337,6.95
3531,3530,337,6.95
1971,1972,337,11.16
3451,3530,337,6.45
1646,1567,337,12.78
3486,3406,337,1.11
2604,2605,337,1.1
1478,1398,338,9.5
2494,2414,338,9.48
5386,5466,338,6.96
5055,5054,338,6.96
3131,3130,338,6.96
3211,3130,338,8.57
2495,2414,338,7.27
5558,5637,338,6.46
2099,2019,338,6.52
5311,5391,338,4.06
4055,4056,338,2.96
3893,3813,338,1.11
1728,1649,338,12.76
1564,1484,339,11.17
5565,5566,339,11.17
1634,1554,339,9.48
1563,1484,339,12.77
4894,4893,339,6.96
5304,5384,339,6.96
5562,5642,339,6.96
1809,1730,339,12.76
5561,5642,339,8.57
5485,5566,339,8.58
1707,1627,339,9.48
3531,3612,339,8.56
2812,2811,339,5.91
2892,2811,339,7.29
1729,1730,339,11.16
2132,2133,340,11.17
5486,5487,340,11.18
1565,1485,340,11.17
1556,1476,340,9.49
2256,2176,340,9.48
2212,2133,340,12.77
1647,1568,340,12.76
1480,1400,340,9.49
1479,1400,340,10.85
5387,5467,340,6.96
3051,3050,340,6.96
1648,1568,340,11.16
1942,1862,340,6.53
5386,5467,340,8.58
5406,5487,340,8.58
3131,3050,340,8.58
2336,2255,340,7.28
4653,4732,340,6.47
2257,2176,340,7.28
5090,5091,340,2.96
4294,4295,340,2.96
5328,5409,340,8.59
1891,1892,340,11.15
5137,5217,340,6.96
1971,1892,340,12.76
1712,1632,341,9.48
5563,5643,341,6.96
4894,4813,341,8.58
5562,5643,341,8.57
1713,1632,341,7.28
4492,4571,341,6.46
3975,3976,341,2.97
4572,4571,341,6.97
1865,1784,341,7.28
1864,1784,341,9.49
2372,2373,342,11.15
1708,1628,342,9.48
4411,4410,342,6.96
5387,5468,342,8.58
3051,2970,342,8.58
2292,2373,342,8.57
4331,4410,342,6.46
2971,2970,342,6.96
2177,2097,342,9.48
2022,1941,342,5.01
5311,5392,342,5
2178,2097,342,7.29
1707,1628,342,10.84
4613,4614,342,2.96
5137,5218,342,8.58
5312,5392,342,4.06
2812,2731,342,7.29
1729,1650,342,12.76
2052,2053,343,11.18
2293,2294,343,11.17
1633,1553,343,9.48
2132,2053,343,12.77
1565,1486,343,12.77
4250,4249,343,6.96
5564,5644,343,6.96
1480,1401,343,10.85
5563,5644,343,8.57
1648,1569,343,12.76
1942,1863,343,7.46
4170,4249,343,6.45
1481,1401,343,9.48
1811,1731,343,11.15
1811,1812,343,11.15
1891,1812,343,12.75
1566,1486,343,11.18
1810,1731,343,12.75
5309,5389,343,4.06
5388,5389,343,11.16
5308,5389,343,5
1710,1630,344,9.49
5474,5554,344,6.96
5249,5330,344,6.38
2971,2890,344,8.58
3531,3610,344,6.45
4533,4534,344,2.96
1483,1403,345,11.16
1477,1397,345,9.49
2572,2492,345,9.49
1709,1629,345,9.48
1708,1629,345,10.84
5565,5645,345,6.96
3450,3449,345,6.95
5385,5465,345,6.97
5564,5645,345,8.57
2573,2492,345,7.29
5386,5465,345,6.46
5055,5134,345,6.46
5135,5215,345,6.97
5135,5134,345,6.97
1972,1973,346,11.16
1567,1487,346,11.17
2213,2214,346,11.17
1482,1402,346,9.48
2052,1973,346,12.78
2293,2214,346,12.77
5303,5383,346,6.96
5303,5302,346,6.96
5474,5555,346,8.57
2652,2651,346,5.92
2732,2651,346,7.29
4894,4973,346,6.46
5304,5383,346,6.46
1481,1402,346,10.84
1811,1732,346,12.75
4135,4136,346,2.96
1566,1487,346,12.78
3487,3407,346,1.11
2493,2413,347,9.49
1711,1631,347,9.48
1710,1631,347,10.85
3370,3369,347,6.95
5407,5488,347,8.58
5565,5646,347,8.58
3450,3369,347,8.57
2494,2413,347,7.28
2098,2018,347,6.52
5135,5216,347,8.58
5408,5488,347,6.97
5137,5216,347,6.46
5566,5567,348,11.17
1484,1404,348,11.17
1399,1319,348,9.49
1555,1475,348,9.49
1483,1404,348,12.76
5639,5719,348,6.96
2372,2452,348,6.95
5486,5567,348,8.58
1706,1626,348,9.48
1707,1626,348,7.28
4572,4651,348,6.46
4652,4651,348,6.97
2133,2134,349,11.17
1485,1405,349,11.17
1398,1318,349,9.5
2414,2334,349,9.48
1972,1893,349,12.76
1567,1488,349,12.77
2213,2134,349,12.77
3290,3289,349,6.96
1892,1893,349,11.15
3370,3289,349,8.57
2415,2334,349,7.28
2652,2571,349,7.29
2256,2175,349,7.28
4411,4490,349,6.46
1568,1488,349,11.16
4491,4490,349,6.96
5408,5489,349,8.59
3975,3896,349,3.39
4453,4454,349,2.97
4373,4454,349,2.28
1554,1474,350,9.48
1627,1547,350,9.49
1649,1570,350,12.76
5640,5720,350,6.95
4330,4329,350,6.96
5639,5720,350,8.57
2372,2453,350,8.56
4250,4329,350,6.45
4693,4694,350,2.96
1864,1783,350,7.28
2373,2374,351,11.15
1476,1396,351,9.49
2176,2096,351,9.48
1400,1320,351,9.5
5218,5219,351,11.17
1399,1320,351,10.85
5473,5553,351,6.96
5473,5472,351,6.96
4169,4168,351,6.96
3210,3209,351,6.96
3290,3209,351,8.57
2293,2374,351,8.57
5638,5718,351,5.17
5474,5553,351,6.45
2020,1940,351,6.52
1650,1651,351,11.15
2177,2096,351,7.28
5468,5469,351,11.17
1730,1651,351,12.75
5388,5469,351,8.57
1569,1489,352,11.16
2294,2295,352,11.17
2053,2054,352,11.17
1632,1552,352,9.47
1812,1813,352,11.15
1784,1704,352,9.5
2133,2054,352,12.77
1485,1406,352,12.77
5641,5721,352,6.96
5640,5721,352,8.57
1892,1813,352,12.75
1633,1552,352,7.28
3450,3529,352,6.45
5385,5464,352,6.46
1568,1489,352,12.75
5135,5214,352,6.46
4851,4932,352,2.28
3530,3529,352,6.95
1486,1406,352,11.18
1628,1548,353,9.5
1627,1548,353,10.85
5466,5546,353,6.96
2890,2810,353,11.17
3130,3129,353,6.96
4169,4088,353,8.57
3210,3129,353,8.57
5303,5382,353,6.46
1942,1861,353,5.01
5557,5636,353,4.79
1553,1473,354,9.48
1400,1321,354,10.86
5642,5722,354,6.96
5641,5722,354,8.57
2572,2491,354,7.29
2019,1939,354,6.52
1706,1705,354,5.91
1650,1571,354,12.75
1401,1321,354,9.49
4374,4375,354,2.96
1732,1652,355,11.15
1732,1733,355,11.15
2214,2215,355,11.18
1973,1974,355,11.17
1630,1550,355,9.5
1569,1490,355,12.76
2294,2215,355,12.77
2053,1974,355,12.78
1812,1733,355,12.75
3050,3049,355,6.96
5467,5547,355,6.96
5466,5547,355,8.58
3130,3049,355,8.58
2372,2451,355,6.44
1487,1407,355,11.17
4733,4812,355,6.46
5170,5171,355,2.96
4772,4853,355,2.28
1731,1652,355,12.75
4652,4731,355,6.46
1486,1407,355,12.78
4732,4812,355,6.97
4732,4731,355,6.97
3488,3408,355,1.11
3810,3811,355,1.11
5646,5647,356,11.17
1397,1317,356,9.5
1629,1549,356,9.5
1403,1323,356,9.49
2492,2412,356,9.49
1628,1549,356,10.86
5643,5723,356,6.96
1862,1782,356,6.52
5642,5723,356,8.57
5566,5647,356,8.58
2493,2412,356,7.28
4491,4570,356,6.46
4571,4570,356,6.97
1404,1324,357,11.18
5567,5568,357,11.17
1402,1322,357,9.49
2970,2969,357,6.96
4410,4409,357,6.97
3050,2969,357,8.58
5467,5548,357,8.58
2255,2254,357,5.91
5487,5568,357,8.58
5218,5298,357,6.96
2335,2254,357,7.28
4330,4409,357,6.46
1706,1625,357,7.28
1401,1322,357,10.85
5468,5548,357,6.96
2134,2135,358,11.18
1488,1408,358,11.16
1405,1325,358,11.18
1631,1551,358,9.47
2413,2333,358,9.48
1732,1653,358,12.75
2214,2135,358,12.78
1973,1894,358,12.77
1630,1551,358,10.86
4249,4248,358,6.96
5644,5724,358,6.96
5643,5724,358,8.57
5637,5717,358,5.17
2414,2333,358,7.28
5473,5552,358,6.45
4169,4248,358,6.45
1893,1894,358,11.16
1487,1408,358,12.77
2097,2017,358,6.52
3730,3731,358,1.11
1319,1239,359,9.49
1475,1395,359,9.49
1626,1546,359,9.49
2970,2889,359,8.58
2373,2454,359,8.56
1627,1546,359,7.29
2890,2889,359,6.96
2731,2730,359,5.91
5218,5299,359,8.57
5221,5301,359,1.85
5468,5549,359,8.58
3530,3609,359,6.45
2811,2730,359,7.29
2374,2375,360,11.17
5469,5470,360,11.16
2175,2095,360,9.48
1318,1238,360,9.49
3449,3448,360,6.95
5645,5725,360,6.96
5465,5545,360,6.96
2294,2375,360,8.57
5644,5725,360,8.57
2255,2174,360,7.28
2176,2095,360,7.28
5466,5545,360,6.46
4215,4216,360,2.96
4773,4774,360,2.96
3893,3814,360,1.26
2054,2055,361,11.18
2295,2296,361,11.18
1813,1814,361,11.17
1474,1394,361,9.49
1547,1467,361,9.47
1489,1409,361,11.17
2134,2055,361,12.78
1488,1409,361,12.76
1405,1326,361,12.78
5383,5463,361,6.96
2651,2650,361,6.97
1784,1703,361,7.29
5384,5463,361,6.46
2890,2809,361,8.58
1783,1703,361,9.5
1893,1814,361,12.76
1406,1326,361,11.18
3650,3651,361,1.11
4973,5053,361,6.96
4973,4972,361,6.96
1320,1240,362,9.5
1396,1316,362,9.5
2096,2016,362,9.48
1570,1491,362,12.75
1319,1240,362,10.85
5646,5726,362,6.96
3369,3368,362,6.95
5216,5296,362,6.97
3449,3368,362,8.57
5645,5726,362,8.58
1940,1860,362,9.48
4732,4811,362,6.46
1571,1572,363,11.15
2491,2411,363,11.17
1552,1472,363,9.47
1651,1572,363,12.76
4651,4650,363,6.97
2651,2570,363,8.58
1553,1472,363,7.28
5391,5471,363,4.06
4813,4892,363,6.46
2018,1938,363,6.52
4571,4650,363,6.46
4973,4892,363,8.58
2215,2216,364,11.19
1490,1410,364,11.16
1733,1734,364,11.17
1407,1327,364,11.17
1548,1468,364,9.47
2054,1975,364,12.78
2295,2216,364,12.78
1813,1734,364,12.77
1547,1468,364,10.83
1489,1410,364,12.77
3289,3288,364,6.96
5646,5727,364,8.57
3369,3288,364,8.57
5216,5297,364,8.58
4410,4489,364,6.46
5218,5297,364,6.45
4490,4489,364,6.97
5011,5012,364,2.96
5488,5569,364,8.59
1974,1975,364,11.17
1406,1327,364,12.79
3570,3571,364,1.11
3489,3409,364,1.11
1473,1393,365,9.48
1320,1241,365,10.86
5720,5800,365,6.95
4329,4328,365,6.97
5647,5648,365,11.17
5567,5648,365,8.58
4249,4328,365,6.46
1321,1241,365,9.49
1550,1470,366,9.47
1571,1492,366,12.75
3209,3208,366,6.96
2571,2490,366,8.58
3289,3208,366,8.57
4168,4167,366,6.96
5220,5300,366,1.85
2135,2136,367,11.17
1653,1573,367,11.16
1653,1654,367,11.16
1894,1895,367,11.17
1408,1328,367,11.17
1323,1243,367,9.5
1549,1469,367,9.47
2412,2332,367,9.48
2215,2136,367,12.79
1490,1411,367,12.76
1733,1654,367,12.77
1652,1573,367,12.76
1407,1328,367,12.78
1548,1469,367,10.83
5464,5544,367,6.95
5721,5801,367,6.95
3529,3528,367,6.95
5720,5801,367,8.56
2413,2332,367,7.28
3449,3528,367,6.45
1317,1237,367,9.49
5465,5544,367,6.45
1782,1702,367,9.49
1974,1895,367,12.77
5549,5550,368,11.17
1322,1242,368,9.49
5546,5626,368,6.96
3129,3128,368,6.96
3209,3128,368,8.57
2374,2455,368,8.57
5469,5550,368,8.57
5719,5799,368,5.16
1626,1545,368,7.29
5383,5462,368,6.45
1321,1242,368,10.85
5637,5716,368,4.79
4168,4087,368,8.57
5250,5251,368,2.97
5556,5635,368,3.77
4973,5052,368,6.46
1324,1244,368,9.49
2375,2376,369,11.18
2333,2253,369,9.48
1551,1471,369,9.46
1550,1471,369,10.83
5722,5802,369,6.96
2295,2376,369,8.58
5721,5802,369,8.56
1861,1781,369,6.52
2334,2253,369,7.28
2175,2094,369,7.28
5216,5295,369,6.46
1862,1781,369,5.01
5554,5634,369,4.06
1325,1245,369,9.49
2296,2297,370,11.18
1814,1815,370,11.17
2055,2056,370,11.17
2135,2056,370,12.77
1653,1574,370,12.76
1894,1815,370,12.77
1408,1329,370,12.77
1395,1315,370,9.49
5547,5627,370,6.96
4731,4730,370,6.97
3049,3048,370,6.96
1409,1329,370,11.17
5546,5627,370,8.57
3129,3048,370,8.57
1547,1466,370,7.27
1239,1159,370,9.5
4651,4730,370,6.46
1939,1859,370,6.52
1326,1246,370,11.19
2809,2729,370,11.17
2810,2729,370,8.58
2095,2015,371,9.48
1238,1158,371,9.49
5723,5803,371,6.96
5722,5803,371,8.57
2491,2410,371,8.58
5718,5798,371,5.17
2096,2015,371,7.28
4490,4569,371,6.46
4570,4569,371,6.97
1467,1387,372,9.47
2969,2968,372,6.96
5547,5628,372,8.58
3049,2968,372,8.57
1394,1314,372,9.5
4409,4408,372,6.97
4329,4408,372,6.46
4056,4057,372,2.97
5548,5628,372,6.97
1410,1330,373,11.16
2216,2217,373,11.17
1734,1735,373,11.17
1327,1247,373,11.18
1316,1236,373,9.49
2296,2217,373,12.78
1814,1735,373,12.77
2055,1976,373,12.77
5723,5804,373,8.57
1409,1330,373,12.77
5724,5804,373,6.96
5647,5728,373,8.57
1239,1160,373,10.86
4248,4247,373,6.97
5727,5728,373,11.17
4168,4247,373,6.45
5552,5632,373,6.96
5552,5551,373,6.96
1240,1160,373,9.5
1975,1976,373,11.17
1326,1247,373,12.79
2411,2331,374,9.49
1491,1412,374,12.76
2889,2888,374,6.96
5299,5379,374,6.96
5549,5629,374,6.96
2969,2888,374,8.58
1473,1392,374,7.28
5464,5543,374,6.45
3529,3608,374,6.45
5648,5649,374,11.18
5409,5410,374,2.97
2017,1937,374,6.52
4295,4296,374,2.96
5091,5092,374,2.96
5568,5649,374,8.59
5548,5629,374,8.58
1492,1493,375,11.16
1468,1388,375,9.47
1572,1493,375,12.75
1467,1388,375,10.83
5545,5625,375,6.95
3448,3447,375,6.96
5546,5625,375,6.45
5724,5805,375,8.57
5725,5805,375,6.96
3976,3977,375,2.97
5552,5633,375,8.57
2923,2924,375,1.11
1411,1331,376,11.16
1328,1248,376,11.16
1654,1655,376,11.16
1895,1896,376,11.17
1410,1331,376,12.76
2216,2137,376,12.77
1734,1655,376,12.77
1327,1248,376,12.78
2650,2649,376,6.96
2889,2808,376,8.58
5299,5380,376,8.57
5549,5630,376,8.58
2136,2137,376,11.16
1393,1313,376,9.48
4614,4615,376,2.96
1241,1161,376,9.5
1782,1701,376,7.28
2730,2649,376,8.58
1240,1161,376,10.86
1975,1896,376,12.77
2809,2808,376,6.96
2455,2456,377,11.15
1470,1390,377,9.47
3368,3367,377,6.96
4811,4891,377,6.96
4811,4810,377,6.96
2174,2173,377,5.91
3448,3367,377,8.57
2375,2456,377,8.58
2254,2173,377,7.28
4731,4810,377,6.46
5725,5806,377,8.57
5726,5806,377,6.96
4812,4891,377,6.46
2376,2377,378,11.19
1469,1389,378,9.48
1237,1157,378,9.48
2332,2252,378,9.48
1492,1413,378,12.76
1468,1389,378,10.83
4650,4649,378,6.96
2570,2569,378,6.96
2016,1936,378,6.52
2296,2377,378,8.58
2650,2569,378,8.58
2333,2252,378,7.28
5717,5797,378,5.17
1860,1780,378,6.52
5330,5331,378,2.97
1243,1163,378,9.49
4534,4535,378,2.96
2809,2728,378,8.58
2843,2844,378,1.11
4570,4649,378,6.46
1815,1816,379,11.17
1574,1494,379,11.16
1574,1575,379,11.16
2297,2298,379,11.17
1411,1332,379,12.76
1573,1494,379,12.76
1328,1249,379,12.76
1654,1575,379,12.76
1895,1816,379,12.77
3288,3287,379,6.96
1329,1249,379,11.17
3368,3287,379,8.57
2136,2057,379,12.76
4409,4488,379,6.46
2056,2057,379,11.16
1938,1858,379,6.52
4489,4488,379,6.97
5726,5807,379,8.57
5727,5807,379,6.96
1242,1162,379,9.49
1244,1164,379,9.49
1241,1162,379,10.86
3932,3852,379,1.1
2094,2014,380,9.48
1470,1391,380,10.83
4328,4327,380,6.97
1245,1165,380,9.5
2570,2489,380,8.58
2095,2014,380,7.28
2174,2093,380,7.28
4248,4327,380,6.46
4136,4137,380,2.96
5552,5631,380,6.45
1246,1166,381,9.5
1159,1079,381,9.49
1315,1235,381,9.48
3208,3207,381,6.96
4167,4166,381,6.96
3288,3207,381,8.57
1467,1386,381,7.27
5299,5378,381,6.45
5727,5808,381,8.57
2763,2764,381,1.11
1735,1736,382,11.16
5728,5729,382,11.18
1976,1977,382,11.16
1158,1078,382,9.49
1815,1736,382,12.77
1574,1495,382,12.76
2297,2218,382,12.77
2015,1935,382,9.48
2410,2330,382,9.49
5544,5624,382,6.95
1329,1250,382,12.77
2217,2218,382,11.16
5545,5624,382,6.45
3448,3527,382,6.45
1330,1250,382,11.15
5801,5881,382,6.94
5648,5729,382,8.58
2056,1977,382,12.76
5649,5650,383,11.18
1387,1307,383,9.48
1314,1234,383,9.49
2455,2535,383,6.95
5626,5706,383,6.95
3128,3127,383,6.96
3208,3127,383,8.57
4167,4086,383,8.58
5462,5542,383,6.96
5462,5461,383,6.96
5463,5542,383,6.45
2490,2409,383,8.58
5636,5715,383,4.79
4454,4455,383,2.96
5489,5490,383,2.97
3976,3897,383,3.39
4374,4455,383,2.28
1236,1156,384,9.48
1247,1167,384,9.48
1246,1167,384,10.86
1159,1080,384,10.85
5802,5882,384,6.95
4811,4890,384,6.46
5801,5882,384,8.56
4694,4695,384,2.96
1160,1080,384,9.5
2137,2138,385,11.15
1331,1251,385,11.16
1655,1656,385,11.15
1896,1897,385,11.16
2331,2251,385,9.48
1735,1656,385,12.76
1976,1897,385,12.76
3048,3047,385,6.96
4730,4729,385,6.96
5627,5707,385,6.95
2455,2536,385,8.56
5626,5707,385,8.57
3128,3047,385,8.57
5462,5381,385,8.57
4650,4729,385,6.46
4892,4971,385,6.46
2217,2138,385,12.76
1330,1251,385,12.75
1393,1312,385,7.28
3570,3491,385,1.27
2456,2457,386,11.18
1412,1333,386,12.76
5649,5570,386,12.78
1387,1308,386,10.84
4569,4568,386,6.97
1859,1779,386,6.52
5802,5883,386,8.56
2376,2457,386,8.59
1388,1308,386,9.48
5803,5883,386,6.95
1704,1624,386,2.97
4489,4568,386,6.46
4932,4933,386,2.96
4852,4933,386,2.28
3490,3410,386,1.11
3489,3410,386,1.27
2377,2378,387,11.17
1413,1414,387,11.17
1248,1168,387,9.48
1313,1233,387,9.48
1493,1414,387,12.77
1247,1168,387,10.84
2968,2967,387,6.96
3048,2967,387,8.57
2297,2378,387,8.57
5627,5708,387,8.57
4328,4407,387,6.46
2728,2648,387,11.17
4408,4407,387,6.97
1161,1081,387,9.49
2729,2648,387,8.58
1160,1081,387,10.86
5628,5708,387,6.96
1575,1576,388,11.16
2057,2058,388,11.15
1332,1252,388,11.16
1816,1817,388,11.16
2137,2058,388,12.75
1331,1252,388,12.76
1655,1576,388,12.75
1896,1817,388,12.76
1249,1169,388,11.16
5716,5796,388,5.17
5799,5879,388,5.16
2298,2299,388,11.16
4167,4246,388,6.46
5803,5884,388,8.57
5717,5796,388,4.79
4375,4376,388,2.96
5804,5884,388,6.96
4247,4246,388,6.97
1157,1077,389,9.49
1780,1700,389,9.49
2252,2172,389,9.48
5629,5709,389,6.96
2968,2887,389,8.57
5543,5623,389,6.96
2253,2172,389,7.28
2094,2013,389,7.28
1388,1309,389,10.84
2888,2887,389,6.96
5544,5623,389,6.45
1389,1309,389,9.48
4853,4854,389,2.96
5801,5880,389,6.44
1163,1083,389,9.49
5171,5172,389,2.96
1781,1700,389,7.29
4773,4854,389,2.27
5628,5709,389,8.58
5808,5809,390,11.17
1413,1334,390,12.77
3447,3446,390,6.96
5625,5705,390,6.95
5805,5885,390,6.96
5728,5809,390,8.58
2455,2534,390,6.45
5626,5705,390,6.45
5462,5541,390,6.45
1162,1082,390,9.49
1937,1857,390,6.52
1161,1082,390,10.85
1164,1084,390,9.5
5804,5885,390,8.57
1495,1415,391,11.16
1495,1496,391,11.16
1736,1737,391,11.16
2218,2219,391,11.17
1977,1978,391,11.18
5729,5730,391,11.18
1165,1085,391,9.49
1391,1311,391,9.47
1575,1496,391,12.76
1494,1415,391,12.76
2057,1978,391,12.75
1332,1253,391,12.76
1816,1737,391,12.76
5630,5710,391,6.96
1249,1170,391,12.76
5649,5730,391,8.58
5629,5710,391,8.58
2015,1934,391,7.28
2888,2807,391,8.58
2410,2329,391,7.28
1250,1170,391,11.15
2298,2219,391,12.76
5798,5878,391,5.17
2808,2807,391,6.96
2014,1934,391,9.48
5650,5651,392,11.17
1079,999,392,9.5
1235,1155,392,9.49
1386,1306,392,9.48
1166,1086,392,9.5
3367,3366,392,6.96
4810,4809,392,6.96
5806,5886,392,6.96
3447,3366,392,8.57
5805,5886,392,8.57
1387,1306,392,7.28
4730,4809,392,6.46
1389,1310,392,10.84
4086,4006,392,11.17
1078,998,393,9.49
4649,4648,393,6.96
5630,5711,393,8.57
2330,2250,393,9.48
4569,4648,393,6.46
2728,2727,393,6.96
2808,2727,393,8.58
2569,2568,393,6.96
2649,2568,393,8.58
2536,2537,394,11.15
1251,1171,394,11.16
1656,1657,394,11.16
1897,1898,394,11.18
2138,2139,394,11.15
1234,1154,394,9.48
1495,1416,394,12.76
1736,1657,394,12.76
2218,2139,394,12.77
1977,1898,394,12.78
5807,5887,394,6.96
3287,3286,394,6.96
1936,1856,394,6.52
2456,2537,394,8.58
3367,3286,394,8.57
5806,5887,394,8.57
1307,1227,394,9.48
1250,1171,394,12.75
4408,4487,394,6.46
4774,4775,394,2.96
4216,4217,394,2.96
4488,4487,394,6.96
3931,3851,394,1.11
5634,5714,394,4.06
2528,2529,394,1.1
3894,3815,394,1.26
2457,2458,395,11.18
1156,1076,395,9.49
1167,1087,395,9.49
5650,5571,395,12.78
1079,1000,395,10.86
1166,1087,395,10.86
1858,1778,395,6.52
2377,2458,395,8.57
2728,2647,395,8.58
1703,1623,395,2.97
2569,2488,395,8.58
4327,4326,395,6.96
4086,4007,395,12.77
4247,4326,395,6.46
1080,1000,395,9.49
2449,2450,395,1.1
2251,2171,396,9.48
2378,2379,396,11.16
5808,5888,396,6.96
3207,3206,396,6.96
5807,5888,396,8.57
3287,3206,396,8.57
1313,1232,396,7.28
5378,5458,396,6.95
5378,5377,396,6.95
5543,5622,396,6.45
2298,2379,396,8.57
4166,4165,396,6.97
1817,1818,397,11.17
1252,1172,397,11.16
2058,2059,397,11.15
1576,1577,397,11.17
2299,2300,397,11.16
1779,1699,397,9.49
1308,1228,397,9.48
1169,1089,397,11.16
1251,1172,397,12.76
1656,1577,397,12.76
1897,1818,397,12.78
2138,2059,397,12.75
5624,5704,397,6.96
3527,3607,397,6.96
3527,3526,397,6.96
5631,5712,397,8.57
2093,2092,397,5.91
2173,2092,397,7.28
3447,3526,397,6.45
5625,5704,397,6.44
1307,1228,397,10.84
3164,3165,397,1.1
1233,1153,398,9.48
1168,1088,398,9.48
1333,1254,398,12.76
1167,1088,398,10.85
5706,5786,398,6.95
3127,3126,398,6.96
1935,1855,398,6.52
5808,5889,398,8.58
1386,1385,398,5.91
3207,3126,398,8.57
5378,5459,398,8.57
5716,5795,398,4.8
5797,5877,398,5.17
5012,5013,398,2.96
1081,1001,398,9.49
4086,4085,398,6.96
1080,1001,398,10.86
4166,4085,398,8.59
5809,5810,399,11.18
1414,1335,399,12.76
4890,4970,399,6.96
4890,4889,399,6.96
5729,5810,399,8.58
4810,4889,399,6.46
4891,4970,399,6.46
1737,1738,400,11.17
1253,1173,400,11.17
1978,1979,400,11.18
2219,2220,400,11.17
5730,5731,400,11.17
1496,1497,400,11.17
1309,1229,400,9.49
1077,997,400,9.5
1700,1620,400,9.49
1817,1738,400,12.77
1252,1173,400,12.76
2058,1979,400,12.75
1576,1497,400,12.77
2299,2220,400,12.76
1083,1003,400,9.49
1308,1229,400,10.84
2536,2616,400,6.95
5707,5787,400,6.95
1169,1090,400,12.76
3047,3046,400,6.96
4971,5051,400,6.96
4729,4728,400,6.96
5706,5787,400,8.57
3127,3046,400,8.57
5650,5731,400,8.58
2409,2408,400,5.91
2093,2012,400,7.28
4649,4728,400,6.45
2013,1933,400,9.48
2489,2408,400,7.28
2014,1933,400,7.28
5134,5133,400,1.85
4086,4005,400,8.58
5633,5713,400,4.06
3084,3085,400,1.11
5883,5963,401,6.95
4568,4567,401,6.96
1386,1305,401,7.28
5651,5652,401,11.17
1082,1002,401,9.49
1702,1622,401,2.97
1081,1002,401,10.85
4488,4567,401,6.46
1084,1004,401,9.5
1085,1005,402,9.49
1934,1854,402,9.49
2329,2249,402,9.49
2967,2966,402,6.96
5708,5788,402,6.95
2536,2617,402,8.56
5707,5788,402,8.56
3047,2966,402,8.57
2330,2249,402,7.28
1545,1465,402,2.96
5251,5252,402,2.96
4407,4406,402,6.97
4327,4406,402,6.46
2608,2609,402,1.1
2537,2538,403,11.15
1657,1658,403,11.17
2139,2140,403,11.15
1416,1336,403,11.16
1416,1417,403,11.16
1898,1899,403,11.17
1086,1006,403,9.5
1155,1075,403,9.5
1737,1658,403,12.77
1415,1336,403,12.76
1253,1174,403,12.77
1978,1899,403,12.78
2219,2140,403,12.77
1496,1417,403,12.77
1309,1230,403,10.85
1700,1621,403,10.86
5884,5964,403,6.95
5883,5964,403,8.57
2457,2538,403,8.59
2409,2328,403,7.28
5378,5457,403,6.45
1307,1226,403,7.28
4166,4245,403,6.46
4246,4245,403,6.96
1306,1226,403,9.49
2458,2459,404,11.19
2887,2886,404,6.96
2967,2886,404,8.57
2250,2170,404,9.48
2648,2567,404,8.58
5708,5789,404,8.56
2378,2459,404,8.57
5624,5703,404,6.45
3527,3606,404,6.45
5623,5703,404,6.97
5651,5572,404,12.77
5709,5789,404,6.95
1154,1074,405,9.48
1856,1776,405,9.49
5885,5965,405,6.96
3446,3445,405,6.95
2299,2380,405,8.57
5884,5965,405,8.57
5706,5785,405,6.45
5542,5621,405,6.46
2379,2380,405,11.15
3244,3245,405,1.11
1577,1578,406,11.17
1818,1819,406,11.16
2059,2060,406,11.16
2300,2301,406,11.17
1089,1009,406,11.17
1087,1007,406,9.48
1778,1698,406,9.48
1076,996,406,9.5
1657,1578,406,12.77
2139,2060,406,12.75
1416,1337,406,12.76
1898,1819,406,12.77
1086,1007,406,10.86
1857,1777,406,6.52
2887,2806,406,8.58
1779,1698,406,7.29
2807,2806,406,6.96
4890,4969,406,6.46
4057,4058,406,2.97
5710,5790,406,6.95
5709,5790,406,8.56
1000,920,406,9.5
5889,5890,407,11.17
2171,2091,407,9.48
3366,3365,407,6.95
4809,4808,407,6.96
5886,5966,407,6.96
1311,1231,407,6.51
5885,5966,407,8.57
3446,3365,407,8.57
5809,5890,407,8.58
1233,1152,407,7.28
2536,2615,407,6.44
4971,5050,407,6.46
4729,4808,407,6.46
5330,5411,407,2.28
5214,5294,407,1.85
5214,5213,407,1.85
4010,3930,407,1.1
5810,5811,408,11.18
1699,1619,408,9.5
4648,4647,408,6.96
5730,5811,408,8.58
5796,5876,408,5.17
5883,5962,408,6.45
2807,2726,408,8.58
4568,4647,408,6.46
2727,2726,408,6.96
4296,4297,408,2.96
5710,5791,408,8.56
5797,5876,408,4.8
5092,5093,408,2.96
3490,3411,408,1.27
1738,1739,409,11.18
1979,1980,409,11.18
4005,3925,409,11.18
2220,2221,409,11.17
1497,1498,409,11.17
1153,1073,409,9.48
1088,1008,409,9.47
1855,1775,409,9.49
1577,1498,409,12.77
1818,1739,409,12.76
2059,1980,409,12.76
2300,2221,409,12.77
1001,921,409,9.5
1089,1010,409,12.77
1087,1008,409,10.84
5887,5967,409,6.96
3286,3285,409,6.95
3366,3285,409,8.57
5886,5967,409,8.57
5731,5732,409,11.17
3977,3978,409,2.97
5651,5732,409,8.58
2013,1932,409,7.28
4407,4486,409,6.46
4487,4486,409,6.97
1000,921,409,10.86
5652,5653,410,11.17
2727,2646,410,8.58
5881,5961,410,3.69
4615,4616,410,2.96
4326,4325,410,6.97
4246,4325,410,6.46
1227,1147,410,6.52
2617,2618,411,11.14
1933,1853,411,9.49
997,917,411,9.5
5888,5968,411,6.96
5377,5376,411,6.95
3206,3205,411,6.96
5622,5702,411,6.96
4165,4164,411,6.97
2537,2618,411,8.56
5887,5968,411,8.57
3286,3205,411,8.57
1934,1853,411,7.28
5878,5958,411,5.18
2329,2248,411,7.28
5458,5538,411,6.95
1003,923,411,9.5
5623,5702,411,6.46
1336,1256,412,11.17
1658,1659,412,11.17
2538,2539,412,11.16
1899,1900,412,11.17
1417,1418,412,11.17
2140,2141,412,11.16
1738,1659,412,12.78
1979,1900,412,12.79
4005,3926,412,12.78
2220,2141,412,12.77
1497,1418,412,12.77
3526,3525,412,6.96
3607,3687,412,6.96
1001,922,412,10.86
2488,2487,412,5.91
2458,2539,412,8.59
3446,3525,412,6.45
5331,5332,412,2.97
1004,924,412,9.51
1002,922,412,9.49
4535,4536,412,2.96
1305,1225,412,9.48
1306,1225,412,7.28
2249,2169,413,9.48
1854,1774,413,9.49
5652,5573,413,12.77
5889,5969,413,6.96
3126,3125,413,6.96
1228,1148,413,6.52
5888,5969,413,8.57
3206,3125,413,8.57
4165,4084,413,8.59
2459,2460,413,11.19
5458,5539,413,8.57
2250,2169,413,7.28
4085,4084,413,6.96
2379,2460,413,8.56
1005,925,413,9.49
3324,3325,413,1.11
1227,1148,413,7.46
2380,2381,414,11.15
1075,995,414,9.5
1006,926,414,9.49
997,918,414,10.86
4889,4888,414,6.96
3607,3688,414,8.57
2300,2381,414,8.57
4809,4888,414,6.46
5878,5959,414,6.38
4137,4138,414,2.96
2604,2685,414,0.85
2301,2302,415,11.16
1819,1820,415,11.17
2060,2061,415,11.17
1337,1257,415,11.17
1337,1338,415,11.17
1578,1579,415,11.16
1336,1257,415,12.77
1658,1579,415,12.77
1899,1820,415,12.77
1417,1338,415,12.77
2140,2061,415,12.76
3046,3045,415,6.96
2616,2696,415,6.95
4005,4004,415,6.96
4728,4727,415,6.96
2170,2090,415,9.48
5889,5970,415,8.58
3126,3045,415,8.57
2488,2407,415,7.28
2647,2566,415,7.29
1778,1697,415,7.28
4648,4727,415,6.45
5051,5131,415,6.96
4085,4004,415,8.57
1000,919,415,7.29
5890,5891,416,11.18
1074,994,416,9.49
4567,4566,416,6.97
1229,1149,416,6.52
5810,5891,416,8.58
1228,1149,416,7.46
4487,4566,416,6.46
5811,5812,417,11.17
996,916,417,9.5
1007,927,417,9.48
1698,1618,417,9.49
1006,927,417,10.85
2966,2965,417,6.95
2617,2697,417,6.94
3046,2965,417,8.57
2616,2697,417,8.56
4005,3924,417,8.58
2012,2011,417,5.91
1699,1618,417,7.29
5788,5868,417,6.95
5051,5132,417,8.58
2092,2011,417,7.28
4455,4456,417,2.96
5880,5960,417,3.69
5731,5812,417,8.57
3977,3898,417,3.39
5490,5491,417,2.97
4375,4456,417,2.27
4406,4405,417,6.97
4326,4405,417,6.46
5732,5733,418,11.17
1498,1499,418,11.16
2221,2222,418,11.16
1739,1740,418,11.19
1980,1981,418,11.18
1152,1072,418,9.48
1231,1151,418,9.47
2301,2222,418,12.76
1819,1740,418,12.77
2060,1981,418,12.77
1337,1258,418,12.77
1578,1499,418,12.76
5652,5733,418,8.58
1153,1072,418,7.28
5877,5957,418,5.17
5377,5456,418,6.45
5622,5701,418,6.46
4165,4244,418,6.47
4245,4244,418,6.97
5796,5875,418,4.79
5458,5537,418,6.45
4853,4934,418,2.27
5457,5537,418,6.96
5457,5456,418,6.96
1305,1304,418,5.91
4695,4696,418,2.96
1619,1539,419,9.5
2886,2885,419,6.96
3606,3686,419,6.95
3606,3605,419,6.95
5703,5783,419,6.97
1230,1150,419,6.51
2966,2885,419,8.57
2617,2698,419,8.55
1229,1150,419,7.45
3526,3605,419,6.45
3607,3686,419,6.45
5788,5869,419,8.56
5714,5794,419,4.06
5789,5869,419,6.95
1226,1146,419,6.52
2618,2619,420,11.15
1073,993,420,9.48
1932,1852,420,9.48
1007,928,420,10.84
5965,6045,420,6.96
3445,3444,420,6.96
5621,5620,420,6.96
1336,1255,420,8.57
2538,2619,420,8.57
1933,1852,420,7.28
2012,1931,420,7.28
1008,928,420,9.48
1624,1544,420,2.97
2328,2327,420,5.91
1625,1544,420,2.28
2408,2327,420,7.28
1418,1419,421,11.16
2141,2142,421,11.16
1900,1901,421,11.17
1659,1660,421,11.17
1256,1176,421,11.19
1498,1419,421,12.76
2221,2142,421,12.76
1739,1660,421,12.79
1980,1901,421,12.78
4969,5049,421,6.96
4969,4968,421,6.96
2539,2540,421,11.16
1776,1696,421,6.53
2886,2805,421,8.57
5703,5784,421,8.59
4889,4968,421,6.46
2806,2805,421,6.96
4970,5049,421,6.46
2459,2540,421,8.59
3812,3732,421,1.11
1305,1224,421,7.28
5789,5870,421,8.56
2460,2461,422,11.18
2248,2168,422,9.49
1853,1773,422,9.49
1619,1540,422,10.86
5966,6046,422,6.96
4808,4807,422,6.96
3365,3364,422,6.96
5965,6046,422,8.57
3445,3364,422,8.57
5621,5540,422,8.57
2380,2461,422,8.56
5050,5130,422,6.96
2249,2168,422,7.28
1854,1773,422,7.28
2616,2695,422,6.44
4728,4807,422,6.46
5051,5130,422,6.46
4376,4377,422,2.96
3004,3005,422,1.1
4009,3929,422,1.1
5712,5792,422,4.06
5711,5792,422,5
3084,3005,422,1.26
2381,2382,423,11.16
4647,4646,423,6.96
2726,2725,423,6.96
2301,2382,423,8.57
4567,4646,423,6.46
2806,2725,423,8.58
1008,929,423,10.84
4854,4855,423,2.96
5172,5173,423,2.96
2328,2247,423,7.28
4774,4855,423,2.27
1225,1145,423,9.48
3773,3772,423,0.69
1579,1580,424,11.15
1338,1339,424,11.16
1820,1821,424,11.18
2061,2062,424,11.17
1257,1177,424,11.18
5970,5971,424,11.17
2169,2089,424,9.48
1774,1694,424,9.49
1418,1339,424,12.76
2141,2062,424,12.76
1900,1821,424,12.77
1659,1580,424,12.77
1256,1177,424,12.79
5967,6047,424,6.96
2302,2303,424,11.16
3285,3284,424,6.95
5966,6047,424,8.57
5890,5971,424,8.58
3365,3284,424,8.57
2567,2486,424,7.29
2170,2089,424,7.28
5788,5867,424,6.44
5295,5375,424,1.85
4406,4485,424,6.47
4486,4485,424,6.98
5891,5892,425,11.17
995,915,425,9.5
1775,1695,425,6.52
2726,2645,425,8.58
5811,5892,425,8.57
4325,4324,425,6.97
926,846,425,9.49
4245,4324,425,6.46
5713,5793,425,4.06
5457,5536,425,6.45
3693,3692,425,0.69
1697,1617,426,9.49
5812,5813,426,11.16
5968,6048,426,6.96
3205,3204,426,6.96
5538,5618,426,6.96
5702,5782,426,6.96
5967,6048,426,8.57
5732,5813,426,8.58
3285,3204,426,8.57
3924,3844,426,11.17
1698,1617,426,7.29
3606,3685,426,6.45
5703,5782,426,6.47
4164,4163,426,6.97
2090,2010,426,9.48
5786,5866,426,3.69
1147,1067,426,6.52
1499,1500,427,11.16
2222,2223,427,11.16
1981,1982,427,11.18
1258,1178,427,11.17
1258,1259,427,11.17
1740,1741,427,11.18
1579,1500,427,12.75
1338,1259,427,12.76
1820,1741,427,12.78
2061,1982,427,12.77
1257,1178,427,12.78
4138,4139,427,8.3
5733,5734,427,11.17
3525,3524,427,6.96
2302,2223,427,12.76
1152,1071,427,7.27
5965,6044,427,6.45
3445,3524,427,6.45
5621,5700,427,6.46
994,914,427,9.5
1305,1384,427,5.48
2698,2699,428,11.16
1618,1538,428,9.48
3125,3124,428,6.96
4084,4083,428,6.96
5969,6049,428,6.96
5968,6049,428,8.57
3205,3124,428,8.57
2618,2699,428,8.56
5538,5619,428,8.58
1619,1538,428,7.29
4969,5048,428,6.46
916,836,428,9.49
4164,4083,428,8.59
5877,5956,428,4.8
926,847,428,10.85
4217,4218,428,2.97
927,847,428,9.49
3406,3326,428,1.11
3895,3816,428,1.26
4775,4776,428,2.96
4138,4059,429,9.49
1256,1175,429,8.59
1073,992,429,7.28
1932,1851,429,7.28
4808,4887,429,6.46
2619,2620,429,11.15
3924,3845,429,12.77
2539,2620,429,8.57
5050,5129,429,6.46
5963,6043,429,3.69
1147,1068,429,7.45
1623,1543,429,2.97
3813,3733,429,1.11
1148,1068,429,6.52
1901,1902,430,11.18
1660,1661,430,11.18
2142,2143,430,11.18
1419,1420,430,11.16
1499,1420,430,12.76
2222,2143,430,12.76
1981,1902,430,12.78
1258,1179,430,12.77
1740,1661,430,12.78
4727,4726,430,6.97
3045,3044,430,6.96
4004,4003,430,6.96
5970,6050,430,6.96
2460,2541,430,8.59
3125,3044,430,8.57
4084,4003,430,8.57
5969,6050,430,8.57
5733,5654,430,12.77
2646,2565,430,7.29
2696,2776,430,6.95
4647,4726,430,6.46
2540,2541,430,11.17
1852,1772,431,9.49
4566,4565,431,6.97
2381,2462,431,8.57
2461,2462,431,11.18
2248,2167,431,7.28
1853,1772,431,7.29
916,837,431,10.85
927,848,431,10.84
5380,5460,431,1.85
1545,1464,431,2.27
4486,4565,431,6.47
2382,2383,432,11.16
2965,2964,432,6.95
4405,4404,432,6.98
1149,1069,432,6.52
3045,2964,432,8.57
4004,3923,432,8.58
5970,6051,432,8.58
2487,2406,432,7.28
2407,2406,432,5.91
2696,2777,432,8.57
2302,2383,432,8.57
3924,3923,432,6.96
2697,2777,432,6.95
4325,4404,432,6.47
1225,1144,432,7.28
5013,5014,432,2.96
1148,1069,432,7.45
1580,1581,433,11.16
2062,2063,433,11.19
1339,1340,433,11.17
5971,5972,433,11.18
2168,2088,433,9.48
1773,1693,433,9.49
1901,1822,433,12.78
1660,1581,433,12.78
2142,2063,433,12.78
1419,1340,433,12.76
1821,1822,433,11.18
4244,4243,433,6.97
5701,5781,433,6.96
5537,5617,433,6.97
5891,5972,433,8.58
2169,2088,433,7.28
1774,1693,433,7.28
5376,5455,433,6.45
5538,5617,433,6.46
5702,5781,433,6.46
5791,5871,433,4.06
5785,5865,433,3.69
4164,4243,433,6.47
2303,2304,433,11.16
3605,3604,434,6.95
2698,2778,434,6.95
3686,3766,434,6.95
2885,2884,434,6.95
2965,2884,434,8.57
5812,5893,434,8.57
3525,3604,434,6.45
5892,5893,434,11.16
3924,3843,434,8.58
2697,2778,434,8.56
926,845,434,7.29
3844,3764,435,11.18
5813,5814,435,11.17
3444,3443,435,6.96
6045,6125,435,6.96
1150,1070,435,6.51
1539,1459,435,6.53
1149,1070,435,7.45
1697,1616,435,7.29
2566,2485,435,7.28
5733,5814,435,8.58
2407,2326,435,7.28
2089,2009,435,9.48
2090,2009,435,7.28
1146,1066,435,6.52
5214,5293,435,1.71
1622,1542,435,2.97
1259,1260,436,11.16
1500,1501,436,11.17
5734,5735,436,11.18
1580,1501,436,12.76
2062,1983,436,12.79
1339,1260,436,12.77
1741,1742,436,11.19
915,835,436,9.49
1821,1742,436,12.78
1982,1983,436,11.19
2698,2779,436,8.57
3686,3767,436,8.57
2885,2804,436,8.57
5962,6042,436,3.69
2805,2804,436,6.96
994,913,436,7.29
5252,5253,436,2.96
5795,5874,436,3.76
2223,2224,436,11.17
2303,2224,436,12.76
2699,2700,437,11.16
6046,6126,437,6.96
3364,3363,437,6.96
5130,5210,437,6.96
1931,1930,437,5.91
3444,3363,437,8.57
2010,1930,437,9.48
6045,6126,437,8.57
2695,2775,437,6.96
2695,2694,437,6.96
2011,1930,437,7.28
1618,1537,437,7.28
4727,4806,437,6.46
4138,4219,437,6.37
2696,2775,437,6.45
5791,5872,437,5
2619,2700,437,8.56
5571,5492,437,3.39
3407,3327,437,1.11
1621,1541,437,2.96
3844,3765,438,12.78
2620,2621,438,11.16
4646,4645,438,6.96
2725,2724,438,6.96
914,834,438,9.5
1539,1460,438,7.47
4566,4645,438,6.47
5961,6041,438,3.69
2805,2724,438,8.57
2540,2621,438,8.57
5957,6037,438,5.17
1420,1421,439,11.16
1259,1180,439,12.76
1500,1421,439,12.77
5734,5655,439,12.78
1179,1099,439,11.17
1179,1180,439,11.17
6047,6127,439,6.96
1661,1662,439,11.18
3284,3283,439,6.96
4485,4484,439,6.98
1145,1065,439,6.52
6046,6127,439,8.57
1741,1662,439,12.79
3364,3283,439,8.57
5130,5211,439,8.58
1982,1903,439,12.79
2695,2614,439,8.57
5867,5947,439,6.95
4405,4484,439,6.47
2461,2542,439,8.58
1902,1903,439,11.19
2541,2542,439,11.18
5958,6038,439,3.69
2223,2144,439,12.77
2143,2144,439,11.18
2462,2463,440,11.17
1851,1771,440,9.49
4139,4140,440,8.29
1694,1614,440,6.53
2382,2463,440,8.57
2725,2644,440,8.57
2247,2246,440,5.91
1931,1850,440,7.28
1852,1771,440,7.28
4244,4323,440,6.46
5701,5780,440,6.45
5537,5616,440,6.47
2645,2644,440,6.96
4324,4323,440,6.98
2327,2246,440,7.28
920,840,440,2.97
5782,5862,441,6.96
3204,3203,441,6.96
6048,6128,441,6.96
1695,1615,441,6.53
6047,6128,441,8.57
3685,3684,441,6.95
3284,3203,441,8.57
5971,6052,441,8.58
3605,3684,441,6.45
5867,5948,441,8.56
6051,6052,441,11.17
4163,4162,441,6.97
5411,5412,441,2.97
5331,5412,441,2.28
2303,2384,441,8.57
2383,2384,441,11.16
1340,1341,442,11.16
2304,2305,442,11.16
1822,1823,442,11.18
5972,5973,442,11.17
2167,2087,442,9.48
1772,1692,442,9.49
1420,1341,442,12.76
4059,3979,442,8.3
4059,4060,442,8.3
4139,4060,442,9.48
1581,1582,442,11.15
1179,1100,442,12.77
1661,1582,442,12.78
2168,2087,442,7.28
1773,1692,442,7.28
3524,3523,442,6.96
3444,3523,442,6.45
5620,5699,442,6.45
6045,6124,442,6.45
2063,2064,442,11.18
2645,2564,442,8.58
1902,1823,442,12.79
5892,5973,442,8.57
1067,987,442,6.52
5959,6039,442,3.7
4297,4298,442,2.96
5700,5699,442,6.96
2143,2064,442,12.78
5093,5094,442,2.96
5893,5894,443,11.17
3843,3763,443,11.17
1069,989,443,9.47
6049,6129,443,6.96
3124,3123,443,6.96
1071,991,443,6.51
3844,3763,443,8.58
5782,5863,443,8.58
5813,5894,443,8.58
3204,3123,443,8.57
6048,6129,443,8.57
2247,2166,443,7.28
5875,5955,443,4.06
4083,4082,443,6.96
921,841,443,2.96
4163,4082,443,8.59
5814,5815,444,11.17
4059,3980,444,9.48
5734,5815,444,8.58
1538,1458,444,6.52
5130,5209,444,6.46
2695,2774,444,6.45
2088,2008,444,9.48
5129,5209,444,6.96
5129,5128,444,6.96
2486,2405,444,7.29
2089,2008,444,7.28
4616,4617,444,2.96
3004,2925,444,1.26
4088,4008,444,1.1
1742,1743,445,11.18
2224,2225,445,11.17
1260,1261,445,11.15
2779,2780,445,11.16
1983,1984,445,11.18
1340,1261,445,12.76
2304,2225,445,12.76
1822,1743,445,12.78
4003,4002,445,6.96
3044,3043,445,6.96
4726,4725,445,6.97
6049,6130,445,8.57
1501,1502,445,11.16
3124,3043,445,8.57
1581,1502,445,12.75
2699,2780,445,8.57
2776,2856,445,6.95
4646,4725,445,6.46
6050,6130,445,6.96
2063,1984,445,12.78
5960,6040,445,3.69
4083,4002,445,8.58
1067,988,445,7.45
923,843,445,2.97
1068,988,445,6.51
2009,1929,446,9.48
1069,990,446,10.83
4565,4564,446,6.97
2620,2701,446,8.57
4485,4564,446,6.47
1224,1223,446,4.06
2010,1929,446,7.28
5867,5946,446,6.45
2700,2701,446,11.16
4536,4537,446,2.96
922,842,446,2.96
924,844,446,2.97
5870,5950,446,4.06
5332,5333,446,2.97
5572,5493,446,3.39
3408,3328,446,1.11
2964,2963,447,6.96
3923,3922,447,6.96
4404,4403,447,6.98
4003,3922,447,8.58
3044,2963,447,8.57
1179,1098,447,8.57
2777,2857,447,6.94
2776,2857,447,8.57
6050,6131,447,8.57
5869,5949,447,3.69
914,833,447,7.29
2621,2622,447,11.16
4324,4403,447,6.47
6051,6131,447,6.96
5785,5864,447,3.42
2541,2622,447,8.58
5573,5574,447,2.97
1903,1904,448,11.17
1662,1663,448,11.17
1742,1663,448,12.78
2224,2145,448,12.77
1260,1181,448,12.75
1983,1904,448,12.78
5455,5535,448,6.97
5455,5454,448,6.97
1144,1064,448,6.51
2462,2543,448,8.57
1421,1422,448,11.16
1180,1181,448,11.16
1501,1422,448,12.76
5782,5861,448,6.46
4243,4242,448,6.97
2144,2145,448,11.19
5956,6036,448,5.16
918,838,448,2.97
4163,4242,448,6.47
5957,6036,448,4.79
2542,2543,448,11.18
5781,5861,448,6.96
834,754,449,9.5
3604,3603,449,6.96
3843,3842,449,6.96
1693,1613,449,6.53
2964,2883,449,8.57
3923,3842,449,8.57
1851,1770,449,7.28
2884,2883,449,6.95
2777,2858,449,8.56
2778,2858,449,6.95
3524,3603,449,6.45
6051,6132,449,8.58
919,839,449,2.97
2383,2464,449,8.57
5700,5779,449,6.46
2463,2464,449,11.16
6052,6053,450,11.17
4219,4220,450,8.3
3443,3442,450,6.96
5293,5373,450,6.96
5293,5292,450,6.96
5455,5374,450,8.59
2304,2385,450,8.57
5972,6053,450,8.57
2565,2484,450,7.29
4139,4220,450,6.37
1224,1143,450,5
5793,5873,450,4.06
5870,5951,450,5
2384,2385,450,11.16
1823,1824,451,11.17
5973,5974,451,11.17
1582,1583,451,11.15
2305,2306,451,11.16
1614,1534,451,9.49
1771,1691,451,9.49
1903,1824,451,12.77
1662,1583,451,12.77
2779,2859,451,6.96
1066,986,451,6.52
5893,5974,451,8.57
3843,3762,451,8.58
1341,1342,451,11.16
2167,2086,451,7.28
1772,1691,451,7.28
1421,1342,451,12.76
2884,2803,451,8.57
1180,1101,451,12.76
4218,4299,451,6.38
2778,2859,451,8.56
2804,2803,451,6.96
1616,1536,451,6.52
5129,5208,451,6.45
2144,2065,451,12.79
4456,4457,451,2.96
3978,3899,451,3.39
1459,1379,451,6.53
4376,4457,451,2.28
3814,3734,451,1.11
3813,3734,451,1.26
2064,2065,451,11.18
3763,3683,452,11.17
5894,5895,452,11.17
834,755,452,10.86
4806,4886,452,6.96
4806,4805,452,6.96
3363,3362,452,6.96
6126,6206,452,6.96
5814,5895,452,8.58
3443,3362,452,8.58
3764,3683,452,8.58
5293,5212,452,8.58
2775,2855,452,6.95
2406,2325,452,7.28
4726,4805,452,6.46
2776,2855,452,6.45
4696,4697,452,2.96
4854,4935,452,2.27
4934,4935,452,2.96
3651,3652,452,1.11
2326,2325,452,5.91
1692,1612,453,9.49
4140,4141,453,8.29
2087,2007,453,9.48
2779,2860,453,8.57
4565,4644,453,6.46
2804,2723,453,8.57
2088,2007,453,7.28
2724,2723,453,6.96
1537,1457,453,6.52
5815,5816,453,11.17
2225,2226,454,11.17
1743,1744,454,11.16
1502,1503,454,11.16
1984,1985,454,11.16
2780,2781,454,11.16
1823,1744,454,12.77
1582,1503,454,12.75
2305,2226,454,12.76
1614,1535,454,10.85
6127,6207,454,6.96
4484,4483,454,6.97
3283,3282,454,6.96
3363,3282,454,8.58
6126,6207,454,8.57
1341,1262,454,12.76
4404,4483,454,6.47
1261,1262,454,11.16
2700,2781,454,8.57
5947,6027,454,6.96
1459,1380,454,7.46
2064,1985,454,12.79
2008,1928,455,9.48
4060,4061,455,8.29
2644,2643,455,6.96
4140,4061,455,9.48
1065,985,455,6.52
2009,1928,455,7.28
2485,2404,455,7.29
5455,5534,455,6.47
4243,4322,455,6.46
2621,2702,455,8.57
4323,4322,455,6.97
2724,2643,455,8.57
2701,2702,455,11.15
5780,5860,455,6.96
5781,5860,455,6.46
5573,5494,455,3.39
3409,3329,455,1.11
3571,3572,455,1.11
2326,2245,455,7.28
2607,2687,455,0.69
6128,6208,456,6.96
3203,3202,456,6.96
6127,6208,456,8.57
3283,3202,456,8.57
5875,5954,456,3.76
5947,6028,456,8.57
4162,4161,456,6.97
5862,5942,456,6.96
4377,4378,456,2.96
2542,2623,456,8.58
2622,2623,456,11.16
5815,5736,456,12.78
1663,1664,457,11.17
2145,2146,457,11.19
1904,1905,457,11.16
2225,2146,457,12.77
1743,1664,457,12.76
1502,1423,457,12.76
1984,1905,457,12.76
3980,3900,457,8.29
3980,3981,457,8.29
1422,1423,457,11.16
2564,2563,457,6.96
3979,3900,457,9.48
4060,3981,457,9.48
3523,3522,457,6.96
1850,1849,457,5.91
2644,2563,457,8.58
3443,3522,457,6.46
5293,5372,457,6.46
1930,1849,457,7.28
1261,1182,457,12.75
1929,1849,457,9.48
1181,1182,457,11.17
6043,6123,457,3.69
5173,5174,457,2.96
2463,2544,457,8.57
2543,2544,457,11.17
2608,2688,457,0.69
4775,4856,457,2.27
4855,4856,457,2.96
6132,6133,458,11.17
3123,3122,458,6.96
6052,6133,458,8.58
6128,6209,458,8.57
3203,3122,458,8.57
834,753,458,7.29
6037,6117,458,5.17
6129,6209,458,6.96
4082,4081,458,6.96
987,907,458,6.51
5956,6035,458,4.79
4162,4081,458,8.58
5862,5943,458,8.58
2384,2465,458,8.57
2464,2465,458,11.16
6053,6054,459,11.17
3980,3901,459,9.48
5209,5289,459,6.96
2385,2386,459,11.15
2564,2483,459,8.58
5973,6054,459,8.57
2305,2386,459,8.57
4806,4885,459,6.46
6126,6205,459,6.45
2775,2854,459,6.45
989,909,459,6.51
846,766,459,2.97
1224,1303,459,3.77
1824,1825,460,11.17
3762,3682,460,11.16
5974,5975,460,11.17
1583,1584,460,11.16
1770,1690,460,9.49
754,674,460,9.5
1663,1584,460,12.77
2145,2066,460,12.79
1904,1825,460,12.76
3043,3042,460,6.96
2856,2936,460,6.95
4002,4001,460,6.96
1422,1343,460,12.76
3763,3682,460,8.58
3123,3042,460,8.57
5894,5975,460,8.58
2166,2165,460,5.91
1850,1769,460,7.28
1614,1533,460,7.28
1771,1690,460,7.28
4219,4300,460,6.38
2246,2165,460,7.28
6129,6210,460,8.57
6130,6210,460,6.96
4082,4001,460,8.58
1181,1102,460,12.77
2306,2307,460,11.18
1342,1343,460,11.15
1101,1021,460,11.18
1101,1102,460,11.18
1458,1378,460,6.52
2065,2066,460,11.17
1143,1063,461,9.49
5209,5290,461,8.57
4484,4563,461,6.47
6037,6118,461,6.37
1144,1063,461,5
5947,6026,461,6.45
5865,5945,461,3.69
5815,5896,461,8.58
5895,5896,461,11.18
2606,2686,461,0.69
988,908,461,6.51
2860,2861,462,11.16
1691,1611,462,9.49
6131,6211,462,6.96
3922,3921,462,6.96
2963,2962,462,6.96
2857,2937,462,6.94
990,910,462,6.51
3043,2962,462,8.57
2856,2937,462,8.56
2780,2861,462,8.57
4002,3921,462,8.57
1692,1611,462,7.28
2087,2006,462,7.28
5871,5952,462,5
6130,6211,462,8.57
4776,4777,462,2.96
836,756,462,2.96
4323,4402,462,6.47
5780,5859,462,6.46
5872,5952,462,4.06
2086,2006,462,9.48
3896,3817,462,1.27
1503,1504,463,11.16
1744,1745,463,11.16
1824,1745,463,12.77
1583,1504,463,12.76
4220,4221,463,8.3
754,675,463,10.86
1262,1263,463,11.16
2166,2085,463,7.28
4140,4221,463,6.37
2226,2227,463,11.17
2781,2782,463,11.15
1543,1463,463,2.97
2306,2227,463,12.78
1342,1263,463,12.75
1101,1022,463,12.78
2701,2782,463,8.56
5861,5941,463,6.96
992,912,463,2.96
4242,4241,463,6.97
4162,4241,463,6.46
5862,5941,463,6.46
1985,1986,463,11.16
2065,1986,463,12.77
6132,6212,464,6.96
3603,3602,464,6.96
3842,3841,464,6.96
1064,984,464,6.51
6131,6212,464,8.57
3922,3841,464,8.57
2963,2882,464,8.57
2857,2938,464,8.55
2405,2324,464,7.28
2008,1927,464,7.28
3523,3602,464,6.45
2702,2703,464,11.16
2883,2882,464,6.95
2007,1927,464,9.48
6042,6122,464,3.7
2622,2703,464,8.57
1540,1461,464,3.39
6028,6029,465,11.18
3442,3441,465,6.96
4298,4379,465,6.37
2623,2624,465,11.16
837,757,465,2.96
2543,2624,465,8.58
1182,1183,466,11.17
1664,1665,466,11.16
1905,1906,466,11.18
1503,1424,466,12.76
1744,1665,466,12.76
3762,3761,466,6.96
2859,2939,466,6.94
6132,6213,466,8.57
3842,3761,466,8.57
2146,2147,466,11.18
1262,1183,466,12.76
990,911,466,7.44
5209,5288,466,6.45
1423,1424,466,11.16
2883,2802,466,8.57
2226,2147,466,12.77
5014,5015,466,2.96
5208,5288,466,6.96
5208,5207,466,6.96
2803,2802,466,6.96
1929,1848,466,7.28
1928,1848,466,9.48
1537,1456,466,5.01
2544,2545,466,11.17
6041,6121,466,3.69
5872,5953,466,5
1985,1906,466,12.76
2464,2545,466,8.57
6133,6134,467,11.17
5943,5944,467,11.18
3362,3361,467,6.96
2855,2935,467,6.95
3442,3361,467,8.57
6053,6134,467,8.57
1379,1299,467,6.53
2465,2466,467,11.15
1143,1142,467,5.91
2856,2935,467,6.44
2385,2466,467,8.56
846,767,467,3.39
986,906,467,6.52
1534,1454,467,6.52
6054,6055,468,11.17
4061,4062,468,8.29
2860,2940,468,6.95
3762,3681,468,8.57
5974,6055,468,8.58
2859,2940,468,8.55
6036,6116,468,5.17
6037,6116,468,4.8
5208,5127,468,8.57
2803,2722,468,8.57
2306,2387,468,8.58
1101,1020,468,8.58
2723,2722,468,6.96
845,765,468,2.97
2386,2387,468,11.16
1102,1103,469,11.18
1584,1585,469,11.16
5975,5976,469,11.18
1825,1826,469,11.17
1343,1344,469,11.15
1182,1103,469,12.77
1664,1585,469,12.76
1905,1826,469,12.78
3282,3281,469,6.96
3362,3281,469,8.58
1770,1689,469,7.28
754,673,469,7.29
2146,2067,469,12.78
1423,1344,469,12.76
1612,1532,469,6.52
1457,1377,469,6.52
1542,1462,469,2.97
2844,2845,469,1.11
2307,2308,469,11.17
5895,5976,469,8.58
2066,2067,469,11.17
2483,2403,470,9.5
3981,3982,470,8.3
4322,4321,470,6.96
4061,3982,470,9.48
2643,2642,470,6.96
2860,2941,470,8.57
2484,2403,470,7.29
1380,1300,470,6.52
1380,1381,470,6.52
1379,1300,470,7.46
1143,1062,470,7.28
1535,1455,470,6.52
6124,6204,470,3.69
5860,5940,470,6.96
5896,5897,470,11.18
2723,2642,470,8.57
5253,5254,470,2.96
5861,5940,470,6.45
4242,4321,470,6.46
1534,1455,470,7.45
6039,6119,470,3.69
2861,2862,471,11.16
1690,1610,471,9.49
674,594,471,9.49
6208,6288,471,6.96
3202,3201,471,6.96
6028,6108,471,6.97
3282,3201,471,8.58
1691,1610,471,7.28
1223,1222,471,4.06
2781,2862,471,8.56
1533,1453,471,9.49
2086,2005,471,7.28
3931,3850,471,0.85
2449,2530,471,0.85
985,905,471,6.52
1504,1505,472,11.16
1745,1746,472,11.17
2227,2228,472,11.18
1102,1023,472,12.78
1584,1505,472,12.76
1825,1746,472,12.78
1343,1264,472,12.75
3522,3521,472,6.96
2563,2562,472,6.96
3981,3902,472,9.48
2782,2783,472,11.16
2643,2562,472,8.57
2325,2244,472,7.28
3442,3521,472,6.45
1263,1264,472,11.16
2702,2783,472,8.57
5654,5575,472,3.39
2245,2244,472,5.91
2764,2765,472,1.11
1986,1987,472,11.17
2307,2228,472,12.77
2066,1987,472,12.77
2006,1926,473,9.48
4300,4301,473,8.3
5943,6023,473,6.97
3122,3121,473,6.96
6208,6289,473,8.57
3202,3121,473,8.58
6028,6109,473,8.58
4220,4301,473,6.37
1380,1301,473,7.46
2703,2704,473,11.16
6209,6289,473,6.96
5955,6034,473,4.79
5208,5287,473,6.45
5896,5817,473,12.78
2623,2704,473,8.57
837,758,473,3.39
2007,1926,473,7.28
6040,6120,473,3.69
5655,5656,473,2.97
3814,3735,473,1.27
6029,6030,474,11.19
674,595,474,10.85
5289,5369,474,6.96
2854,2934,474,6.95
2854,2853,474,6.95
2563,2482,474,8.58
2855,2934,474,6.45
5212,5291,474,6.46
4299,4380,474,6.38
2544,2625,474,8.57
2624,2625,474,11.17
5950,6030,474,3.69
840,760,474,2.97
6213,6214,475,11.17
1183,1184,475,11.17
1665,1666,475,11.17
1906,1907,475,11.17
1504,1425,475,12.76
2545,2546,475,11.16
1745,1666,475,12.77
2227,2148,475,12.78
3042,3041,475,6.96
2936,3016,475,6.95
6133,6214,475,8.57
5943,6024,475,8.58
3122,3041,475,8.58
2404,2323,475,7.28
1263,1184,475,12.76
6209,6290,475,8.57
2465,2546,475,8.56
5412,5413,475,2.97
2147,2148,475,11.18
1424,1425,475,11.17
6210,6290,475,6.96
1928,1847,475,7.28
2245,2164,475,7.28
1927,1847,475,9.48
5332,5413,475,2.28
1986,1907,475,12.77
4221,4222,476,8.29
5289,5370,476,8.57
6054,6135,476,8.57
2854,2773,476,8.57
4378,4458,476,5.17
5945,6025,476,6.97
6026,6106,476,6.96
6026,6025,476,6.96
5094,5095,476,2.96
1378,1298,476,6.53
3491,3492,476,1.11
2386,2467,476,8.57
2466,2467,476,11.16
3681,3601,477,11.16
6055,6056,477,11.17
2387,2388,477,11.17
1063,983,477,6.52
3682,3601,477,8.57
1769,1768,477,5.91
5975,6056,477,8.58
3042,2961,477,8.57
2936,3017,477,8.56
1849,1768,477,7.28
2962,2961,477,6.96
4322,4401,477,6.46
1064,983,477,5
5859,5939,477,6.96
5859,5858,477,6.96
1848,1768,477,9.48
5860,5939,477,6.45
6210,6291,477,8.57
6211,6291,477,6.96
3410,3330,477,1.11
841,761,477,2.96
3409,3330,477,1.27
2307,2388,477,8.57
1826,1827,478,11.16
1103,1104,478,11.17
5976,5977,478,11.18
1344,1345,478,11.16
1183,1104,478,12.77
1665,1586,478,12.77
1906,1827,478,12.77
4221,4142,478,9.48
1611,1531,478,6.52
1585,1586,478,11.16
6208,6287,478,6.45
6028,6107,478,6.46
4061,4142,478,6.36
6035,6115,478,5.17
5951,6031,478,3.69
6036,6115,478,4.8
6026,6107,478,8.58
2147,2068,478,12.78
1424,1345,478,12.77
5896,5977,478,8.58
4617,4618,478,2.96
5950,6031,478,4.55
2308,2309,478,11.17
2067,2068,478,11.18
2608,2689,478,0.85
2882,2881,479,6.96
2861,2942,479,8.57
6212,6292,479,6.96
2483,2402,479,7.29
2962,2881,479,8.57
4378,4459,479,6.37
5859,5778,479,8.58
2941,2942,479,11.16
5897,5898,479,11.17
6211,6292,479,8.57
843,763,479,2.97
2862,2863,480,11.16
673,593,480,9.49
1690,1609,480,7.28
1769,1688,480,7.28
2165,2084,480,7.28
674,593,480,7.29
5943,6022,480,6.46
2782,2863,480,8.57
6206,6286,480,3.69
1689,1609,480,9.49
844,764,480,2.97
842,762,480,2.97
5333,5334,480,2.97
4537,4538,480,2.96
1533,1452,480,7.28
2085,2084,480,5.91
984,904,480,6.51
1746,1747,481,11.15
1826,1747,481,12.76
1103,1024,481,12.77
5288,5368,481,6.96
2802,2801,481,6.96
1344,1265,481,12.76
6213,6293,481,6.96
2783,2784,481,11.16
2882,2801,481,8.57
6212,6293,481,8.57
5289,5368,481,6.45
2854,2933,481,6.45
1264,1265,481,11.17
1585,1506,481,12.76
1505,1506,481,11.16
2703,2784,481,8.57
5618,5698,481,1.85
2228,2229,481,11.19
5655,5576,481,3.39
2308,2229,481,12.77
2067,1988,481,12.78
1987,1988,481,11.17
6109,6110,482,11.19
594,514,482,9.48
2935,3015,482,6.95
1456,1376,482,6.52
6029,6110,482,8.59
1453,1373,482,9.48
2006,1925,482,7.28
2936,3015,482,6.44
1610,1530,482,9.49
5951,6032,482,4.54
5897,5818,482,12.78
1457,1376,482,5.01
2624,2705,482,8.57
2005,1925,482,9.48
2704,2705,482,11.17
1384,1383,482,1.85
905,825,482,9.48
2625,2626,483,11.17
1299,1219,483,6.53
2802,2721,483,8.57
6213,6294,483,8.57
2545,2626,483,8.56
2940,3020,483,6.95
4300,4381,483,6.38
839,759,483,2.97
6026,6105,483,6.46
2722,2721,483,6.96
1454,1374,483,6.52
2085,2004,483,7.28
906,826,483,6.51
1907,1908,484,11.16
1425,1426,484,11.16
2148,2149,484,11.17
1184,1185,484,11.17
1666,1667,484,11.16
1746,1667,484,12.75
2324,2243,484,7.28
1264,1185,484,12.77
1505,1426,484,12.76
1926,1846,484,9.49
5859,5938,484,6.46
6124,6203,484,3.43
1223,1302,484,3.77
2228,2149,484,12.79
1927,1846,484,7.28
2546,2547,484,11.15
2466,2547,484,8.57
3611,3691,484,0.69
1987,1908,484,12.77
5370,5371,485,11.17
6135,6136,485,11.17
594,515,485,10.84
2642,2641,485,6.96
1377,1297,485,6.53
6055,6136,485,8.58
2387,2468,485,8.57
2940,3021,485,8.57
2467,2468,485,11.16
2941,3021,485,6.95
2722,2641,485,8.57
5940,6020,485,6.96
1171,1091,485,1.11
3851,3771,485,1.1
6056,6057,486,11.17
4301,4302,486,8.29
6108,6188,486,6.96
1455,1375,486,6.52
1300,1220,486,6.53
5976,6057,486,8.58
673,672,486,5.91
2388,2389,486,11.16
1847,1767,486,9.48
1299,1220,486,7.46
4221,4302,486,6.37
6288,6368,486,6.96
6117,6197,486,3.7
5954,6033,486,4.79
4935,4936,486,2.96
4697,4698,486,2.96
1848,1767,486,7.28
1454,1375,486,7.45
1062,982,486,6.52
4007,3927,486,1.1
1381,1382,486,6.53
2308,2389,486,8.58
4855,4936,486,2.27
1104,1105,487,11.17
5977,5978,487,11.18
1827,1828,487,11.16
2309,2310,487,11.17
1907,1828,487,12.76
1425,1346,487,12.76
2148,2069,487,12.77
1184,1105,487,12.77
1666,1587,487,12.76
1345,1346,487,11.15
2562,2561,487,6.96
2642,2561,487,8.58
6205,6285,487,3.69
1586,1587,487,11.15
2941,3022,487,8.57
5897,5978,487,8.58
5940,6021,487,8.57
2068,2069,487,11.16
4618,4619,487,11.17
906,827,487,7.45
2942,2943,488,11.16
6023,6103,488,6.96
5287,5367,488,6.96
5287,5286,488,6.96
6109,6189,488,6.97
6108,6189,488,8.58
2862,2943,488,8.57
5288,5367,488,6.45
6289,6369,488,6.96
4379,4460,488,6.37
6288,6369,488,8.57
6035,6114,488,4.79
5898,5899,488,11.17
5493,5414,488,3.39
5617,5697,488,1.85
1172,1092,488,1.11
3165,3166,488,1.1
6116,6196,488,5.17
2934,3014,489,6.95
2482,2481,489,6.97
2863,2864,489,11.16
2562,2481,489,8.58
1300,1221,489,7.46
673,592,489,7.29
2935,3014,489,6.45
2783,2864,489,8.57
6118,6198,489,3.69
5494,5495,489,2.97
1689,1608,489,7.28
1531,1451,489,9.48
5574,5495,489,3.39
1301,1221,489,6.53
1506,1507,490,11.16
2402,2322,490,9.49
1104,1025,490,12.77
1827,1748,490,12.76
2309,2230,490,12.77
6290,6370,490,6.96
6024,6104,490,6.96
1345,1266,490,12.75
6023,6104,490,8.58
5287,5206,490,8.58
6109,6190,490,8.59
2403,2322,490,7.28
1265,1266,490,11.16
6289,6370,490,8.57
2940,3019,490,6.45
5736,5737,490,2.97
1747,1748,490,11.17
1586,1507,490,12.75
2784,2785,490,11.18
2068,1989,490,12.76
2229,2230,490,11.19
4618,4539,490,12.77
2704,2785,490,8.57
1988,1989,490,11.16
3610,3690,490,0.69
5370,5450,491,6.96
6135,6215,491,6.96
6110,6111,491,11.18
2482,2401,491,8.59
593,513,491,9.48
2625,2706,491,8.57
594,513,491,7.28
1453,1372,491,7.28
1610,1529,491,7.28
4856,4857,491,2.96
6106,6186,491,6.96
5898,5819,491,12.77
2705,2706,491,11.17
4776,4857,491,2.27
5174,5175,491,2.96
1173,1093,491,1.11
3085,3086,491,1.11
1452,1372,491,9.48
2005,1924,491,7.28
905,824,491,7.28
1609,1529,491,9.49
6291,6371,492,6.96
6290,6371,492,8.57
4401,4481,492,6.96
1142,1141,492,4.07
1298,1218,492,6.53
6122,6202,492,3.69
5939,6019,492,6.97
2164,2163,492,5.91
5858,5857,492,6.97
2244,2163,492,7.28
5940,6019,492,6.45
2626,2627,492,11.15
2546,2627,492,8.56
1426,1427,493,11.15
1185,1186,493,11.16
2547,2548,493,11.16
1908,1909,493,11.15
1373,1293,493,9.48
1506,1427,493,12.76
6287,6367,493,6.96
5370,5451,493,8.57
6135,6216,493,8.57
825,745,493,9.47
514,434,493,9.48
6108,6187,493,6.46
1265,1186,493,12.76
6107,6187,493,6.96
6118,6199,493,4.55
6288,6367,493,6.45
1747,1668,493,12.77
6106,6187,493,8.58
1667,1668,493,11.17
2467,2548,493,8.57
1926,1845,493,7.28
766,686,493,2.96
1530,1450,493,9.49
909,829,493,2.96
2149,2150,493,11.17
2229,2150,493,12.79
1925,1845,493,9.49
983,903,493,6.51
1988,1909,493,12.76
984,903,493,5
2468,2469,494,11.16
6136,6137,494,11.17
1219,1139,494,9.49
6292,6372,494,6.96
6056,6137,494,8.58
6291,6372,494,8.57
4401,4482,494,8.58
2388,2469,494,8.57
6121,6201,494,3.69
755,676,494,3.39
5858,5777,494,8.59
1174,1094,494,1.11
2609,2610,494,1.1
6057,6058,495,11.18
5977,6058,495,8.58
2309,2390,495,8.58
2323,2242,495,7.28
6023,6102,495,6.46
5287,5366,495,6.46
673,752,495,5.49
1847,1766,495,7.28
1846,1766,495,9.49
908,828,495,2.96
2164,2083,495,7.28
2389,2390,495,11.16
5616,5696,495,1.85
5616,5615,495,1.85
1062,1061,495,4.07
4698,4699,495,11.16
4618,4699,495,8.57
2452,2532,495,0.69
5978,5979,496,11.18
1105,1106,496,11.17
1346,1347,496,11.14
2069,2070,496,11.16
1828,1829,496,11.16
515,435,496,9.49
515,516,496,9.49
1426,1347,496,12.75
1185,1106,496,12.76
1908,1829,496,12.75
4619,4620,496,11.17
1373,1294,496,10.84
6293,6373,496,6.96
5368,5448,496,6.96
6292,6373,496,8.57
2942,3023,496,8.57
825,746,496,10.83
2934,3013,496,6.45
514,435,496,10.84
4301,4382,496,6.37
4381,4382,496,8.29
2310,2311,496,11.17
5898,5979,496,8.57
1587,1588,496,11.15
910,830,496,2.96
1667,1588,496,12.77
4777,4778,496,2.96
3022,3023,496,11.15
2149,2070,496,12.77
3897,3818,496,1.26
3245,3246,496,1.11
1219,1140,497,10.85
3015,3095,497,6.95
2943,2944,497,11.16
1768,1687,497,7.28
4380,4461,497,6.37
5899,5900,497,11.16
2863,2944,497,8.56
912,832,497,2.96
1022,942,497,2.97
5494,5415,497,3.39
1688,1687,497,5.91
2453,2533,497,0.69
1767,1687,497,9.49
3020,3100,498,6.95
1376,1296,498,6.52
6293,6374,498,8.57
5368,5449,498,8.58
5370,5449,498,6.45
2864,2865,498,11.17
6204,6284,498,3.69
1377,1296,498,5.01
5736,5657,498,3.39
6106,6185,498,6.46
2784,2865,498,8.58
6116,6195,498,4.8
6115,6195,498,5.17
3491,3412,498,1.27
1507,1508,499,11.16
4539,4540,499,11.17
1025,945,499,11.17
1025,1026,499,11.17
1105,1026,499,12.77
1346,1267,499,12.74
2069,1990,499,12.76
1828,1749,499,12.76
4302,4303,499,8.3
515,436,499,10.85
3015,3096,499,8.57
4619,4540,499,12.77
2402,2321,499,7.29
1266,1267,499,11.15
6110,6191,499,8.59
6190,6191,499,11.18
757,677,499,2.96
5939,6018,499,6.47
2310,2231,499,12.77
5938,6018,499,6.97
5938,5937,499,6.97
2230,2231,499,11.18
1587,1508,499,12.75
2705,2786,499,8.57
1748,1749,499,11.17
5858,5937,499,6.47
2785,2786,499,11.17
1062,981,499,5.01
3411,3331,499,1.11
3410,3331,499,1.27
1989,1990,499,11.16
4009,3928,499,0.85
2706,2707,500,11.16
592,512,500,9.49
3020,3101,500,8.56
6287,6366,500,6.45
593,512,500,7.28
2084,2003,500,7.28
5899,5820,500,12.75
2004,2003,500,5.91
5015,5016,500,2.96
3021,3101,500,6.95
1451,1371,500,9.48
1452,1371,500,7.28
911,831,500,2.96
1608,1528,500,9.48
1010,930,500,1.11
1010,1011,500,1.11
1688,1607,500,7.28
2626,2707,500,8.56
1609,1528,500,7.28
2627,2628,501,11.16
4302,4223,501,9.48
2547,2628,501,8.57
6188,6268,501,6.96
6120,6200,501,3.69
767,687,501,2.96
767,768,501,2.96
1297,1217,501,6.53
766,687,501,3.39
5451,5452,502,11.17
1186,1187,502,11.16
1668,1669,502,11.16
1427,1428,502,11.16
2548,2549,502,11.16
513,433,502,9.49
1529,1449,502,9.49
1924,1844,502,9.49
1507,1428,502,12.76
1025,946,502,12.77
6021,6101,502,6.95
1375,1295,502,6.52
2468,2549,502,8.57
6136,6217,502,8.57
1373,1292,502,7.28
1266,1187,502,12.75
825,744,502,7.27
514,433,502,7.28
765,685,502,2.97
3021,3102,502,8.56
2230,2151,502,12.78
1748,1669,502,12.77
1374,1295,502,7.45
3022,3102,502,6.95
1530,1449,502,7.28
1909,1910,502,11.16
2451,2531,502,0.69
1989,1910,502,12.76
1925,1844,502,7.28
982,902,502,6.52
2150,2151,502,11.16
6137,6138,503,11.17
5367,5447,503,6.96
6057,6138,503,8.58
1219,1138,503,7.29
5368,5447,503,6.46
6189,6269,503,6.97
672,671,503,5.91
6188,6269,503,8.58
2004,1923,503,7.28
5454,5453,503,1.85
2389,2470,503,8.57
2469,2470,503,11.16
4698,4779,503,8.57
3926,3846,503,1.1
6058,6059,504,11.18
434,354,504,9.49
745,665,504,9.48
1293,1213,504,9.49
3014,3094,504,6.95
5978,6059,504,8.58
3015,3094,504,6.45
4619,4700,504,8.57
5254,5255,504,2.96
1846,1765,504,7.28
4699,4700,504,11.16
2310,2391,504,8.58
2390,2391,504,11.16
3022,3103,504,8.56
1450,1370,504,9.49
2243,2162,504,7.28
1845,1765,504,9.49
1588,1589,505,11.16
2311,2312,505,11.17
3023,3024,505,11.16
1106,1107,505,11.17
1139,1059,505,9.48
1347,1348,505,11.16
1186,1107,505,12.76
1668,1589,505,12.76
1427,1348,505,12.76
2070,2071,505,11.16
6104,6184,505,6.96
515,596,505,7.29
3020,3099,505,6.45
6189,6270,505,8.59
2943,3024,505,8.57
5899,5980,505,8.56
6190,6270,505,6.97
1022,943,505,3.39
675,596,505,3.39
4620,4621,505,11.17
1829,1830,505,11.17
1909,1830,505,12.76
5979,5980,505,11.16
3609,3689,505,0.69
3688,3689,505,1.1
2150,2071,505,12.76
4461,4462,506,11.17
5900,5901,506,11.16
592,591,506,5.91
672,591,506,7.29
2864,2945,506,8.57
6197,6277,506,5.18
4381,4462,506,6.37
2944,2945,506,11.16
6186,6266,506,6.97
5938,6017,506,6.47
6033,6113,506,5.17
1766,1686,506,9.49
1767,1686,506,7.28
434,355,507,10.85
745,666,507,10.84
2865,2866,507,11.16
1293,1214,507,10.85
1025,944,507,8.57
4481,4561,507,6.96
6019,6099,507,6.97
6190,6271,507,8.59
758,678,507,2.96
757,678,507,3.39
1294,1214,507,9.48
2785,2866,507,8.57
3815,3736,507,1.27
1749,1750,508,11.17
1508,1509,508,11.16
6191,6192,508,11.17
1026,1027,508,11.17
945,865,508,11.16
1588,1509,508,12.76
2311,2232,508,12.77
1106,1027,508,12.77
1139,1060,508,10.84
1347,1268,508,12.76
5451,5531,508,6.96
2706,2787,508,8.57
6111,6112,508,5.93
2070,1991,508,12.76
6114,6194,508,5.18
2231,2232,508,11.17
1267,1268,508,11.16
6188,6267,508,6.46
6186,6267,508,8.59
1990,1991,508,11.15
4540,4541,508,11.17
4620,4541,508,12.77
6187,6267,508,6.96
1829,1750,508,12.77
2786,2787,508,11.17
6115,6194,508,4.8
6196,6276,508,5.17
760,680,508,2.96
5820,5740,509,11.16
5820,5821,509,11.16
2707,2708,509,11.16
5900,5821,509,12.76
2627,2708,509,8.57
4481,4562,509,8.58
592,511,509,7.28
6021,6100,509,6.45
4302,4383,509,6.37
6019,6100,509,8.59
4382,4383,509,8.29
6197,6278,509,6.38
767,688,509,3.39
1608,1527,509,7.28
903,823,509,6.52
904,823,509,5
2628,2629,510,11.16
2321,2241,510,9.49
5451,5532,510,8.58
2548,2629,510,8.57
5367,5446,510,6.46
2322,2241,510,7.29
1294,1215,510,10.84
5095,5096,510,2.96
5534,5614,510,1.85
5534,5533,510,1.85
1187,1188,511,11.16
6217,6218,511,11.17
1669,1670,511,11.16
946,866,511,11.17
946,947,511,11.17
1428,1429,511,11.16
512,432,511,9.49
1749,1670,511,12.77
1508,1429,511,12.76
1026,947,511,12.77
945,866,511,12.76
5448,5528,511,6.96
6137,6218,511,8.58
513,432,511,7.28
1529,1448,511,7.28
1924,1843,511,7.28
3014,3093,511,6.45
1528,1448,511,9.48
2231,2152,511,12.78
1267,1188,511,12.76
2549,2550,511,11.16
1990,1911,511,12.75
2151,2152,511,11.16
2469,2550,511,8.57
761,681,511,2.96
1910,1911,511,11.16
4779,4780,512,11.16
6138,6139,512,11.18
5820,5741,512,12.76
3095,3175,512,6.95
6058,6139,512,8.58
752,751,512,5.91
6104,6183,512,6.46
6203,6283,512,3.69
672,751,512,5.48
6204,6283,512,3.42
4699,4780,512,8.57
2390,2471,512,8.57
2470,2471,512,11.17
1176,1096,512,1.11
2083,2082,512,5.91
2163,2082,512,7.28
4700,4701,513,11.17
6059,6060,513,11.17
3103,3104,513,11.15
433,353,513,9.49
744,664,513,9.47
2391,2392,513,11.16
3100,3180,513,6.95
5448,5529,513,8.58
2311,2392,513,8.57
3023,3104,513,8.57
434,353,513,7.28
745,664,513,7.28
1293,1212,513,7.28
6185,6265,513,6.96
6186,6265,513,6.46
4620,4701,513,8.57
1844,1764,513,9.49
3929,3849,513,1.1
1450,1369,513,7.28
3085,3006,513,1.26
5979,6060,513,8.57
3005,3006,513,1.11
1845,1764,513,7.28
763,683,513,2.96
4621,4622,514,11.17
1830,1831,514,11.17
1107,1108,514,11.16
2071,2072,514,11.16
3024,3025,514,11.16
1589,1590,514,11.16
1187,1108,514,12.76
1348,1349,514,11.16
1669,1590,514,12.76
946,867,514,12.77
1428,1349,514,12.76
1296,1216,514,6.52
3095,3176,514,8.57
4461,4542,514,8.57
5900,5981,514,8.57
1139,1058,514,7.28
6018,6098,514,6.97
5334,5335,514,2.96
6019,6098,514,6.47
2312,2313,514,11.17
2944,3025,514,8.57
764,684,514,2.96
687,607,514,8.29
2151,2072,514,12.76
1297,1216,514,5.01
762,682,514,2.97
5980,5981,514,11.16
929,849,514,1.11
5575,5496,514,3.39
1910,1831,514,12.76
5901,5902,515,11.16
4462,4463,515,11.16
354,274,515,9.49
3101,3181,515,6.95
981,901,515,6.52
2945,2946,515,11.16
3100,3181,515,8.56
2242,2161,515,7.28
5451,5530,515,6.46
2865,2946,515,8.57
6285,6365,515,3.69
5656,5577,515,3.39
5817,5738,515,3.39
758,679,515,3.39
5576,5577,515,2.96
665,585,515,9.48
1177,1097,515,1.11
1765,1685,515,9.49
2083,2002,515,7.28
1766,1685,515,7.29
1370,1290,515,9.49
1061,980,515,7.28
982,901,515,5.01
2866,2867,516,11.17
6271,6272,516,11.18
6191,6272,516,8.57
945,864,516,8.57
687,608,516,9.48
6268,6348,516,6.96
2786,2867,516,8.57
1174,1095,516,1.27
1371,1291,516,6.52
1509,1510,517,11.16
1750,1751,517,11.16
865,785,517,11.15
1830,1751,517,12.77
1107,1028,517,12.76
2071,1992,517,12.76
1589,1510,517,12.76
1348,1269,517,12.76
6217,6297,517,6.96
5820,5739,517,8.57
2707,2788,517,8.57
3101,3182,517,8.56
1268,1269,517,11.16
1217,1137,517,6.53
2232,2233,517,11.18
1607,1606,517,5.91
2312,2233,517,12.77
1686,1606,517,9.48
3102,3182,517,6.95
2787,2788,517,11.16
1027,1028,517,11.16
1991,1992,517,11.16
1687,1606,517,7.28
5821,5822,518,11.17
5740,5660,518,11.17
2708,2709,518,11.17
5901,5822,518,12.76
4383,4384,518,11.16
354,275,518,10.85
4779,4859,518,6.95
5447,5527,518,6.96
902,822,518,6.52
2628,2709,518,8.56
6195,6275,518,5.17
5448,5527,518,6.46
6269,6349,518,6.98
6114,6193,518,4.8
665,586,518,10.83
6268,6349,518,8.58
6196,6275,518,4.8
3103,3183,519,6.95
6217,6298,519,8.57
744,743,519,5.9
3094,3174,519,6.95
3095,3174,519,6.45
2629,2630,519,11.16
2549,2630,519,8.57
3102,3183,519,8.57
6218,6219,520,11.17
1670,1671,520,11.16
1429,1430,520,11.17
1188,1189,520,11.16
511,431,520,9.48
1509,1430,520,12.76
1750,1671,520,12.76
866,786,520,11.17
865,786,520,12.75
6270,6350,520,6.97
2550,2551,520,11.17
4779,4860,520,8.57
6138,6219,520,8.58
512,431,520,7.28
3100,3179,520,6.45
6269,6350,520,8.6
1268,1189,520,12.76
6202,6282,520,3.69
1528,1447,520,7.28
4936,4937,520,2.96
1213,1133,520,6.52
2232,2153,520,12.78
1607,1526,520,7.28
6185,6264,520,6.46
2152,2153,520,11.16
4856,4937,520,2.27
947,948,520,11.17
3733,3653,520,1.11
2470,2551,520,8.57
1027,948,520,12.76
1991,1912,520,12.76
1527,1447,520,9.48
2003,1922,520,7.28
1923,1922,520,5.91
1911,1912,520,11.17
5741,5661,521,11.17
5741,5742,521,11.17
6139,6140,521,11.18
4780,4781,521,11.17
5821,5742,521,12.77
5740,5661,521,12.77
6266,6346,521,6.96
6017,6097,521,6.96
6017,6016,521,6.96
4383,4304,521,12.76
1059,979,521,6.52
4700,4781,521,8.57
6059,6140,521,8.58
3103,3184,521,8.56
2391,2472,521,8.57
1215,1135,521,9.49
6199,6279,521,3.69
6198,6279,521,4.55
6018,6097,521,6.46
2471,2472,521,11.16
827,747,521,2.96
3411,3332,521,1.27
3104,3105,522,11.17
4701,4702,522,11.16
6060,6061,522,11.17
432,352,522,9.49
6271,6351,522,6.96
4621,4702,522,8.57
6270,6351,522,8.59
3024,3105,522,8.57
433,352,522,7.28
744,663,522,7.27
688,689,522,8.29
6201,6281,522,3.69
2392,2393,522,11.17
6099,6179,522,6.97
2312,2393,522,8.58
4561,4641,522,6.96
1844,1763,522,7.28
5980,6061,522,8.57
1843,1763,522,9.49
1010,931,522,1.26
1448,1368,522,9.49
1831,1832,523,11.17
1590,1591,523,11.16
4622,4623,523,11.17
1108,1109,523,11.16
1349,1350,523,11.16
1670,1591,523,12.76
1429,1350,523,12.77
1188,1109,523,12.76
2313,2314,523,11.17
866,787,523,12.77
3025,3026,523,11.16
5901,5982,523,8.57
6266,6347,523,8.58
6017,5936,523,8.58
4462,4543,523,8.57
2945,3026,523,8.57
4542,4543,523,11.17
6102,6182,523,3.69
1213,1134,523,7.45
1214,1134,523,6.52
2152,2073,523,12.76
5981,5982,523,11.16
5576,5497,523,3.39
867,787,523,11.17
867,868,523,11.17
6267,6347,523,6.96
947,868,523,12.77
2072,2073,523,11.16
5616,5695,523,1.72
6268,6347,523,6.46
1923,1842,523,7.28
1911,1832,523,12.77
5902,5903,524,11.17
2161,2081,524,11.17
353,273,524,9.49
5741,5662,524,12.78
664,584,524,9.48
6100,6180,524,6.96
2946,2947,524,11.16
2866,2947,524,8.57
6271,6352,524,8.58
354,273,524,7.29
2162,2081,524,7.28
1212,1132,524,9.49
6217,6296,524,6.45
1764,1684,524,9.49
1215,1136,524,10.85
688,609,524,9.48
4463,4464,524,11.16
6099,6180,524,8.58
4561,4642,524,8.58
687,606,524,6.37
665,584,524,7.27
1765,1684,524,7.29
1370,1289,524,7.28
864,784,525,11.16
5446,5526,525,6.96
5446,5445,525,6.96
865,784,525,8.56
2867,2868,525,11.16
4779,4858,525,6.45
5447,5526,525,6.46
6199,6280,525,4.54
4857,4858,525,2.96
4777,4858,525,2.28
2787,2868,525,8.57
5175,5176,525,2.96
3926,3847,525,1.26
1751,1752,526,11.16
1510,1511,526,11.15
585,505,526,9.48
274,194,526,9.5
1831,1752,526,12.77
1590,1511,526,12.76
1108,1029,526,12.76
1685,1605,526,9.49
1349,1270,526,12.76
5528,5608,526,6.96
2313,2234,526,12.77
6100,6181,526,8.58
5740,5659,526,8.58
511,510,526,5.91
2708,2789,526,8.57
1269,1270,526,11.15
3094,3173,526,6.45
785,705,526,11.17
6284,6364,526,3.69
1022,941,526,2.28
1686,1605,526,7.28
867,788,526,12.77
6277,6357,526,5.18
1992,1993,526,11.16
2072,1993,526,12.76
2788,2789,526,11.18
2233,2234,526,11.17
1028,1029,526,11.16
2709,2710,527,11.16
5822,5823,527,11.17
5902,5823,527,12.77
5446,5365,527,8.57
607,527,527,8.29
4384,4385,527,11.17
5660,5580,527,11.18
2629,2710,527,8.57
3767,3768,527,1.1
829,749,527,2.96
2630,2631,528,11.17
3180,3260,528,6.95
6218,6299,528,8.58
5528,5609,528,8.58
6194,6274,528,5.17
6276,6356,528,5.17
6266,6345,528,6.46
6017,6096,528,6.46
2550,2631,528,8.57
981,900,528,5.01
6195,6274,528,4.8
6265,6345,528,6.96
3327,3247,528,1.11
1189,1190,529,11.16
786,706,529,11.17
6219,6220,529,11.17
4860,4861,529,11.16
1671,1672,529,11.16
948,949,529,11.17
2551,2552,529,11.16
1430,1431,529,11.16
586,506,529,9.48
586,587,529,9.48
1751,1672,529,12.76
1510,1431,529,12.75
585,506,529,10.84
274,195,529,10.86
6139,6220,529,8.58
4780,4861,529,8.58
2082,2001,529,8.57
511,430,529,7.28
823,742,529,7.28
607,528,529,9.48
1269,1190,529,12.75
785,706,529,12.77
6098,6178,529,6.96
608,528,529,8.29
6099,6178,529,6.46
6277,6358,529,6.38
1992,1913,529,12.76
2233,2154,529,12.77
2471,2552,529,8.57
1028,949,529,12.76
2153,2154,529,11.16
1527,1446,529,7.28
827,748,529,3.38
828,748,529,2.96
1912,1913,529,11.17
4781,4782,530,11.17
6140,6141,530,11.17
5822,5743,530,12.77
3181,3261,530,6.96
4304,4224,530,11.16
4304,4305,530,11.16
3180,3261,530,8.56
3104,3185,530,8.57
4701,4782,530,8.57
6060,6141,530,8.57
5742,5743,530,11.17
1212,1211,530,5.91
4384,4305,530,12.77
516,517,530,2.97
2472,2473,530,11.16
5660,5581,530,12.78
5661,5581,530,11.18
2392,2473,530,8.57
3184,3185,530,11.17
1099,1019,530,1.11
3898,3819,530,1.26
830,750,530,2.96
2393,2394,531,11.16
4702,4703,531,11.17
6061,6062,531,11.16
3105,3106,531,11.16
431,351,531,9.48
1447,1367,531,9.48
864,863,531,6.95
901,821,531,6.52
1290,1210,531,6.52
4622,4703,531,8.58
432,351,531,7.28
2313,2394,531,8.58
3025,3106,531,8.57
902,821,531,5.01
942,862,531,2.97
5415,5416,531,2.96
5495,5416,531,3.39
608,529,531,9.48
5981,6062,531,8.57
1843,1762,531,7.28
1448,1367,531,7.28
1109,1110,532,11.17
4543,4544,532,11.16
4623,4624,532,11.16
5936,5856,532,11.18
1591,1592,532,11.16
979,899,532,9.49
1135,1055,532,9.49
1189,1110,532,12.75
786,707,532,12.77
1350,1351,532,11.16
1671,1592,532,12.76
948,869,532,12.77
1430,1351,532,12.76
586,507,532,10.84
3026,3027,532,11.16
1832,1833,532,11.17
2002,1921,532,8.58
5902,5983,532,8.57
3181,3262,532,8.57
5446,5525,532,6.45
2946,3027,532,8.57
2314,2315,532,11.16
688,769,532,6.37
5982,5983,532,11.17
4463,4544,532,8.57
868,869,532,11.17
5737,5658,532,3.39
5657,5658,532,2.96
787,707,532,11.16
3182,3262,532,6.96
2073,2074,532,11.16
2153,2074,532,12.76
1912,1833,532,12.77
5903,5904,533,11.17
5662,5582,533,11.17
5662,5663,533,11.17
352,272,533,9.49
4859,4939,533,6.96
5527,5607,533,6.96
2947,2948,533,11.16
6272,6273,533,5.93
864,783,533,8.57
4304,4225,533,12.76
353,272,533,7.29
5742,5663,533,12.78
5528,5607,533,6.46
663,583,533,9.48
664,583,533,7.27
2867,2948,533,8.57
1137,1057,533,6.52
1212,1131,533,7.29
436,356,533,2.97
436,437,533,2.97
1764,1683,533,7.29
6352,6353,533,11.17
4464,4465,533,11.17
677,597,533,2.96
5661,5582,533,12.78
1763,1683,533,9.49
1368,1288,533,9.5
2868,2869,534,11.17
3183,3263,534,6.95
784,704,534,11.17
1059,978,534,5.01
785,704,534,8.57
5016,5017,534,2.96
3182,3263,534,8.58
2788,2869,534,8.58
2234,2235,535,11.16
1752,1753,535,11.16
705,625,535,11.16
1511,1512,535,11.15
1684,1604,535,9.49
584,504,535,9.48
1136,1056,535,9.49
1289,1209,535,9.49
273,193,535,9.49
1109,1030,535,12.77
1591,1512,535,12.76
1135,1056,535,10.85
6264,6344,535,6.96
6264,6263,535,6.96
1350,1271,535,12.76
4860,4940,535,6.96
4859,4940,535,8.57
2709,2790,535,8.57
1832,1753,535,12.77
585,504,535,7.28
274,193,535,7.29
3180,3259,535,6.45
1685,1604,535,7.28
1270,1271,535,11.17
511,590,535,5.48
2314,2235,535,12.76
5660,5579,535,8.58
868,789,535,12.77
6265,6344,535,6.45
788,708,535,11.17
788,789,535,11.17
787,708,535,12.76
2789,2790,535,11.17
1029,1030,535,11.17
2073,1994,535,12.76
2925,2926,535,1.11
1993,1994,535,11.17
3005,2926,535,1.26
5580,5500,536,11.17
4385,4386,536,11.17
5823,5824,536,11.17
5903,5824,536,12.77
5662,5583,536,12.77
6016,6015,536,6.97
1133,1053,536,6.52
3183,3264,536,8.57
2630,2711,536,8.57
2710,2711,536,11.16
6098,6177,536,6.46
6097,6177,536,6.97
3184,3264,536,6.96
929,850,536,1.26
685,605,536,2.96
5609,5610,537,11.17
2631,2632,537,11.17
194,114,537,9.49
505,425,537,9.48
6219,6300,537,8.58
4860,4941,537,8.57
2551,2632,537,8.57
607,526,537,6.37
1526,1525,537,5.91
6179,6259,537,6.97
609,610,537,8.29
1605,1525,537,9.49
1606,1525,537,7.28
3328,3248,537,1.11
706,626,538,11.16
1431,1432,538,11.17
1672,1673,538,11.16
1190,1191,538,11.18
949,950,538,11.17
6220,6221,538,11.17
2234,2155,538,12.76
1752,1673,538,12.76
705,626,538,12.76
1511,1432,538,12.75
5936,5935,538,6.96
6016,5935,538,8.59
4781,4862,538,8.58
6140,6221,538,8.58
2154,2155,538,11.16
586,667,538,7.28
1270,1191,538,12.77
6276,6355,538,4.8
6275,6355,538,5.17
5255,5256,538,2.96
2472,2553,538,8.57
788,709,538,12.77
746,667,538,3.39
3184,3265,538,8.57
5534,5613,538,1.71
1029,950,538,12.77
1098,1018,538,1.11
2552,2553,538,11.16
1993,1914,538,12.77
1913,1914,538,11.17
5581,5501,539,11.16
4224,4144,539,11.16
4782,4783,539,11.18
2473,2474,539,11.17
6141,6142,539,11.17
5580,5501,539,12.77
4385,4306,539,12.77
5823,5744,539,12.77
1134,1054,539,6.52
6180,6260,539,6.96
2393,2474,539,8.57
4702,4783,539,8.57
6061,6142,539,8.57
3105,3186,539,8.56
1133,1054,539,7.45
743,662,539,7.27
663,662,539,5.9
4305,4306,539,11.17
5743,5744,539,11.17
5415,5336,539,3.39
6179,6260,539,8.58
609,530,539,9.48
3185,3186,539,11.16
4703,4704,540,11.15
6062,6063,540,11.17
430,350,540,9.48
506,426,540,9.48
1446,1366,540,9.49
194,115,540,10.85
2394,2395,540,11.16
505,426,540,10.84
5445,5444,540,6.96
5526,5606,540,6.96
1842,1841,540,5.91
4623,4704,540,8.57
5936,5855,540,8.58
431,350,540,7.28
1447,1366,540,7.28
1922,1841,540,7.28
4859,4938,540,6.45
5527,5606,540,6.45
3026,3107,540,8.57
6283,6363,540,3.69
1132,1052,540,6.52
2314,2395,540,8.57
6284,6363,540,3.42
3106,3107,540,11.16
5982,6063,540,8.57
1526,1445,540,7.28
5657,5578,540,3.39
195,115,540,9.49
195,196,540,9.49
527,447,540,8.29
4544,4545,541,11.16
2074,2075,541,11.17
2315,2316,541,11.16
4624,4625,541,11.16
1110,1111,541,11.18
3027,3028,541,11.16
5983,5984,541,11.17
706,627,541,12.76
1431,1352,541,12.77
1672,1593,541,12.76
1190,1111,541,12.78
949,870,541,12.78
1351,1352,541,11.17
1592,1593,541,11.16
5608,5688,541,6.96
6181,6261,541,6.95
5903,5984,541,8.57
6180,6261,541,8.58
979,898,541,7.28
2154,2075,541,12.76
2947,3028,541,8.57
869,870,541,11.18
678,598,541,2.97
1833,1834,541,11.17
436,357,541,3.39
4464,4545,541,8.57
677,598,541,3.39
6278,6359,541,4.56
5856,5776,541,11.18
707,627,541,11.17
3816,3737,541,1.27
1913,1834,541,12.77
5582,5502,542,11.16
5663,5664,542,11.17
5904,5905,542,11.17
351,271,542,9.49
5581,5502,542,12.76
4224,4145,542,12.76
528,448,542,8.3
5445,5364,542,8.57
2868,2949,542,8.57
352,271,542,7.28
4225,4145,542,11.17
4225,4226,542,11.17
6264,6343,542,6.45
663,582,542,7.28
2948,2949,542,11.16
784,703,542,8.58
4465,4466,542,11.17
4305,4226,542,12.77
5743,5664,542,12.78
1763,1682,542,7.28
3734,3654,542,1.11
3733,3654,542,1.27
1368,1287,542,7.29
1762,1682,542,9.49
680,600,542,2.96
527,448,542,9.48
507,427,543,9.48
507,508,543,9.48
899,819,543,9.49
506,427,543,10.84
5609,5689,543,6.96
510,509,543,5.9
5608,5689,543,8.57
6181,6262,543,8.57
2869,2870,543,11.17
705,624,543,8.57
704,624,543,11.17
1842,1761,543,7.28
6016,6095,543,6.46
3260,3340,543,6.94
6096,6176,543,6.97
6096,6095,543,6.97
195,116,543,10.85
6097,6176,543,6.46
2789,2870,543,8.57
1994,1995,544,11.17
2235,2236,544,11.17
5579,5499,544,11.17
272,192,544,9.49
583,503,544,9.48
2074,1995,544,12.77
2315,2236,544,12.76
789,790,544,11.17
1110,1031,544,12.78
528,449,544,9.48
1512,1513,544,11.17
1351,1272,544,12.77
900,820,544,6.52
5580,5499,544,8.58
1592,1513,544,12.76
1684,1603,544,7.29
584,503,544,7.28
1289,1208,544,7.28
273,192,544,7.29
1271,1272,544,11.18
901,820,544,5.01
708,628,544,11.18
869,790,544,12.78
1753,1754,544,11.17
1833,1754,544,12.77
6178,6258,544,6.97
5096,5097,544,2.96
2710,2791,544,8.57
2790,2791,544,11.17
6179,6258,544,6.46
1030,1031,544,11.17
1683,1603,544,9.49
529,449,544,8.29
707,628,544,12.77
625,545,544,11.16
1288,1208,544,9.49
5824,5825,545,11.17
5500,5420,545,11.16
4386,4387,545,11.16
5582,5503,545,12.76
5663,5584,545,12.77
5904,5825,545,12.77
2711,2712,545,11.16
5609,5690,545,8.58
2631,2712,545,8.58
4225,4146,545,12.77
3261,3341,545,6.95
3260,3341,545,8.55
681,601,545,2.97
1056,976,546,9.49
193,113,546,9.49
1209,1129,546,9.48
504,424,546,9.48
507,428,546,10.84
6300,6301,546,11.17
430,429,546,5.91
6220,6301,546,8.58
194,113,546,7.29
510,429,546,7.28
505,424,546,7.28
2632,2633,546,11.17
529,450,546,9.48
1604,1524,546,9.49
3572,3573,546,1.11
1605,1524,546,7.28
3329,3249,546,1.11
2552,2633,546,8.57
1191,1192,547,11.19
1432,1433,547,11.18
6221,6222,547,11.17
2155,2156,547,11.17
950,951,547,11.18
1914,1915,547,11.18
1994,1915,547,12.77
2235,2156,547,12.77
789,710,547,12.77
1210,1130,547,6.52
821,741,547,6.52
4224,4143,547,8.57
4782,4863,547,8.58
2473,2554,547,8.57
6141,6222,547,8.57
1512,1433,547,12.77
5445,5524,547,6.45
5526,5605,547,6.45
1271,1192,547,12.78
822,741,547,5.01
708,629,547,12.78
3261,3342,547,8.56
1673,1674,547,11.17
1753,1674,547,12.77
2553,2554,547,11.17
626,546,547,11.17
609,690,547,6.37
1030,951,547,12.77
5525,5605,547,6.96
5525,5524,547,6.96
3185,3266,547,8.57
625,546,547,12.75
3262,3342,547,6.95
683,603,547,2.97
3265,3266,547,11.16
2474,2475,548,11.17
4306,4307,548,11.16
5744,5745,548,11.17
6142,6143,548,11.17
3186,3187,548,11.17
425,345,548,9.48
5824,5745,548,12.77
5500,5421,548,12.76
4386,4307,548,12.76
5607,5687,548,6.96
1055,975,548,6.52
4703,4784,548,8.56
6062,6143,548,8.57
5608,5687,548,6.45
2394,2475,548,8.57
6282,6362,548,3.69
6275,6354,548,4.8
682,602,548,2.97
3106,3187,548,8.57
114,34,548,9.49
3900,3820,548,1.11
684,604,548,2.97
4704,4705,549,11.15
5578,5498,549,11.17
1056,977,549,10.85
3107,3108,549,11.16
2315,2396,549,8.57
4624,4705,549,8.57
3027,3108,549,8.57
5983,6064,549,8.57
1131,1051,549,6.52
430,349,549,7.28
1446,1365,549,7.28
2395,2396,549,11.17
679,599,549,2.97
678,599,549,3.39
5856,5775,549,8.58
355,276,549,3.39
195,276,549,7.29
6063,6064,549,11.17
3262,3343,549,8.56
3263,3343,549,6.95
4545,4546,550,11.17
1834,1835,550,11.18
5984,5985,550,11.17
2075,2076,550,11.18
4625,4626,550,11.17
2316,2317,550,11.17
1593,1594,550,11.17
1191,1112,550,12.79
1432,1353,550,12.78
1352,1353,550,11.18
2155,2076,550,12.77
950,871,550,12.78
1914,1835,550,12.78
5904,5985,550,8.57
526,446,550,8.29
870,871,550,11.17
3028,3029,550,11.17
627,547,550,11.18
3260,3339,550,6.44
6281,6361,550,3.69
2948,3029,550,8.57
4465,4546,550,8.58
1673,1594,550,12.77
626,547,550,12.77
6096,6175,550,6.46
3901,3821,550,1.11
610,611,550,8.3
1111,1112,550,11.18
527,446,550,6.37
4226,4227,551,11.16
5664,5665,551,11.17
703,623,551,11.17
5905,5906,551,11.17
2949,2950,551,11.16
1366,1286,551,9.49
426,346,551,9.48
4306,4227,551,12.76
5744,5665,551,12.77
350,270,551,9.48
425,346,551,10.84
6177,6257,551,6.97
351,270,551,7.28
2869,2950,551,8.57
704,623,551,8.58
4466,4467,551,11.17
6178,6257,551,6.46
447,367,551,9.47
115,35,551,9.49
114,35,551,10.85
3263,3344,551,8.56
3264,3344,551,6.95
6015,6014,551,6.97
1762,1681,551,7.28
2870,2871,552,11.17
898,818,552,9.49
1053,973,552,6.52
507,588,552,7.28
899,818,552,7.28
6300,6380,552,6.96
510,589,552,5.48
6259,6339,552,6.97
2790,2871,552,8.57
625,544,552,8.56
624,544,552,11.16
610,531,552,9.49
530,531,552,8.3
790,791,553,11.18
1754,1755,553,11.18
1513,1514,553,11.18
545,465,553,11.17
1995,1996,553,11.18
5499,5419,553,11.17
448,368,553,9.47
582,502,553,9.48
1682,1602,553,9.49
271,191,553,9.49
1834,1755,553,12.78
2075,1996,553,12.78
2316,2237,553,12.77
1593,1514,553,12.78
1352,1273,553,12.78
2236,2237,553,11.18
5500,5419,553,8.57
272,191,553,7.28
583,502,553,7.28
2711,2792,553,8.57
1272,1273,553,11.18
628,548,553,11.19
870,791,553,12.78
6280,6360,553,3.69
6279,6360,553,4.55
2791,2792,553,11.17
627,548,553,12.78
1031,1032,553,11.18
5935,5934,553,6.97
1683,1602,553,7.29
1288,1207,553,7.28
1111,1032,553,12.78
3265,3345,553,6.95
3264,3345,553,8.56
6015,5934,553,8.59
5825,5826,554,11.17
2712,2713,554,11.16
427,347,554,9.48
4226,4147,554,12.76
5664,5585,554,12.77
5905,5826,554,12.77
4387,4388,554,11.17
426,347,554,10.84
978,897,554,7.28
6260,6340,554,6.97
6300,6381,554,8.57
2632,2713,554,8.57
6259,6340,554,8.58
5420,5340,554,11.16
115,36,554,10.85
5525,5604,554,6.45
530,451,554,9.48
503,423,555,9.48
192,112,555,9.49
5606,5686,555,6.96
1054,974,555,6.52
6221,6302,555,8.57
1053,974,555,7.46
193,112,555,7.29
1209,1128,555,7.28
504,423,555,7.28
5607,5686,555,6.45
2553,2634,555,8.57
5935,5854,555,8.58
1604,1523,555,7.28
3265,3346,555,8.57
1603,1523,555,9.49
2633,2634,555,11.17
546,466,556,11.19
3266,3267,556,11.16
1674,1675,556,11.18
1192,1193,556,11.18
1915,1916,556,11.18
951,952,556,11.18
790,711,556,12.78
1754,1675,556,12.78
1513,1434,556,12.79
545,466,556,12.77
1995,1916,556,12.78
448,369,556,10.83
5688,5768,556,6.95
1052,972,556,6.52
6261,6341,556,6.96
2474,2555,556,8.57
6142,6223,556,8.57
3186,3267,556,8.57
2236,2157,556,12.78
1433,1434,556,11.19
6260,6341,556,8.58
1272,1193,556,12.78
2156,2157,556,11.18
628,549,556,12.79
2554,2555,556,11.17
5496,5417,556,3.39
662,661,556,5.91
1031,952,556,12.78
5745,5746,557,11.17
3187,3188,557,11.16
4307,4308,557,11.17
424,344,557,9.48
428,348,557,9.48
5825,5746,557,12.77
427,348,557,10.84
6343,6342,557,6.96
703,702,557,6.96
4387,4308,557,12.77
1445,1444,557,5.91
4704,4785,557,8.56
709,630,557,7.47
425,344,557,7.28
3107,3188,557,8.57
2395,2476,557,8.57
526,525,557,5.17
1525,1444,557,7.28
5420,5341,557,12.75
6263,6342,557,6.45
2475,2476,557,11.17
976,896,557,9.48
114,33,557,7.28
113,33,557,9.49
6063,6144,557,8.57
2925,2846,557,1.27
1524,1444,557,9.49
3108,3109,558,11.17
4705,4706,558,11.17
5498,5418,558,11.17
5689,5769,558,6.95
3340,3420,558,6.94
6176,6256,558,6.97
5688,5769,558,8.57
5984,6065,558,8.57
4625,4706,558,8.57
2316,2397,558,8.57
6177,6256,558,6.46
3028,3109,558,8.57
671,670,558,1.85
2396,2397,558,11.16
6064,6065,558,11.17
6015,6094,558,6.46
6095,6094,558,6.97
2076,2077,559,11.19
4546,4547,559,11.18
1835,1836,559,11.17
3029,3030,559,11.16
4626,4627,559,11.17
2317,2318,559,11.18
546,467,559,12.79
1674,1595,559,12.78
1192,1113,559,12.78
1915,1836,559,12.78
951,872,559,12.78
449,370,559,9.47
703,622,559,8.58
582,581,559,5.91
5905,5986,559,8.57
2949,3030,559,8.57
1353,1354,559,11.18
819,739,559,6.52
1594,1595,559,11.18
1433,1354,559,12.79
547,467,559,11.18
6300,6379,559,6.45
2156,2077,559,12.78
345,265,559,9.48
4466,4547,559,8.58
871,872,559,11.17
662,581,559,7.28
6259,6338,559,6.46
4062,4063,559,1.1
1112,1113,559,11.18
1020,940,559,1.11
5127,5047,559,1.11
450,370,559,8.29
6258,6338,559,6.97
5176,5177,559,2.96
5665,5666,560,11.17
4227,4228,560,11.17
2950,2951,560,11.16
623,543,560,11.17
1365,1285,560,9.49
5745,5666,560,12.77
4307,4228,560,12.77
3341,3421,560,6.95
820,740,560,6.52
5689,5770,560,8.57
3340,3421,560,8.56
2870,2951,560,8.57
1445,1364,560,7.29
1366,1285,560,7.29
350,269,560,7.28
821,740,560,5
349,269,560,9.48
1051,971,560,9.48
526,445,560,6.37
942,861,560,2.28
447,366,560,7.27
624,543,560,8.57
610,691,560,6.37
4467,4468,560,11.16
544,464,561,11.16
545,464,561,8.58
898,817,561,7.28
749,669,561,2.96
2791,2872,561,8.57
3982,3983,561,1.11
2871,2872,561,11.17
450,371,561,9.48
2237,2238,562,11.19
465,385,562,11.18
1996,1997,562,11.18
1755,1756,562,11.17
791,792,562,11.17
1514,1515,562,11.19
2076,1997,562,12.79
1835,1756,562,12.77
2317,2238,562,12.78
3342,3422,562,6.94
1129,1049,562,6.52
2712,2793,562,8.57
3341,3422,562,8.56
582,501,562,7.28
1682,1601,562,7.29
1353,1274,562,12.79
271,190,562,7.29
1032,1033,562,11.17
5606,5685,562,6.45
1273,1274,562,11.19
270,190,562,9.48
1594,1515,562,12.78
1681,1601,562,9.49
547,468,562,12.78
1131,1050,562,5.01
345,266,562,10.84
2792,2793,562,11.16
346,266,562,9.48
871,792,562,12.77
5420,5339,562,8.56
5419,5339,562,11.16
5605,5685,562,6.96
1112,1033,562,12.78
367,287,562,9.47
5524,5523,562,6.96
3851,3770,562,0.85
5826,5827,563,11.17
5585,5505,563,11.17
5585,5586,563,11.17
2713,2714,563,11.16
5665,5586,563,12.77
4227,4148,563,12.77
818,738,563,9.48
5687,5767,563,6.96
5688,5767,563,6.45
611,612,563,8.29
748,668,563,2.96
5531,5611,563,1.85
3902,3822,563,1.11
3902,3903,563,1.11
4388,4389,563,11.18
2765,2766,563,1.11
747,668,563,3.39
2633,2714,563,8.57
3346,3347,564,11.15
502,422,564,9.48
3343,3423,564,6.94
1602,1522,564,9.49
975,895,564,6.52
3342,3423,564,8.55
3266,3347,564,8.57
503,422,564,7.28
192,111,564,7.28
703,782,564,6.46
191,111,564,9.49
2554,2635,564,8.57
517,518,564,2.97
2634,2635,564,11.16
3735,3655,564,1.11
5524,5443,564,8.57
3734,3655,564,1.27
368,288,564,9.47
1603,1522,564,7.29
3267,3268,565,11.17
1193,1194,565,11.19
1434,1435,565,11.18
952,953,565,11.17
1916,1917,565,11.18
466,386,565,11.19
1675,1676,565,11.17
36,37,565,9.48
2237,2158,565,12.79
465,386,565,12.78
1996,1917,565,12.79
1755,1676,565,12.78
791,712,565,12.78
1514,1435,565,12.79
531,532,565,8.29
6175,6255,565,6.96
6175,6174,565,6.96
3187,3268,565,8.57
5417,5337,565,11.17
3340,3419,565,6.44
6176,6255,565,6.46
1032,953,565,12.77
1273,1194,565,12.79
2157,2158,565,11.17
611,532,565,9.48
346,267,565,10.84
347,267,565,9.48
5532,5612,565,1.85
2555,2556,565,11.17
5614,5694,565,1.85
2475,2556,565,8.57
6095,6174,565,6.46
5746,5747,566,11.17
3188,3189,566,11.17
4785,4786,566,11.17
974,894,566,9.48
1523,1443,566,9.49
5826,5747,566,12.77
5585,5506,566,12.77
6257,6337,566,6.96
3344,3424,566,6.94
3108,3189,566,8.58
4705,4786,566,8.57
3343,3424,566,8.55
629,550,566,7.47
424,343,566,7.28
710,631,566,7.46
423,343,566,9.47
2476,2477,566,11.17
4388,4309,566,12.78
6014,6013,566,6.97
2396,2477,566,8.57
6064,6145,566,8.57
113,32,566,7.28
112,32,566,9.48
6258,6337,566,6.46
4308,4309,566,11.18
1524,1443,566,7.28
3109,3110,567,11.17
4706,4707,567,11.17
451,452,567,8.29
531,452,567,9.48
3029,3110,567,8.57
4626,4707,567,8.57
2317,2398,567,8.58
437,438,567,2.97
1286,1206,567,6.52
3492,3493,567,1.11
2397,2398,567,11.17
4968,4967,567,0.69
368,289,567,10.82
3030,3031,568,11.16
622,542,568,11.17
1836,1837,568,11.18
4547,4548,568,11.17
2077,2078,568,11.18
2318,2319,568,11.18
1595,1596,568,11.18
872,873,568,11.17
4627,4628,568,11.16
344,264,568,9.48
1193,1114,568,12.79
1434,1355,568,12.78
952,873,568,12.77
1354,1355,568,11.18
1916,1837,568,12.79
466,387,568,12.79
1675,1596,568,12.78
973,893,568,6.52
2950,3031,568,8.57
623,542,568,8.57
3344,3425,568,8.55
5417,5338,568,12.77
2157,2078,568,12.77
467,387,568,11.18
345,264,568,7.28
348,268,568,9.48
347,268,568,10.84
1113,1114,568,11.17
896,816,568,9.48
3017,3018,568,1.1
2773,2693,568,1.1
5017,5018,568,2.96
6014,5933,568,8.59
3330,3250,568,1.11
3329,3250,568,1.27
5934,5933,568,6.97
3345,3425,568,6.95
4467,4548,568,8.57
5666,5667,569,11.17
5746,5667,569,12.77
4228,4229,569,11.16
451,372,569,9.48
5604,5684,569,6.96
5604,5603,569,6.96
1207,1127,569,6.52
1365,1284,569,7.29
544,463,569,8.57
543,463,569,11.16
1051,970,569,7.28
2951,2952,569,11.17
4468,4469,569,11.18
5605,5684,569,6.45
5524,5603,569,6.45
2871,2952,569,8.58
4308,4229,569,12.78
464,384,570,11.17
2872,2873,570,11.17
3346,3426,570,6.95
465,384,570,8.58
5686,5766,570,6.96
5687,5766,570,6.45
2792,2873,570,8.57
265,185,570,9.48
446,365,570,7.28
2689,2690,570,1.1
5934,5853,570,8.59
3345,3426,570,8.56
2609,2690,570,0.85
1033,1034,571,11.17
1756,1757,571,11.18
385,305,571,11.18
2238,2239,571,11.18
792,793,571,11.17
1997,1998,571,11.18
269,189,571,9.48
1836,1757,571,12.78
2077,1998,571,12.79
2318,2239,571,12.78
1595,1516,571,12.78
872,793,571,12.77
1354,1275,571,12.78
1515,1516,571,11.18
5826,5907,571,8.57
5585,5504,571,8.57
2713,2794,571,8.57
2793,2794,571,11.16
1274,1275,571,11.18
270,189,571,7.28
1285,1205,571,9.49
5768,5848,571,6.96
1128,1048,571,6.52
467,388,571,12.78
468,388,571,11.19
468,469,571,11.19
5339,5259,571,11.16
1113,1034,571,12.77
367,286,571,7.27
369,290,571,9.47
366,286,571,9.47
4148,4068,572,11.16
4148,4149,572,11.16
5666,5587,572,12.77
702,701,572,6.96
4785,4865,572,6.96
3346,3427,572,8.56
4228,4149,572,12.76
6175,6254,572,6.46
817,737,572,9.49
818,737,572,7.28
4389,4390,572,11.17
972,892,572,6.52
5256,5257,572,2.96
2634,2715,572,8.57
2714,2715,572,11.16
3347,3348,573,11.16
190,110,573,9.48
287,207,573,9.47
501,421,573,9.48
1601,1521,573,9.49
266,186,573,9.49
6094,6093,573,6.97
6256,6336,573,6.97
3267,3348,573,8.57
502,421,573,7.28
6257,6336,573,6.46
1602,1521,573,7.29
5769,5849,573,6.95
191,110,573,7.28
5768,5849,573,8.57
611,692,573,6.37
661,660,573,5.91
2635,2636,573,11.17
2555,2636,573,8.57
265,186,573,10.84
6014,6093,573,6.47
953,954,574,11.18
1917,1918,574,11.18
2556,2557,574,11.17
1676,1677,574,11.18
712,632,574,11.17
712,713,574,11.17
386,306,574,11.18
1435,1436,574,11.18
3268,3269,574,11.17
738,658,574,9.48
1033,954,574,12.77
1756,1677,574,12.78
385,306,574,12.78
2238,2159,574,12.78
792,713,574,12.77
1997,1918,574,12.78
371,291,574,8.29
622,621,574,6.96
3188,3269,574,8.57
702,621,574,8.57
4785,4866,574,8.57
1515,1436,574,12.78
36,117,574,7.28
2158,2159,574,11.17
1274,1195,574,12.78
196,197,574,2.97
468,389,574,12.79
5339,5260,574,12.76
2476,2557,574,8.57
6294,6295,574,1.11
1194,1195,574,11.17
370,291,574,9.47
631,551,575,11.17
3189,3190,575,11.17
4786,4787,575,11.17
422,342,575,9.48
288,208,575,9.47
4148,4069,575,12.76
739,659,575,6.52
3109,3190,575,8.57
4706,4787,575,8.57
111,31,575,9.48
1523,1442,575,7.29
3421,3501,575,6.96
549,470,575,7.46
4389,4310,575,12.77
5769,5850,575,8.57
357,277,575,2.97
357,358,575,2.97
356,277,575,3.39
437,358,575,3.39
2477,2478,575,11.17
423,342,575,7.27
2397,2478,575,8.57
3817,3738,575,1.26
4309,4310,575,11.17
112,31,575,7.28
4707,4708,576,11.16
3110,3111,576,11.16
267,187,576,9.48
37,38,576,9.48
266,187,576,10.84
371,292,576,9.48
3030,3111,576,8.57
622,541,576,8.57
2318,2399,576,8.58
581,580,576,5.91
4627,4708,576,8.57
971,891,576,6.52
5604,5683,576,6.45
600,520,576,2.97
661,580,576,7.28
2398,2399,576,11.17
4628,4629,577,11.17
2319,2320,577,11.18
4548,4549,577,11.18
1837,1838,577,11.18
3031,3032,577,11.17
873,874,577,11.18
1596,1597,577,11.18
1355,1356,577,11.19
953,874,577,12.78
1917,1838,577,12.78
1676,1597,577,12.78
712,633,577,12.77
386,307,577,12.79
894,814,577,9.48
1435,1356,577,12.78
5685,5765,577,6.96
3422,3502,577,6.95
344,263,577,7.28
3421,3502,577,8.57
5686,5765,577,6.45
2158,2079,577,12.77
2078,2079,577,11.18
543,462,577,8.57
1114,1115,577,11.17
542,462,577,11.17
896,815,577,7.28
343,263,577,9.47
525,524,577,5.17
2951,3032,577,8.57
4468,4549,577,8.58
1194,1115,577,12.77
463,383,578,11.16
2952,2953,578,11.17
631,552,578,12.77
532,533,578,8.3
288,209,578,10.83
1049,969,578,6.52
464,383,578,8.58
2872,2953,578,8.57
5767,5847,578,6.96
5768,5847,578,6.45
4469,4470,578,11.18
5097,5098,578,2.96
4309,4230,578,12.77
4229,4230,578,11.16
2873,2874,579,11.16
384,304,579,11.18
268,188,579,9.48
267,188,579,10.84
3423,3503,579,6.95
816,736,579,9.48
385,304,579,8.58
501,500,579,5.91
3422,3503,579,8.57
581,500,579,7.28
702,781,579,6.45
4785,4864,579,6.45
893,813,579,9.48
2793,2874,579,8.57
5339,5258,579,8.57
265,184,579,7.28
1092,1012,579,1.11
264,184,579,9.48
3166,3167,579,1.11
601,521,579,2.97
793,794,580,11.17
1034,1035,580,11.17
1998,1999,580,11.18
2239,2240,580,11.18
1516,1517,580,11.18
1757,1758,580,11.18
2319,2240,580,12.78
1837,1758,580,12.78
873,794,580,12.78
1596,1517,580,12.78
1355,1276,580,12.79
452,453,580,8.3
532,453,580,9.49
6174,6173,580,6.97
6255,6335,580,6.96
4148,4067,580,8.57
6094,6173,580,6.46
305,225,580,11.18
6256,6335,580,6.46
1275,1276,580,11.17
2794,2795,580,11.16
2078,1999,580,12.78
1285,1204,580,7.28
1114,1035,580,12.77
5259,5179,580,11.17
2714,2795,580,8.57
525,444,580,6.37
445,444,580,5.17
366,285,580,7.27
3427,3428,581,11.18
4068,3988,581,11.17
185,105,581,9.48
3423,3504,581,8.57
3347,3428,581,8.57
3424,3504,581,6.95
4149,4150,581,11.16
2635,2716,581,8.57
4390,4391,581,11.16
603,523,581,2.97
2715,2716,581,11.17
5206,5126,581,1.11
4229,4150,581,12.76
3348,3349,582,11.16
286,206,582,9.47
189,109,582,9.48
372,373,582,8.29
452,373,582,9.48
289,210,582,9.48
2556,2637,582,8.57
3268,3349,582,8.57
1443,1363,582,6.52
190,109,582,7.28
287,206,582,7.27
501,420,582,7.28
2636,2637,582,11.16
3421,3500,582,6.45
1207,1126,582,5.01
602,522,582,2.97
1093,1013,582,1.11
3086,3087,582,1.11
3688,3769,582,0.85
4866,4867,583,11.17
954,955,583,11.17
1677,1678,583,11.18
2557,2558,583,11.17
713,714,583,11.18
3269,3270,583,11.16
1918,1919,583,11.18
2159,2160,583,11.17
793,714,583,12.78
1034,955,583,12.77
1998,1919,583,12.78
2239,2160,583,12.78
1516,1437,583,12.78
1757,1678,583,12.78
3425,3505,583,6.95
3189,3270,583,8.57
4786,4867,583,8.57
1436,1437,583,11.18
738,657,583,7.28
3424,3505,583,8.57
305,226,583,12.78
1275,1196,583,12.77
737,657,583,9.48
357,278,583,3.39
599,519,583,2.97
598,519,583,3.39
5259,5180,583,12.77
2477,2558,583,8.57
5260,5180,583,11.17
5260,5261,583,11.17
1195,1196,583,11.16
445,364,583,6.37
3190,3191,584,11.16
4787,4788,584,11.16
207,127,584,9.47
421,341,584,9.48
186,106,584,9.49
110,30,584,9.48
4068,3989,584,12.77
185,106,584,10.84
5684,5764,584,6.96
372,293,584,9.48
4707,4788,584,8.57
3110,3191,584,8.57
422,341,584,7.28
5685,5764,584,6.45
4069,3989,584,11.17
4069,4070,584,11.17
5603,5602,584,6.96
4149,4070,584,12.76
111,30,584,7.28
1128,1047,584,5.01
4390,4311,584,12.76
2478,2479,584,11.17
2398,2479,584,8.58
4310,4311,584,11.16
3111,3112,585,11.16
4708,4709,585,11.17
658,578,585,9.48
3426,3506,585,6.96
970,890,585,6.52
4628,4709,585,8.58
2319,2400,585,8.58
3031,3112,585,8.57
3425,3506,585,8.57
37,118,585,7.28
5767,5846,585,6.45
5766,5846,585,6.96
542,461,585,8.58
1094,1014,585,1.11
2610,2611,585,1.1
550,471,585,7.45
3902,3823,585,1.26
2399,2400,585,11.17
1597,1598,586,11.18
1838,1839,586,11.17
874,875,586,11.17
659,579,586,9.48
342,262,586,9.48
954,875,586,12.77
1677,1598,586,12.78
713,634,586,12.79
1918,1839,586,12.78
2159,2080,586,12.77
290,211,586,9.48
1356,1357,586,11.17
463,382,586,8.57
5848,5928,586,6.96
2952,3033,586,8.57
1436,1357,586,12.78
5603,5522,586,8.58
2079,2080,586,11.18
3032,3033,586,11.18
633,553,586,11.18
633,634,586,11.18
1115,1116,586,11.15
632,553,586,12.78
4549,4550,586,11.18
4629,4630,586,11.18
4469,4550,586,8.58
5260,5181,586,12.77
343,262,586,7.27
3735,3656,586,1.26
1195,1116,586,12.76
2614,2613,586,0.69
2953,2954,587,11.16
383,303,587,11.16
38,39,587,9.48
187,107,587,9.48
207,128,587,10.82
186,107,587,10.84
3427,3507,587,6.97
6254,6334,587,6.96
6254,6253,587,6.96
4865,4945,587,6.96
701,700,587,6.95
1205,1125,587,6.52
1048,968,587,6.52
2873,2954,587,8.57
384,303,587,8.58
3426,3507,587,8.57
6174,6253,587,6.46
6255,6334,587,6.46
4069,3990,587,12.77
387,308,587,7.45
4230,4231,587,11.15
4310,4231,587,12.76
4470,4471,587,11.17
388,308,587,6.52
2874,2875,588,11.17
263,183,588,9.48
5848,5929,588,8.57
532,613,588,6.37
816,735,588,7.28
305,224,588,8.58
893,812,588,7.28
2794,2875,588,8.57
892,812,588,6.52
5259,5178,588,8.57
264,183,588,7.28
6093,6092,588,6.97
1999,2000,589,11.17
225,145,589,11.17
1035,1036,589,11.16
1758,1759,589,11.17
1517,1518,589,11.17
2795,2796,589,11.17
794,795,589,11.17
1597,1518,589,12.78
1838,1759,589,12.77
874,795,589,12.77
292,212,589,8.3
4866,4946,589,6.96
291,212,589,9.49
621,620,589,6.95
1521,1441,589,6.52
3427,3508,589,8.59
4865,4946,589,8.57
701,620,589,8.57
4068,3987,589,8.57
1356,1277,589,12.77
1364,1283,589,5.01
1276,1277,589,11.16
2079,2000,589,12.78
633,554,589,12.79
1115,1036,589,12.75
6374,6375,589,1.11
5854,5774,589,2.97
2715,2796,589,8.57
3492,3413,589,1.27
3412,3413,589,1.11
3428,3429,590,11.18
4150,4151,590,11.16
188,108,590,9.48
184,104,590,9.48
307,227,590,8.3
187,108,590,10.84
208,129,590,9.48
3348,3429,590,8.57
185,104,590,7.28
3988,3908,590,11.17
2636,2717,590,8.57
365,284,590,7.28
4230,4151,590,12.75
389,309,590,6.52
389,390,590,6.52
3928,3848,590,1.11
2716,2717,590,11.16
3331,3251,590,1.11
4391,4392,590,11.16
3330,3251,590,1.27
6093,6012,590,8.59
3929,3848,590,0.85
388,309,590,7.46
521,441,590,9.49
469,390,590,7.46
2637,2638,591,11.16
3349,3350,591,11.17
292,213,591,9.48
4866,4947,591,8.58
2557,2638,591,8.57
3269,3350,591,8.57
621,540,591,8.57
286,205,591,7.27
5684,5763,591,6.45
5683,5763,591,6.96
5683,5682,591,6.96
5603,5682,591,6.46
1442,1362,591,6.53
533,534,591,8.29
285,205,591,9.48
3096,3097,591,1.1
552,472,591,8.31
4725,4724,591,0.69
1919,1920,592,11.17
955,956,592,11.16
3270,3271,592,11.16
1678,1679,592,11.17
4867,4868,592,11.17
105,25,592,9.48
1999,1920,592,12.78
225,146,592,12.78
1035,956,592,12.76
1758,1679,592,12.77
1517,1438,592,12.77
794,715,592,12.77
307,228,592,9.49
3502,3582,592,6.96
3190,3271,592,8.57
4787,4868,592,8.57
1276,1197,592,12.76
737,656,592,7.28
891,811,592,6.52
714,715,592,11.18
5766,5845,592,6.46
2558,2559,592,11.17
2478,2559,592,8.57
1437,1438,592,11.17
5765,5845,592,6.96
5180,5100,592,11.17
1196,1197,592,11.16
3191,3192,593,11.16
4788,4789,593,11.17
4070,4071,593,11.16
2479,2480,593,11.17
206,126,593,9.47
420,340,593,9.48
109,29,593,9.48
4150,4071,593,12.76
453,454,593,8.29
209,130,593,9.47
5847,5927,593,6.96
3111,3192,593,8.57
4708,4789,593,8.57
207,126,593,7.27
421,340,593,7.28
110,29,593,7.28
814,734,593,6.52
5848,5927,593,6.45
3989,3909,593,11.17
3988,3909,593,12.77
5613,5693,593,1.85
533,454,593,9.48
389,310,593,7.46
5614,5693,593,1.71
552,473,593,9.5
4391,4312,593,12.76
2399,2480,593,8.58
4311,4312,593,11.16
521,442,593,10.85
3502,3583,594,8.57
658,577,594,7.27
4864,4944,594,6.95
6254,6333,594,6.46
4865,4944,594,6.46
701,780,594,6.45
3503,3583,594,6.96
969,889,594,6.52
3032,3113,594,8.58
657,577,594,9.48
3112,3113,594,11.17
4629,4710,594,8.58
470,391,594,7.46
4709,4710,594,11.17
523,443,594,8.3
1598,1599,595,11.17
1839,1840,595,11.16
5522,5442,595,11.17
4630,4631,595,11.18
875,876,595,11.16
3033,3034,595,11.17
127,47,595,9.47
106,26,595,9.48
341,261,595,9.48
1919,1840,595,12.77
955,876,595,12.76
1678,1599,595,12.77
373,374,595,8.28
382,302,595,11.17
105,26,595,10.84
453,374,595,9.48
4550,4551,595,11.17
6173,6172,595,6.97
2953,3034,595,8.57
383,302,595,8.57
342,261,595,7.27
1357,1358,595,11.16
813,733,595,6.52
1116,1117,595,11.16
714,635,595,12.78
1437,1358,595,12.77
5181,5101,595,11.17
5181,5182,595,11.17
5180,5101,595,12.77
1196,1117,595,12.76
4470,4551,595,8.57
6093,6172,595,6.46
4471,4472,596,11.16
2954,2955,596,11.16
4070,3991,596,12.76
1204,1124,596,6.51
500,499,596,5.91
2874,2955,596,8.57
38,119,596,7.28
580,499,596,7.28
118,119,596,9.48
3503,3584,596,8.57
578,498,596,9.47
3989,3910,596,12.77
3990,3910,596,11.16
3990,3991,596,11.16
4231,4232,596,11.17
3504,3584,596,6.96
4311,4232,596,12.76
2875,2876,597,11.17
262,182,597,9.48
1047,967,597,8.3
293,294,597,8.29
373,294,597,9.47
210,131,597,9.49
225,144,597,8.58
2795,2876,597,8.57
263,182,597,7.28
1759,1760,598,11.16
107,27,598,9.48
128,48,598,9.48
1598,1519,598,12.77
1839,1760,598,12.75
875,796,598,12.76
3508,3509,598,11.18
1518,1519,598,11.16
127,48,598,10.83
106,27,598,10.84
3505,3585,598,6.95
226,147,598,9.49
1126,1046,598,6.52
795,796,598,11.17
3428,3509,598,8.58
1277,1278,598,11.16
39,40,598,9.48
1127,1046,598,5.01
5683,5762,598,6.46
1284,1203,598,5.01
3988,3907,598,8.57
1357,1278,598,12.76
1036,1037,598,11.16
1116,1037,598,12.76
2796,2797,598,11.17
2716,2797,598,8.57
5181,5102,598,12.77
4805,4804,598,0.69
3504,3585,598,8.57
4886,4966,598,0.69
4392,4393,599,11.16
3908,3828,599,11.16
3429,3430,599,11.17
183,103,599,9.48
293,214,599,9.48
4151,4152,599,11.17
2637,2718,599,8.57
420,419,599,5.91
3349,3430,599,8.57
500,419,599,7.28
184,103,599,7.28
3502,3581,599,6.45
5764,5844,599,6.96
5602,5601,599,6.96
3990,3911,599,12.76
2717,2718,599,11.16
4231,4152,599,12.77
5765,5844,599,6.46
4644,4643,599,0.69
521,440,599,7.29
