193,232,3,37.09
193,192,3,29.23
193,233,13,7.19
233,272,17,37.62
272,311,21,38.19
272,271,21,31.06
193,152,22,6.39
271,270,26,23.48
233,273,27,7.67
272,312,29,8.38
193,153,32,3.1
192,231,33,4.82
232,231,33,3.39
192,191,34,3.32
273,313,41,7.19
193,194,42,2.34
193,234,43,3.28
313,352,45,37.25
152,151,47,4.08
352,391,49,37.09
352,351,49,29.23
391,430,53,37.1
391,390,53,29.25
233,274,54,3.52
313,353,55,7.32
430,469,57,37.5
430,429,57,29.86
352,392,59,7.19
193,154,61,4.56
351,350,63,25.62
391,431,63,7.58
430,470,67,6.81
273,314,68,4.64
154,113,70,17.63
234,235,73,4.54
392,432,74,6.7
113,112,75,21.83
154,114,75,7.44
234,275,75,5.37
194,195,75,3.92
352,393,80,4.8
313,354,80,4.07
194,155,83,4.42
114,73,84,17.48
73,72,87,39.44
114,74,89,7.34
432,472,89,6.81
73,32,91,20.85
154,115,91,4.82
73,33,94,10.42
392,433,95,3.97
32,31,98,15.58
74,34,100,9.59
472,512,104,6.81
115,75,105,7.53
114,75,105,4.74
275,315,105,3.41
34,35,109,11.33
155,156,109,3.94
433,473,110,6.81
432,473,110,4.04
354,394,111,3.29
315,355,113,13.97
155,196,114,4.68
115,116,115,4.34
155,116,115,4.44
315,316,117,8.46
315,356,120,9.68
394,434,121,18.18
75,76,121,9.32
315,276,121,4.29
115,76,121,7.48
355,395,122,13.93
473,513,122,20.15
472,513,122,12.02
196,236,124,15.58
75,36,124,8.76
433,474,124,12.02
513,553,127,20.15
513,552,127,32.11
395,435,128,17.3
474,514,129,20.15
116,117,129,8.23
473,514,129,12.02
156,157,129,6.14
156,197,130,8.82
553,593,132,20.15
553,592,132,32.11
435,475,133,20.15
434,475,133,12.02
76,77,133,8.44
514,554,134,20.15
513,554,134,12.02
356,396,134,7.37
474,515,136,12.02
197,237,137,15.64
196,237,137,7.09
554,594,139,20.15
553,594,139,12.02
395,436,139,8.37
76,37,139,7.9
435,476,140,12.02
515,555,141,20.15
514,555,141,12.02
594,634,144,20.15
594,633,144,32.11
237,277,144,16.04
476,516,145,20.15
475,516,145,12.02
117,158,145,9.11
117,118,145,6.37
555,595,146,20.15
554,595,146,12.02
157,198,147,7.99
515,556,148,12.02
77,78,148,6.73
633,673,149,20.15
633,672,149,32.11
634,674,149,20.15
634,673,149,32.11
277,317,150,17.67
197,238,150,7.13
595,635,151,20.15
594,635,151,12.02
429,388,151,1.89
476,517,152,12.02
476,477,152,8.91
556,596,153,20.15
555,596,153,12.02
396,437,153,7.62
673,713,154,20.15
673,712,154,32.11
674,714,154,20.15
674,713,154,32.11
672,712,154,20.15
672,711,154,32.11
396,397,154,5.21
635,675,156,20.15
238,278,156,17.02
634,675,156,12.02
77,38,156,6.26
517,557,157,20.15
317,357,157,14.98
516,557,157,12.02
316,357,157,3.67
711,710,158,25.92
596,636,158,20.15
595,636,158,12.02
713,753,159,20.15
713,752,159,32.11
714,754,159,20.15
714,753,159,32.11
711,751,159,20.15
711,750,159,32.11
712,752,159,20.15
712,751,159,32.11
118,159,159,10.2
118,119,159,7.27
556,597,160,12.02
675,715,161,20.15
674,715,161,12.02
277,318,161,8.69
710,709,162,25.92
750,749,163,25.92
710,749,163,32.11
636,676,163,20.15
635,676,163,12.02
753,793,164,20.15
753,792,164,32.11
754,794,164,20.15
754,793,164,32.11
750,790,164,20.15
750,789,164,32.11
751,791,164,20.15
751,790,164,32.11
477,518,164,12.02
477,478,164,8.91
517,558,164,12.02
517,518,164,8.91
752,792,164,20.15
752,791,164,32.11
597,637,165,20.15
159,199,165,19.41
596,637,165,12.02
709,708,166,25.92
715,755,166,20.15
714,755,166,12.02
118,79,166,6.77
749,748,167,25.92
709,748,167,32.11
38,39,167,9.66
198,239,167,7.22
789,788,168,25.92
749,788,168,32.11
676,716,168,20.15
710,669,168,14.79
675,716,168,12.02
238,279,168,8.14
793,833,169,20.15
793,832,169,32.11
794,834,169,20.15
794,833,169,32.11
789,829,169,20.15
789,828,169,32.11
790,830,169,20.15
790,829,169,32.11
791,831,169,20.15
791,830,169,32.11
558,598,169,20.15
318,358,169,13.3
792,832,169,20.15
792,831,169,32.11
477,438,169,8.36
708,707,170,25.92
637,677,170,20.15
636,677,170,12.02
748,747,171,25.92
708,747,171,32.11
755,795,171,20.15
754,795,171,12.02
788,787,172,25.92
669,668,172,25.92
748,787,172,32.11
709,668,172,14.79
597,638,172,12.02
828,827,173,25.92
788,827,173,32.11
716,756,173,20.15
715,756,173,12.02
159,200,173,10.58
159,160,173,7.6
707,706,174,25.92
833,873,174,20.15
833,872,174,32.11
834,874,174,20.15
834,873,174,32.11
828,868,174,20.15
828,867,174,32.11
829,869,174,20.15
829,868,174,32.11
830,870,174,20.15
830,869,174,32.11
832,872,174,20.15
832,871,174,32.11
831,871,174,20.15
831,870,174,32.11
747,746,175,25.92
707,746,175,32.11
677,717,175,20.15
279,319,175,15.79
676,717,175,12.02
787,786,176,25.92
668,667,176,25.92
747,786,176,32.11
358,398,176,15.31
708,667,176,14.79
794,835,176,12.02
518,559,176,12.02
518,519,176,8.91
558,599,176,12.02
558,559,176,8.91
827,826,177,25.92
787,826,177,32.11
638,678,177,20.15
637,678,177,12.02
867,866,178,25.92
827,866,178,32.11
756,796,178,20.15
669,628,178,14.79
39,80,178,13.05
39,40,178,9.96
755,796,178,12.02
873,913,179,20.15
873,912,179,32.11
874,914,179,20.15
874,913,179,32.11
867,907,179,20.15
867,906,179,32.11
868,908,179,20.15
868,907,179,32.11
869,909,179,20.15
869,908,179,32.11
870,910,179,20.15
870,909,179,32.11
872,912,179,20.15
872,911,179,32.11
159,120,179,7.09
871,911,179,20.15
871,910,179,32.11
786,785,180,25.92
667,666,180,25.92
746,785,180,32.11
717,757,180,20.15
200,240,180,16.48
707,666,180,14.79
716,757,180,12.02
834,875,181,14.9
438,479,181,14.9
438,439,181,26.76
598,639,181,14.9
518,479,181,32.48
786,825,182,8.13
677,718,182,14.9
438,399,182,32.48
358,359,182,26.32
279,280,182,27.5
678,679,183,26.76
835,836,183,26.76
559,560,183,26.76
599,600,183,26.76
319,320,183,27.85
668,627,183,11.53
757,758,184,26.76
914,915,184,26.76
559,520,184,32.48
756,797,184,14.9
875,876,185,26.76
639,640,185,26.76
628,588,185,19.52
706,665,185,11.53
718,719,186,26.76
359,360,186,26.93
666,626,186,19.52
826,865,186,8.13
679,680,187,26.76
399,400,187,23.84
915,916,188,26.76
758,759,188,26.76
627,587,189,19.52
914,954,189,9.74
914,955,189,14.9
913,953,189,9.74
913,954,189,14.9
906,946,189,9.74
906,947,189,14.9
906,905,189,8.58
907,947,189,9.74
907,948,189,14.9
909,949,189,9.74
909,950,189,14.9
910,950,189,9.74
910,951,189,14.9
911,951,189,9.74
911,952,189,14.9
912,952,189,9.74
912,953,189,14.9
519,480,189,15.24
719,720,190,26.76
439,440,190,11.43
757,798,190,14.9
665,625,191,19.52
588,548,191,19.52
916,917,192,26.76
759,760,192,26.76
626,586,192,19.52
785,784,192,8.58
955,956,193,26.76
916,877,193,32.48
785,744,193,11.53
798,799,194,26.76
758,799,194,14.9
825,824,194,8.58
906,945,194,8.13
587,547,195,19.52
917,918,196,26.76
956,957,197,26.76
917,878,197,32.48
625,585,197,19.52
876,837,197,11.97
799,800,198,26.76
586,546,198,19.52
759,800,198,14.9
865,864,198,8.58
665,624,198,11.53
955,996,199,14.9
954,995,199,14.9
946,987,199,14.9
947,988,199,14.9
949,990,199,14.9
948,989,199,14.9
950,991,199,14.9
951,992,199,14.9
952,993,199,14.9
953,994,199,14.9
918,919,200,26.76
798,839,200,14.9
946,986,200,9.74
957,958,201,26.76
918,879,201,32.48
547,507,201,19.52
798,838,201,9.74
905,904,201,8.58
996,997,203,26.76
585,545,203,19.52
956,997,203,14.9
919,920,204,26.76
546,506,204,19.52
624,584,204,19.52
799,840,204,14.9
784,783,204,8.58
625,584,204,11.53
958,959,205,26.76
879,880,205,26.76
919,880,205,32.48
945,985,205,9.74
744,743,205,8.58
784,743,205,11.53
824,823,206,8.58
945,944,206,8.58
744,703,206,11.53
507,467,207,19.52
957,998,207,14.9
959,960,209,26.76
545,505,209,19.52
996,1037,209,14.9
987,1028,209,14.9
991,1032,209,14.9
506,466,210,19.52
584,544,210,19.52
986,1027,210,14.9
996,1036,210,9.74
987,1027,210,9.74
991,1031,210,9.74
864,863,210,8.58
624,623,210,8.58
585,544,210,11.53
998,999,211,26.76
958,999,211,14.9
986,1026,211,9.74
945,984,212,8.13
1037,1038,213,26.76
904,903,213,8.58
999,1000,215,26.76
505,465,215,19.52
959,1000,215,14.9
466,426,216,19.52
544,504,216,19.52
985,1025,216,9.74
545,504,216,11.53
1038,1039,217,26.76
998,1039,217,14.9
584,543,217,11.53
996,1035,217,8.13
991,1030,217,8.13
1032,1033,218,11.43
703,702,218,8.58
1037,1078,219,14.9
703,662,219,11.53
904,943,219,8.13
1027,1068,220,14.9
1037,1077,220,9.74
1039,1040,221,26.76
465,425,221,19.52
999,1040,221,14.9
1026,1067,221,14.9
1027,1067,221,9.74
504,464,222,19.52
1026,1066,222,9.74
623,622,222,8.58
505,464,222,11.53
1078,1079,223,26.76
543,503,223,19.52
1038,1079,223,14.9
623,582,223,11.53
544,503,223,11.53
985,1024,223,8.13
1068,1069,224,26.76
703,742,224,8.13
1068,1029,225,32.48
993,1034,226,5.37
1079,1080,227,26.76
1039,1080,227,14.9
1025,1065,227,9.74
1037,1076,227,8.13
1069,1070,228,26.76
465,424,228,11.53
503,463,229,19.52
1078,1119,229,14.9
543,542,229,8.58
504,463,229,11.53
1068,1109,230,14.9
1077,1118,230,14.9
1078,1118,230,9.74
1067,1108,231,14.9
1068,1108,231,9.74
1077,1117,231,9.74
1070,1071,232,26.76
1066,1107,232,14.9
1067,1107,232,9.74
1119,1120,233,26.76
1079,1120,233,14.9
1066,1106,233,9.74
1109,1110,234,26.76
1069,1110,234,14.9
1025,1064,234,8.13
463,423,235,19.52
1071,1072,236,26.76
503,462,236,11.53
1032,1073,236,5.37
1070,1111,238,14.9
1065,1105,238,9.74
1077,1116,238,8.13
1119,1160,239,14.9
1109,1150,240,14.9
1119,1159,240,9.74
1109,1149,241,8.09
463,422,241,21.11
424,383,241,21.11
1105,1104,242,48.41
462,461,242,48.41
1065,1104,242,19.13
1107,1147,243,8.09
1119,1158,243,19.13
903,902,243,20.23
984,983,243,20.23
1159,1158,243,48.41
1149,1148,244,48.41
1106,1146,244,8.09
1107,1146,244,19.13
1109,1148,244,19.13
1024,1023,244,20.23
662,661,244,20.23
943,942,244,20.23
823,822,244,18.08
783,782,244,18.08
462,421,245,21.11
1106,1145,245,19.13
1071,1112,245,5.18
1076,1075,245,18.08
742,741,245,18.08
582,581,245,18.08
622,621,245,18.08
702,701,245,18.08
863,862,245,18.08
1116,1115,246,18.08
1064,1063,246,18.08
542,541,246,18.08
388,348,246,0.72
383,382,247,19.8
1105,1144,247,19.13
1160,1199,247,19.13
983,982,248,20.23
1104,1103,248,18.08
1159,1198,248,19.13
822,821,249,20.23
661,660,249,20.23
782,781,249,20.23
1158,1157,249,18.08
461,420,249,21.11
1149,1188,249,19.13
902,901,249,18.08
621,620,250,20.23
1023,1022,250,18.08
942,941,250,18.08
1035,1074,250,8.13
1198,1197,251,48.41
741,740,251,18.08
862,861,251,18.08
581,580,251,18.08
701,700,251,18.08
1147,1186,251,19.13
1188,1187,252,48.41
1115,1114,252,18.08
1063,1062,252,18.08
541,540,252,18.08
1148,1187,252,19.13
1146,1185,252,19.13
1160,1200,252,8.09
1144,1143,253,18.08
1197,1196,254,48.41
982,981,254,18.08
1103,1102,254,18.08
1149,1189,254,8.09
821,820,255,18.08
660,659,255,18.08
781,780,255,18.08
1157,1156,255,18.08
420,419,255,18.08
382,381,255,12.74
1199,1238,255,19.13
901,900,255,18.08
1114,1113,256,26.99
620,619,256,18.08
1022,1021,256,18.08
941,940,256,18.08
1198,1237,256,19.13
740,739,257,18.08
580,579,257,18.08
700,699,257,18.08
861,860,257,18.08
1188,1227,257,19.13
1196,1195,258,26.99
1062,1061,258,18.08
540,539,258,18.08
1185,1184,258,18.08
1237,1236,259,48.41
1156,1155,259,26.99
1143,1142,259,18.08
1197,1236,259,19.13
1186,1225,259,19.13
1227,1226,260,48.41
1102,1101,260,18.08
981,980,260,18.08
1187,1226,260,19.13
1200,1239,260,19.13
1199,1239,260,8.09
820,819,261,18.08
659,658,261,18.08
780,779,261,18.08
419,418,261,18.08
900,899,261,18.08
1195,1194,262,26.99
619,618,262,18.08
1021,1020,262,18.08
1189,1228,262,19.13
940,939,262,18.08
1188,1228,262,8.09
1155,1154,263,26.99
739,738,263,18.08
579,578,263,18.08
699,698,263,18.08
860,859,263,18.08
381,380,263,14.1
1238,1277,263,19.13
1112,1151,263,8.13
1061,1060,264,18.08
539,538,264,18.08
1184,1183,264,18.08
1237,1276,264,19.13
1142,1141,265,18.08
1236,1235,265,18.08
1225,1224,265,18.08
1227,1266,265,19.13
1200,1240,265,8.09
1194,1193,266,26.99
1101,1100,266,18.08
980,979,266,18.08
1276,1275,267,48.41
819,818,267,18.08
658,657,267,18.08
779,778,267,18.08
899,898,267,18.08
418,417,267,18.08
1189,1229,267,8.09
380,379,268,20.81
618,617,268,18.08
1020,1019,268,18.08
1239,1278,268,19.13
939,938,268,18.08
1238,1278,268,8.09
1154,1153,268,20.23
738,737,269,18.08
578,577,269,18.08
698,697,269,18.08
859,858,269,18.08
1149,1190,269,5.18
1275,1274,270,48.41
1060,1059,270,18.08
538,537,270,18.08
1183,1182,270,18.08
1228,1267,270,19.13
1227,1267,270,8.09
1193,1192,271,20.23
1141,1140,271,18.08
1235,1234,271,18.08
1224,1223,271,18.08
1266,1265,271,18.08
1277,1316,271,19.13
1153,1152,272,26.99
1100,1099,272,18.08
1276,1315,272,19.13
979,978,272,18.08
1274,1273,273,48.41
898,897,273,18.08
818,817,273,18.08
778,777,273,18.08
657,656,273,18.08
1240,1279,273,19.13
1239,1279,273,8.09
417,416,273,18.08
379,378,273,20.28
1234,1233,274,48.41
617,616,274,18.08
1019,1018,274,18.08
938,937,274,18.08
1315,1314,275,48.41
737,736,275,18.08
577,576,275,18.08
697,696,275,18.08
858,857,275,18.08
1275,1314,275,19.13
1229,1268,275,19.13
1228,1268,275,8.09
1192,1191,276,20.23
537,536,276,18.08
1182,1181,276,18.08
1059,1058,276,18.08
1278,1317,276,19.13
1277,1317,276,8.09
1273,1272,277,26.99
1140,1139,277,18.08
1223,1222,277,18.08
1265,1264,277,18.08
1233,1232,278,26.99
1099,1098,278,18.08
978,977,278,18.08
1274,1313,278,19.13
1267,1306,278,19.13
1240,1280,278,8.09
416,415,279,18.08
817,816,279,18.08
777,776,279,18.08
656,655,279,18.08
897,896,279,18.08
616,615,280,18.08
378,377,280,15.86
1018,1017,280,18.08
1229,1269,280,8.09
937,936,280,18.08
1272,1271,281,26.99
736,735,281,18.08
576,575,281,18.08
857,856,281,18.08
696,695,281,18.08
1232,1231,282,26.99
1313,1312,282,26.99
536,535,282,18.08
1181,1180,282,18.08
1058,1057,282,18.08
1189,1230,282,5.18
1139,1138,283,18.08
1222,1221,283,18.08
1264,1263,283,18.08
1268,1307,283,19.13
1267,1307,283,8.09
977,976,284,18.08
1098,1097,284,18.08
1306,1305,284,18.08
1317,1356,284,19.13
1312,1311,285,48.41
1271,1270,285,26.99
415,414,285,18.08
896,895,285,18.08
816,815,285,18.08
776,775,285,18.08
655,654,285,18.08
1315,1355,285,8.09
615,614,286,18.08
936,935,286,18.08
1017,1016,286,18.08
1280,1319,286,19.13
1279,1319,286,8.09
735,734,287,18.08
575,574,287,18.08
856,855,287,18.08
695,694,287,18.08
377,376,287,16.2
1311,1310,288,48.41
1180,1179,288,18.08
1269,1308,288,19.13
535,534,288,18.08
1057,1056,288,18.08
1268,1308,288,8.09
381,340,288,4.35
1221,1220,289,18.08
1263,1262,289,18.08
1138,1137,289,18.08
1317,1357,289,8.09
976,975,290,18.08
1097,1096,290,18.08
1305,1304,290,18.08
1312,1351,290,19.13
1310,1309,291,48.41
414,413,291,18.08
815,814,291,18.08
775,774,291,18.08
654,653,291,18.08
1280,1320,291,8.09
895,894,291,18.08
614,613,292,18.08
935,934,292,18.08
1016,1015,292,18.08
1356,1395,292,19.13
1351,1350,293,48.41
340,339,293,21.2
734,733,293,18.08
574,573,293,18.08
855,854,293,18.08
694,693,293,18.08
376,375,293,17.12
1311,1350,293,19.13
1355,1394,293,19.13
1314,1353,293,8.13
1179,1178,294,18.08
534,533,294,18.08
1056,1055,294,18.08
1096,1095,295,20.23
1220,1219,295,18.08
1262,1261,295,18.08
1137,1136,295,18.08
1312,1352,295,8.09
1350,1349,296,48.41
975,974,296,18.08
1304,1303,296,18.08
1310,1349,296,19.13
1308,1347,296,19.13
413,412,297,18.08
814,813,297,18.08
653,652,297,18.08
774,773,297,18.08
1394,1393,297,26.99
1357,1396,297,19.13
1356,1396,297,8.09
894,893,297,18.08
613,612,298,18.08
1015,1014,298,18.08
1351,1390,298,19.13
934,933,298,18.08
1349,1348,299,48.41
733,732,299,18.08
693,692,299,18.08
375,374,299,17.45
339,338,299,19.62
573,572,299,18.08
1320,1359,299,19.13
854,853,299,18.08
1319,1359,299,8.09
1309,1348,299,19.13
1393,1392,300,48.41
1136,1135,300,20.23
1095,1094,300,20.23
1178,1177,300,18.08
533,532,300,18.08
1055,1054,300,18.08
1014,1013,301,56.35
1390,1389,301,56.35
1219,1218,301,16.09
1261,1260,301,16.09
1350,1389,301,20.4
1054,1053,302,56.35
1392,1391,302,56.35
974,973,302,16.09
1303,1302,302,16.09
1347,1346,302,16.09
1094,1093,302,56.35
1357,1397,302,6.63
1013,1012,303,56.35
1389,1388,303,56.35
412,411,303,16.09
813,812,303,16.09
652,651,303,16.09
773,772,303,16.09
933,932,303,27.29
893,892,303,16.09
1053,1052,304,56.35
1135,1134,304,27.29
1177,1176,304,27.29
612,611,304,16.09
1093,1092,304,56.35
1012,1011,305,56.35
1218,1217,305,27.29
1396,1435,305,20.4
1393,1432,305,20.4
1320,1360,305,6.63
1092,1091,306,56.35
1134,1133,306,56.35
973,972,306,27.29
732,731,306,16.09
692,691,306,16.09
374,373,306,16.03
338,337,306,16.01
572,571,306,16.09
1359,1398,306,20.4
1390,1429,306,20.4
853,852,306,16.09
1011,1010,307,56.35
1392,1431,307,20.4
532,531,307,16.09
892,891,307,27.29
932,931,307,27.29
1429,1428,308,56.35
1176,1175,308,27.29
1260,1259,308,16.09
1389,1428,308,20.4
1091,1090,308,56.35
1133,1132,308,56.35
1010,1009,309,56.35
1431,1430,309,56.35
1217,1216,309,27.29
1391,1430,309,20.4
1302,1301,309,16.09
1346,1345,309,16.09
1397,1436,309,20.4
1394,1433,309,10.02
972,971,310,27.29
1012,1051,310,20.4
1388,1387,310,16.09
411,410,310,16.09
812,811,310,16.09
651,650,310,16.09
772,771,310,16.09
1132,1131,310,56.35
852,851,310,27.29
1090,1089,310,56.35
611,610,311,16.09
1134,1173,311,20.4
891,890,311,27.29
931,930,311,27.29
1011,1050,312,20.4
1175,1174,312,27.29
1360,1399,312,20.4
1089,1088,312,56.35
1051,1050,312,56.35
1009,1008,313,27.29
1216,1215,313,27.29
1173,1172,313,56.35
691,690,313,16.09
731,730,313,16.09
373,372,313,16.36
337,336,313,15.63
571,570,313,16.09
1398,1437,313,20.4
1091,1130,313,20.4
1133,1172,313,20.4
971,970,314,27.29
1387,1386,314,27.29
1088,1087,314,56.35
1010,1049,314,20.4
1431,1470,314,20.4
851,850,314,27.29
531,530,314,16.09
1050,1049,314,56.35
1259,1258,315,16.09
1428,1427,315,16.09
1132,1171,315,20.4
1090,1129,315,20.4
890,889,315,27.29
930,929,315,27.29
1470,1469,316,56.35
1430,1469,316,20.4
1301,1300,316,16.09
1345,1344,316,16.09
1436,1475,316,20.4
1049,1048,316,56.35
1215,1214,317,27.29
730,729,317,27.29
410,409,317,16.09
811,810,317,16.09
650,649,317,16.09
771,770,317,16.09
970,969,318,27.29
1087,1086,318,27.29
850,849,318,27.29
610,609,318,16.09
1010,969,318,13.27
1048,1047,318,56.35
1258,1257,319,27.29
1427,1426,319,27.29
1399,1438,319,20.4
1475,1474,319,34.34
889,888,319,27.29
929,928,319,27.29
1008,1007,320,16.09
1437,1476,320,20.4
690,689,320,16.09
372,371,320,16.36
570,569,320,16.09
729,728,321,27.29
810,809,321,27.29
1386,1385,321,16.09
1470,1509,321,20.4
336,335,321,14.27
530,529,321,16.09
1360,1400,321,6.63
849,848,322,27.29
1086,1085,322,27.29
969,968,322,27.29
1129,1168,322,20.4
1171,1170,322,16.09
1257,1256,323,27.29
1300,1299,323,16.09
1344,1343,323,16.09
888,887,323,27.29
928,927,323,27.29
689,688,324,27.29
649,648,324,16.09
770,769,324,16.09
1170,1169,324,56.35
409,408,324,16.09
420,459,324,1.99
728,727,325,27.29
809,808,325,27.29
609,608,325,16.09
848,847,326,27.29
1085,1084,326,27.29
968,967,326,27.29
1426,1425,326,16.09
371,370,326,17.18
1438,1477,326,20.4
1256,1255,327,27.29
1007,1006,327,16.09
569,568,327,16.09
887,886,327,27.29
927,926,327,27.29
688,687,328,27.29
648,647,328,27.29
769,768,328,27.29
1385,1384,328,16.09
529,528,328,16.09
1400,1439,328,20.4
1399,1439,328,6.63
1255,1254,329,56.35
727,726,329,27.29
808,807,329,27.29
608,607,329,27.29
1168,1167,329,16.09
335,334,329,14.01
1170,1209,329,20.4
419,458,329,1.99
687,686,330,56.35
647,646,330,56.35
1084,1083,330,27.29
1299,1298,330,16.09
1343,1342,330,16.09
1254,1253,331,56.35
607,606,331,56.35
1209,1208,331,56.35
1006,1005,331,27.29
1169,1208,331,20.4
408,407,331,16.09
1475,1514,331,10.02
926,925,331,27.29
646,645,332,56.35
768,767,332,27.29
370,369,332,18.68
1253,1252,333,56.35
606,605,333,56.35
1083,1082,333,34.34
807,806,333,27.29
847,846,333,16.09
967,966,333,16.09
1477,1516,333,20.4
1425,1424,333,16.09
686,685,334,27.29
1298,1297,334,27.29
1255,1294,334,20.4
568,567,334,16.09
1514,1513,334,34.34
1087,1126,334,7.43
886,885,334,16.09
1474,1513,334,10.02
1516,1515,335,56.35
1005,1004,335,27.29
1384,1383,335,16.09
528,527,335,16.09
1252,1251,335,56.35
1476,1515,335,10.02
1427,1466,335,7.43
1438,1478,335,6.63
925,924,335,27.29
1439,1478,335,20.4
418,457,335,1.99
685,684,336,56.35
1297,1296,336,56.35
1294,1293,336,56.35
767,766,336,27.29
1254,1293,336,20.4
726,725,336,16.09
1167,1166,336,16.09
1209,1248,336,20.4
1082,1081,336,34.34
334,333,336,15.13
1509,1548,336,10.02
966,965,337,27.29
806,805,337,27.29
1513,1512,337,34.34
1342,1341,337,16.09
1400,1440,337,6.63
684,683,338,56.35
1296,1295,338,56.35
1248,1247,338,56.35
1293,1292,338,56.35
567,566,338,27.29
1126,1125,338,27.29
369,368,338,18.54
1253,1292,338,20.4
407,406,338,16.09
1208,1207,338,16.09
1086,1125,338,7.43
1170,1210,338,6.63
885,884,338,27.29
1004,1003,339,27.29
924,923,339,27.29
1247,1246,340,56.35
1207,1206,340,56.35
683,682,340,56.35
1166,1165,340,27.29
725,724,340,27.29
1516,1555,340,20.4
846,845,340,16.09
1424,1423,340,16.09
1512,1511,340,34.34
1252,1291,340,20.4
884,883,340,56.35
605,604,340,16.09
965,964,341,27.29
1297,1336,341,20.4
1294,1333,341,20.4
417,456,341,1.99
1246,1245,342,56.35
682,681,342,56.35
406,405,342,27.29
566,565,342,27.29
1125,1124,342,27.29
1291,1290,342,56.35
1251,1290,342,20.4
1478,1517,342,20.4
1383,1382,342,16.09
606,565,342,13.27
1555,1554,342,56.35
527,526,342,16.09
1466,1465,342,16.09
1477,1517,342,6.63
1085,1124,342,7.43
1336,1335,343,56.35
1333,1332,343,56.35
684,723,343,20.4
333,332,343,16.27
1296,1335,343,20.4
766,765,343,16.09
1248,1287,343,20.4
1293,1332,343,20.4
1548,1547,343,16.09
923,922,343,27.29
1245,1244,344,56.35
1206,1205,344,27.29
1165,1164,344,27.29
368,367,344,17.47
805,804,344,16.09
1554,1553,344,56.35
883,882,344,27.29
1341,1340,344,16.09
1439,1479,344,6.63
1440,1479,344,20.4
723,722,345,56.35
1335,1334,345,56.35
1287,1286,345,56.35
1295,1334,345,20.4
1247,1286,345,20.4
1210,1249,345,20.4
683,722,345,20.4
964,963,345,27.29
1083,1122,345,10.02
1209,1249,345,6.63
922,921,345,56.35
1332,1331,346,34.34
565,564,346,27.29
1003,1002,346,16.09
882,881,346,56.35
1553,1552,346,56.35
526,525,346,27.29
1465,1464,346,27.29
1084,1123,346,7.43
416,455,346,1.99
1286,1285,347,56.35
722,721,347,56.35
1244,1243,347,34.34
1164,1163,347,34.34
765,764,347,27.29
1246,1285,347,20.4
682,721,347,20.4
604,603,347,16.09
845,844,347,16.09
684,643,347,13.27
1423,1422,347,16.09
1291,1330,347,20.4
1555,1594,347,20.4
1006,1045,347,7.43
1122,1121,348,34.34
1205,1204,348,27.29
1336,1375,348,20.4
1333,1372,348,20.4
1082,1121,348,10.02
1330,1329,349,56.35
844,843,349,56.35
1594,1593,349,56.35
643,642,349,56.35
603,602,349,56.35
1552,1551,349,34.34
1245,1284,349,20.4
1290,1329,349,20.4
405,404,349,16.09
1517,1556,349,20.4
683,642,349,13.27
1382,1381,349,16.09
1554,1593,349,20.4
1002,1001,349,34.34
1516,1556,349,6.63
963,962,349,27.29
884,843,349,13.27
1372,1371,350,56.35
1243,1242,350,34.34
1163,1162,350,34.34
367,366,350,16.78
723,762,350,20.4
332,331,350,14.9
1335,1374,350,20.4
1287,1326,350,20.4
1547,1586,350,20.4
1297,1337,350,6.63
1298,1337,350,7.43
922,961,350,20.4
602,601,351,56.35
642,641,351,56.35
843,842,351,56.35
1329,1328,351,56.35
1204,1203,351,34.34
764,763,351,27.29
804,803,351,16.09
1479,1518,351,20.4
1593,1592,351,56.35
682,641,351,13.27
1553,1592,351,20.4
1478,1518,351,6.63
1005,1044,351,7.43
1340,1339,351,16.09
1045,1044,351,27.29
1371,1370,352,56.35
762,761,352,56.35
1326,1325,352,56.35
1284,1283,352,34.34
1551,1550,352,34.34
1586,1585,352,56.35
1334,1373,352,20.4
1286,1325,352,20.4
722,761,352,20.4
1249,1288,352,20.4
1248,1288,352,6.63
415,454,352,1.99
1328,1327,353,56.35
803,802,353,56.35
842,841,353,56.35
1242,1241,353,34.34
1162,1161,353,34.34
1464,1463,353,16.09
1592,1591,353,56.35
564,563,353,16.09
525,524,353,16.09
1083,1042,353,6.27
1440,1480,353,6.63
1370,1369,354,56.35
1203,1202,354,34.34
1330,1369,354,20.4
1547,1506,354,13.27
1422,1421,354,16.09
563,562,355,56.35
1591,1590,355,56.35
1283,1282,355,34.34
1550,1549,355,34.34
1372,1411,355,20.4
524,523,355,56.35
1004,1043,355,7.43
1339,1338,355,27.29
1509,1549,355,3.03
1044,1043,355,27.29
1369,1368,356,56.35
1325,1324,356,27.29
331,330,356,19.04
404,403,356,16.09
1381,1380,356,16.09
1329,1368,356,20.4
1555,1595,356,6.63
1082,1041,356,6.27
1042,1041,356,34.34
1556,1595,356,20.4
538,497,356,1.15
562,561,357,56.35
1202,1201,357,34.34
1371,1410,357,20.4
762,801,357,20.4
1326,1365,357,20.4
523,522,357,56.35
1337,1376,357,20.4
1336,1376,357,6.63
414,453,357,1.99
1411,1410,357,56.35
1282,1281,358,34.34
1590,1589,358,34.34
1328,1367,358,20.4
366,365,358,12.68
1517,1557,358,6.63
406,445,358,7.43
1518,1557,358,20.4
1368,1367,358,56.35
1410,1409,359,56.35
1370,1409,359,20.4
522,521,359,56.35
1585,1584,359,16.09
1373,1412,359,20.4
1547,1587,359,6.63
1365,1364,359,56.35
1589,1588,360,56.35
1324,1323,360,27.29
403,402,360,27.29
1327,1366,360,20.4
1480,1519,360,20.4
1463,1462,360,16.09
1479,1519,360,6.63
1367,1366,360,56.35
1586,1545,361,39.6
1427,1467,361,1.19
1421,1420,362,2.37
1506,1505,362,2.37
523,482,362,39.6
524,483,362,39.6
537,496,362,5.64
522,481,363,39.6
526,485,363,25.35
445,444,364,12.36
1465,1504,364,2.41
536,495,364,5.64
1462,1461,365,20.12
1409,1408,365,14.09
403,362,365,25.35
1369,1408,365,4.06
335,294,365,8.47
336,295,365,7.93
482,441,366,39.6
1364,1363,366,12.36
535,494,366,5.64
1323,1322,368,14.09
330,329,369,2.47
534,493,369,5.64
1461,1460,370,20.12
1408,1407,370,20.12
1545,1544,370,12.36
1338,1377,370,4.06
337,296,370,7.07
338,297,370,7.12
348,307,370,5.22
1411,1450,370,4.06
533,492,371,5.64
485,484,372,12.36
524,484,372,5.33
339,298,372,6.02
444,443,373,12.36
532,491,373,5.64
413,452,373,0.42
340,299,373,5.62
366,325,374,7.27
1556,1596,374,2
334,293,374,6.79
1407,1406,375,20.12
1450,1449,375,20.12
332,291,375,7.52
1363,1362,375,12.36
531,490,375,5.64
1544,1503,376,25.35
1322,1321,376,14.09
1380,1379,376,2.37
530,489,376,5.64
529,488,378,5.64
1544,1543,379,12.36
528,487,379,5.64
1406,1405,380,20.12
333,292,380,5.83
1365,1404,380,4.06
1503,1502,381,20.12
482,442,381,5.33
1518,1558,381,2
527,486,381,5.64
405,364,382,5.64
1375,1414,382,2.41
368,327,382,5.86
369,328,382,5.68
1449,1448,383,14.09
1362,1361,383,14.09
331,290,383,5.93
404,363,383,5.64
367,326,383,5.73
1543,1542,384,20.12
295,254,384,7.51
330,289,384,5.8
1373,1413,384,2
1502,1501,386,20.12
402,361,386,5.64
294,253,387,6.66
365,324,387,5.25
1480,1520,387,2
1448,1447,388,20.12
1542,1541,389,20.12
1404,1403,389,12.36
363,322,390,23.27
362,321,390,5.89
1412,1451,390,4.06
1501,1500,391,20.12
296,255,391,6.76
1339,1378,391,2.41
298,257,392,7.38
1447,1446,393,20.12
297,256,393,6.4
1541,1540,394,20.12
299,258,395,6.5
325,284,396,6.55
1460,1419,396,5.64
1584,1583,396,2.37
492,451,397,5.64
329,288,397,5.15
1446,1445,398,20.12
322,281,398,19.88
1403,1402,398,12.36
293,252,398,6.01
441,401,398,3.18
292,251,399,7.53
491,450,399,5.64
307,266,400,4.74
490,449,401,5.64
489,448,402,5.64
1445,1444,403,20.12
289,248,404,7.24
488,447,404,5.64
406,446,404,1.19
1557,1597,404,2
254,213,405,6.76
1450,1489,405,4.06
1412,1452,407,2
253,212,409,6.45
326,285,409,5.65
1489,1488,410,20.12
327,286,410,5.12
1376,1415,410,2.41
1444,1443,411,14.09
324,283,411,6.1
328,287,411,4.88
1519,1559,411,2
255,214,413,6.7
1460,1459,413,2.37
284,243,414,8.16
363,323,414,3.3
1543,1582,414,4.06
256,215,415,6.52
257,216,415,6.29
1443,1442,416,20.12
258,217,417,6.65
1488,1487,418,14.09
1448,1487,418,4.06
251,210,419,7.18
1542,1581,419,4.06
1540,1499,420,5.64
322,282,420,3.44
1450,1490,421,1.83
1581,1580,422,42.51
1487,1486,422,42.51
252,211,422,2.11
251,250,423,10.52
1486,1485,425,42.51
1362,1401,425,3.54
1540,1539,426,6.6
1419,1418,427,6.6
1485,1484,429,31.62
243,242,431,7.41
248,247,431,6.39
281,241,432,2.33
1484,1483,433,31.62
1459,1458,433,6.6
1558,1598,433,1.83
1442,1441,434,6.6
1483,1482,436,42.51
1499,1498,436,6.6
1413,1453,436,1.83
1414,1453,436,3.19
213,172,437,2.22
1580,1579,438,6.6
1376,1416,438,1.3
1489,1528,439,4.48
1520,1560,439,1.83
1482,1481,440,31.62
1539,1538,442,6.6
1528,1527,442,34.95
1418,1417,443,6.6
1378,1417,443,3.19
1451,1491,443,1.83
1527,1526,445,34.95
1526,1525,448,34.95
1458,1457,449,6.6
212,171,449,2.22
1525,1524,451,42.51
210,209,451,3.22
1498,1497,452,6.6
1457,1456,453,31.62
248,207,453,1.8
1524,1523,454,42.51
1579,1578,454,6.6
250,249,455,3.2
211,170,455,4.3
1497,1496,455,42.51
1523,1522,457,42.51
1456,1455,457,31.62
1415,1454,457,3.19
1538,1537,458,6.6
1496,1495,459,31.62
1489,1529,459,1.83
1522,1521,460,42.51
1537,1536,461,42.51
1495,1494,462,42.51
214,173,462,2.23
285,244,462,1.91
243,202,463,2.39
1536,1535,464,42.51
170,169,465,11.03
1494,1493,465,42.51
1559,1599,466,1.83
1493,1492,468,34.95
1453,1492,468,4.48
207,206,469,6.41
1578,1577,470,6.6
216,175,471,2.15
215,174,471,2.15
247,246,472,2.45
1577,1576,474,31.62
286,245,474,1.71
217,176,475,2.24
170,129,477,6.74
1576,1575,478,31.62
202,201,479,6.43
