596,556,6,15.2
596,636,6,15.2
596,597,6,15.2
596,595,6,15.2
596,557,9,15.2
596,555,9,15.2
596,637,9,15.2
596,635,9,15.2
597,598,13,15.2
636,676,13,15.2
595,594,13,15.2
556,516,13,15.2
637,677,16,15.2
637,638,16,15.2
555,515,16,15.2
555,554,16,15.2
635,675,16,15.2
635,634,16,15.2
597,558,16,15.2
597,638,16,15.2
636,677,16,15.2
636,675,16,15.2
595,554,16,15.2
595,634,16,15.2
556,517,16,15.2
556,515,16,15.2
637,678,19,15.2
555,514,19,15.2
635,674,19,15.2
598,599,20,15.2
676,716,20,15.2
594,593,20,15.2
516,476,20,15.2
558,518,23,15.2
558,559,23,15.2
675,715,23,15.2
638,639,23,15.2
677,717,23,15.2
554,553,23,15.2
515,475,23,15.2
634,633,23,15.2
517,477,23,15.2
517,518,23,15.2
598,559,23,15.2
598,639,23,15.2
676,717,23,15.2
676,715,23,15.2
594,553,23,15.2
594,633,23,15.2
516,477,23,15.2
516,475,23,15.2
678,718,26,15.2
678,679,26,15.2
514,474,26,15.2
514,513,26,15.2
674,714,26,15.2
674,673,26,15.2
558,519,26,15.2
675,714,26,15.2
638,679,26,15.2
677,718,26,15.2
554,513,26,15.2
515,474,26,15.2
634,673,26,15.2
517,478,26,15.2
599,600,27,15.2
716,756,27,15.2
476,436,27,15.2
678,719,29,15.2
514,473,29,15.2
674,713,29,15.2
559,560,30,15.2
715,755,30,15.2
639,640,30,15.2
717,757,30,15.2
553,552,30,15.2
475,435,30,15.2
477,437,30,15.2
599,560,30,15.2
599,640,30,15.2
716,757,30,15.2
716,755,30,15.2
476,437,30,15.2
476,435,30,15.2
714,754,33,15.2
679,680,33,15.2
718,758,33,15.2
513,512,33,15.2
474,434,33,15.2
673,672,33,15.2
518,479,33,15.2
559,520,33,15.2
715,754,33,15.2
639,680,33,15.2
717,758,33,15.2
553,512,33,15.2
553,592,33,15.2
475,434,33,15.2
633,592,33,15.2
633,672,33,15.2
477,438,33,15.2
756,796,34,15.2
719,759,36,15.2
719,720,36,15.2
473,433,36,15.2
473,472,36,15.2
713,753,36,15.2
713,712,36,15.2
714,753,36,15.2
679,720,36,15.2
718,759,36,15.2
513,472,36,15.2
474,433,36,15.2
673,712,36,15.2
755,795,37,15.2
757,797,37,15.2
435,395,37,15.2
756,797,37,15.2
756,795,37,15.2
719,760,39,15.2
473,432,39,15.2
713,752,39,15.2
395,355,40,42.02
434,394,40,15.2
758,798,40,15.2
520,480,40,15.2
754,794,40,15.2
438,398,40,15.2
438,439,40,15.2
755,794,40,15.2
757,798,40,15.2
435,396,40,15.2
435,394,40,15.2
355,315,42,52.86
398,358,43,35.59
394,354,43,37.15
396,356,43,47.23
753,793,43,15.2
759,799,43,15.2
433,393,43,15.2
712,711,43,15.2
434,393,43,15.2
758,799,43,15.2
754,793,43,15.2
672,711,43,15.2
438,399,43,15.2
438,397,43,15.2
315,275,44,50.93
358,318,46,43.72
760,800,46,15.2
432,392,46,15.2
432,431,46,15.2
752,792,46,15.2
752,751,46,15.2
753,792,46,15.2
759,800,46,15.2
472,431,46,15.2
433,392,46,15.2
712,751,46,15.2
399,359,47,26.78
480,440,47,15.2
794,834,47,15.2
798,838,47,15.2
356,316,48,22.17
397,357,48,20.56
398,357,48,20.04
394,353,48,19.72
318,278,49,49.06
432,391,49,15.2
752,791,49,15.2
359,319,50,34.06
392,352,50,28.19
275,235,50,16.97
799,839,50,15.2
354,314,50,15.68
793,833,50,15.2
711,710,50,15.2
399,360,50,20.25
794,835,50,15.2
794,833,50,15.2
798,839,50,15.2
798,837,50,15.2
355,314,50,14.69
796,836,50,6.66
357,317,51,49.06
358,317,51,17.81
399,400,51,12.75
391,351,52,35.59
278,238,52,43.72
315,276,52,15.34
315,274,52,15.34
360,320,53,34.06
352,312,53,45.45
319,279,53,38.74
792,832,53,15.2
800,840,53,15.2
431,430,53,15.2
751,750,53,15.2
799,840,53,15.2
793,832,53,15.2
711,750,53,15.2
317,277,54,42.02
353,313,54,17.03
834,874,54,15.2
351,311,55,44.58
238,198,55,38.74
791,831,56,15.2
791,790,56,15.2
320,280,56,34.06
792,831,56,15.2
431,390,56,15.2
431,470,56,15.2
751,790,56,15.2
279,239,56,40.36
311,271,57,74.15
710,709,57,15.2
235,195,57,16.31
835,875,57,15.2
833,873,57,15.2
391,350,57,20.04
277,237,57,35.59
834,875,57,15.2
834,873,57,15.2
278,237,57,17.81
271,231,58,135.61
198,158,58,43.72
312,272,58,20.59
280,240,59,35.59
239,199,59,35.59
313,273,59,22.58
274,234,59,16.31
276,236,59,15.05
791,830,59,15.2
237,197,60,40.36
430,429,60,15.2
750,749,60,15.2
238,197,60,19.33
710,669,60,15.2
710,749,60,15.2
835,876,60,15.2
833,872,60,15.2
832,872,60,15.2
231,191,61,37.39
272,232,61,42.02
874,914,61,15.2
240,200,62,34.06
273,233,62,38.74
234,194,62,40.36
236,196,62,42.02
197,157,63,43.72
195,155,63,16.97
831,871,63,15.2
198,159,63,17.81
198,157,63,17.81
430,469,63,15.2
750,789,63,15.2
790,789,63,15.2
838,878,63,6.66
832,871,63,15.2
158,118,64,18.73
709,708,64,15.2
873,913,64,15.2
875,915,64,15.2
874,915,64,15.2
874,913,64,15.2
200,160,65,34.06
233,193,65,37.15
194,154,65,43.72
196,156,65,42.02
157,117,66,42.02
191,151,66,21.94
830,870,66,15.2
830,829,66,15.2
831,870,66,15.2
790,829,66,15.2
837,877,66,6.66
118,78,67,34.06
159,119,67,31.08
232,192,67,19.33
155,115,67,32.55
669,668,67,15.2
872,912,67,15.2
709,668,67,15.2
709,748,67,15.2
873,912,67,15.2
875,916,67,15.2
749,748,67,15.2
193,153,68,45.45
156,116,68,37.15
914,954,68,15.2
117,77,69,43.72
160,120,69,29.62
154,114,69,31.08
830,869,69,15.2
838,879,69,6.66
78,38,70,49.06
119,79,70,43.72
871,911,70,15.2
789,788,70,15.2
669,628,70,15.2
872,911,70,15.2
749,788,70,15.2
120,80,71,54.84
116,76,71,34.06
115,75,71,29.62
913,953,71,15.2
915,955,71,15.2
708,707,71,15.2
914,955,71,15.2
914,953,71,15.2
192,152,72,21.25
154,113,72,20.54
79,39,73,40.36
77,37,73,29.62
114,74,73,31.08
870,910,73,15.2
829,828,73,15.2
871,910,73,15.2
789,828,73,15.2
76,36,74,38.74
75,35,74,35.59
912,952,74,15.2
916,956,74,15.2
916,917,74,15.2
748,747,74,15.2
668,667,74,15.2
913,952,74,15.2
915,956,74,15.2
708,667,74,15.2
708,747,74,15.2
954,994,75,15.2
74,34,76,35.59
80,40,76,22.58
114,73,76,20.54
869,909,76,15.2
869,868,76,15.2
879,919,76,15.2
879,880,76,15.2
870,909,76,15.2
829,868,76,15.2
911,951,77,15.2
788,787,77,15.2
628,588,77,15.2
628,627,77,15.2
912,951,77,15.2
916,957,77,15.2
748,787,77,15.2
668,627,77,15.2
73,33,78,50.93
152,112,78,19.33
953,993,78,15.2
955,995,78,15.2
954,995,78,15.2
954,993,78,15.2
707,706,78,15.2
869,908,79,15.2
879,920,79,15.2
879,918,79,15.2
878,918,79,6.66
910,950,80,15.2
828,827,80,15.2
911,950,80,15.2
788,827,80,15.2
628,587,80,15.2
747,746,81,15.2
956,996,81,15.2
952,992,81,15.2
953,992,81,15.2
955,996,81,15.2
667,666,81,15.2
707,666,81,15.2
707,746,81,15.2
429,388,82,6.66
868,867,83,15.2
919,959,83,15.2
909,949,83,15.2
910,949,83,15.2
828,867,83,15.2
951,991,84,15.2
957,997,84,15.2
957,958,84,15.2
787,786,84,15.2
747,786,84,15.2
917,958,84,15.2
956,997,84,15.2
952,991,84,15.2
588,548,84,15.2
627,626,84,15.2
667,626,84,15.2
920,960,86,15.2
73,32,86,15.34
868,907,86,15.2
919,960,86,15.2
909,948,86,15.2
950,990,87,15.2
827,826,87,15.2
112,72,87,11.73
951,990,87,15.2
957,998,87,15.2
787,826,87,15.2
587,547,87,15.2
587,586,87,15.2
588,547,87,15.2
627,586,87,15.2
388,348,88,18.73
996,1036,88,15.2
666,665,88,15.2
706,665,88,15.2
959,999,90,15.2
867,866,90,15.2
949,989,90,15.2
950,989,90,15.2
827,866,90,15.2
587,546,90,15.2
348,308,91,33.71
786,785,91,15.2
991,1031,91,15.2
996,1037,91,15.2
996,1035,91,15.2
746,785,91,15.2
666,625,91,15.2
626,625,91,15.2
994,1034,91,6.38
308,268,93,74.15
907,947,93,15.2
907,906,93,15.2
960,1000,93,15.2
948,988,93,15.2
948,947,93,15.2
959,1000,93,15.2
867,906,93,15.2
949,988,93,15.2
998,1038,94,15.2
826,825,94,15.2
586,585,94,15.2
786,825,94,15.2
991,1032,94,15.2
991,1030,94,15.2
548,507,94,15.2
626,585,94,15.2
993,1033,94,6.38
547,507,94,15.2
268,228,95,59.58
907,946,96,15.2
948,987,96,15.2
999,1039,97,15.2
998,1039,97,15.2
826,865,97,15.2
586,545,97,15.2
546,506,97,15.2
546,545,97,15.2
547,506,97,15.2
1037,1077,98,15.2
625,624,98,15.2
665,624,98,15.2
785,784,98,15.2
906,905,100,15.2
1000,1040,100,15.2
999,1040,100,15.2
546,505,100,15.2
1038,1078,101,15.2
507,467,101,15.2
585,584,101,15.2
1037,1078,101,15.2
1037,1076,101,15.2
625,584,101,15.2
228,188,101,19.33
785,744,101,15.2
785,824,101,15.2
825,824,101,15.2
188,148,103,55.36
946,986,103,15.2
946,945,103,15.2
987,1027,103,15.2
987,986,103,15.2
906,945,103,15.2
947,986,103,15.2
865,864,104,15.2
545,544,104,15.2
506,466,104,15.2
1038,1079,104,15.2
507,466,104,15.2
585,544,104,15.2
1039,1079,104,15.2
825,864,104,15.2
148,108,105,74.15
1077,1117,105,15.2
624,623,105,15.2
784,783,105,15.2
946,985,106,15.2
987,1028,106,15.2
987,1026,106,15.2
989,1029,106,6.66
905,904,107,15.2
1040,1080,107,15.2
505,465,107,15.2
505,504,107,15.2
865,904,107,15.2
545,504,107,15.2
506,465,107,15.2
1039,1080,107,15.2
1034,1074,107,6.38
1031,1071,107,6.66
1035,1075,107,6.38
1078,1118,108,15.2
744,743,108,15.2
824,823,108,15.2
1077,1118,108,15.2
1077,1116,108,15.2
784,743,108,15.2
784,823,108,15.2
1027,1067,110,15.2
945,944,110,15.2
905,944,110,15.2
505,464,110,15.2
1030,1070,110,6.66
1032,1072,110,6.38
1033,1073,110,6.38
72,31,110,6.4
466,426,111,15.2
544,543,111,15.2
864,863,111,15.2
1078,1119,111,15.2
584,543,111,15.2
744,703,111,15.2
824,863,111,15.2
1079,1119,111,15.2
623,622,112,15.2
985,1025,113,15.2
985,984,113,15.2
1026,1066,113,15.2
1026,1025,113,15.2
1027,1068,113,15.2
1027,1066,113,15.2
945,984,113,15.2
986,1025,113,15.2
904,903,114,15.2
504,503,114,15.2
465,425,114,15.2
1080,1120,114,15.2
1071,1111,114,15.2
466,425,114,15.2
544,503,114,15.2
864,903,114,15.2
1079,1120,114,15.2
623,582,115,15.2
623,662,115,15.2
985,1024,116,15.2
1026,1065,116,15.2
1030,1069,116,6.66
1067,1107,117,15.2
1070,1110,117,15.2
904,943,117,15.2
504,463,117,15.2
465,424,117,15.2
1071,1112,117,15.2
1071,1110,117,15.2
543,542,118,15.2
703,702,118,15.2
1119,1159,118,15.2
1066,1106,120,15.2
1068,1108,120,15.2
1067,1108,120,15.2
1067,1106,120,15.2
1070,1109,120,15.2
1120,1160,121,15.2
703,742,121,15.2
1117,1157,121,6.66
783,782,121,6.66
1119,1160,121,15.2
1119,1158,121,15.2
1065,1105,123,15.2
1065,1064,123,15.2
1066,1105,123,15.2
1025,1064,123,15.2
1075,1115,123,6.66
1074,1114,123,6.66
1076,1115,123,6.66
1107,1147,124,15.2
463,423,124,15.2
463,462,124,15.2
424,423,124,15.2
503,462,124,15.2
1116,1156,124,6.66
823,822,124,6.66
1159,1199,125,15.2
1065,1104,126,15.2
1073,1113,126,6.66
1106,1146,127,15.2
1109,1149,127,15.2
1107,1148,127,15.2
1107,1146,127,15.2
463,422,127,15.2
424,383,127,15.2
863,862,127,6.66
1159,1200,128,15.2
1159,1198,128,15.2
1160,1200,128,15.2
622,621,128,6.66
1105,1145,130,15.2
1106,1145,130,15.2
1109,1150,130,15.2
1111,1151,130,6.38
1116,1155,130,6.66
271,270,130,1.39
462,461,131,15.2
1147,1187,131,15.2
582,581,131,6.66
1199,1239,132,15.2
944,983,132,6.66
1105,1144,133,15.2
1112,1152,133,6.38
863,902,133,6.66
1149,1189,134,15.2
1146,1186,134,15.2
1148,1188,134,15.2
462,421,134,15.2
1147,1188,134,15.2
1147,1186,134,15.2
542,541,134,6.66
622,661,134,6.66
702,701,134,6.66
1198,1238,135,15.2
1198,1197,135,15.2
1199,1240,135,15.2
1199,1238,135,15.2
1200,1240,135,15.2
1149,1190,137,15.2
1146,1185,137,15.2
742,741,137,6.66
1187,1227,138,15.2
1198,1237,138,15.2
1239,1279,139,15.2
1064,1063,139,6.66
1114,1154,139,6.38
1156,1196,140,6.38
1112,1153,140,6.38
1024,1023,140,4.28
1189,1229,141,15.2
1186,1226,141,15.2
1188,1228,141,15.2
461,420,141,15.2
1187,1228,141,15.2
1187,1226,141,15.2
943,942,141,4.28
1238,1278,142,15.2
1239,1280,142,15.2
1239,1278,142,15.2
1240,1280,142,15.2
1104,1103,142,6.66
422,382,143,6.66
742,781,143,6.66
862,861,143,6.66
1189,1230,144,15.2
1186,1225,144,15.2
1227,1267,145,15.2
1237,1277,145,15.2
1237,1236,145,15.2
1197,1236,145,15.2
1238,1277,145,15.2
1279,1319,146,15.2
1155,1195,146,6.38
581,580,147,6.66
1229,1269,148,15.2
1228,1268,148,15.2
1227,1268,148,15.2
1227,1266,148,15.2
1237,1276,148,15.2
1104,1143,148,6.66
822,821,148,4.28
1280,1320,149,15.2
1279,1320,149,15.2
1144,1184,149,6.66
1152,1192,149,6.38
902,901,149,6.66
422,381,149,6.66
862,901,149,6.66
541,540,150,6.66
701,700,150,6.66
1230,1270,151,15.2
1230,1231,151,15.2
1229,1270,151,15.2
943,982,151,4.28
1267,1307,152,15.2
1277,1317,152,15.2
1278,1317,152,15.2
621,620,152,4.28
1319,1359,153,15.2
741,740,153,6.66
1155,1194,153,6.38
1230,1191,154,15.2
1230,1271,154,15.2
1151,1191,154,4.28
1269,1309,155,15.2
1268,1308,155,15.2
1276,1316,155,15.2
1276,1275,155,15.2
1267,1308,155,15.2
1267,1306,155,15.2
1277,1316,155,15.2
1063,1062,155,6.66
1144,1183,155,6.66
902,941,155,6.66
1319,1360,156,15.2
1153,1193,156,6.38
1023,1022,156,6.66
1320,1360,156,15.2
701,660,156,6.66
1152,1193,156,6.38
420,380,157,6.66
420,419,157,6.66
1270,1310,158,15.2
1269,1310,158,15.2
1276,1235,158,15.2
1276,1315,158,15.2
1103,1102,158,6.66
1317,1357,159,15.2
781,780,159,6.66
861,860,159,6.66
1185,1224,159,6.66
741,780,159,6.66
228,187,159,2.24
1359,1399,160,15.2
1225,1265,160,6.66
1270,1311,161,15.2
1275,1274,162,15.2
1308,1348,162,15.2
1309,1349,162,15.2
1317,1356,162,15.2
380,340,163,17.03
1359,1400,163,15.2
1359,1398,163,15.2
580,579,163,6.66
1360,1400,163,15.2
420,379,163,6.66
420,459,163,6.66
942,981,163,6.66
1143,1142,164,6.66
821,820,164,6.66
1103,1142,164,6.66
187,147,165,18.73
1315,1355,165,15.2
1315,1314,165,15.2
1310,1350,165,15.2
1275,1234,165,15.2
1275,1314,165,15.2
1308,1347,165,15.2
1309,1350,165,15.2
901,900,165,6.66
861,900,165,6.66
1357,1397,166,15.2
540,539,166,6.66
700,699,166,6.66
1225,1264,166,6.66
1399,1439,167,15.2
1231,1232,167,6.38
1310,1351,168,15.2
620,619,168,6.66
1311,1351,168,15.2
1311,1312,168,15.2
340,300,169,17.58
1274,1273,169,15.2
1349,1389,169,15.2
1356,1396,169,15.2
1357,1396,169,15.2
740,739,169,6.66
147,107,170,23.39
1398,1438,170,15.2
379,339,170,16.49
1399,1440,170,15.2
1399,1438,170,15.2
1271,1272,170,6.38
1266,1305,170,6.66
1400,1440,170,15.2
1143,1182,170,6.66
1306,1346,171,6.66
1183,1223,171,6.66
941,940,171,6.66
1311,1352,171,15.2
1184,1223,171,6.66
901,940,171,6.66
1062,1061,171,6.66
1234,1233,172,15.2
1355,1395,172,15.2
1350,1390,172,15.2
1274,1233,172,15.2
1274,1313,172,15.2
1349,1390,172,15.2
1349,1388,172,15.2
1356,1395,172,15.2
1022,1021,172,6.66
660,659,172,6.66
700,659,172,6.66
1397,1437,173,15.2
1398,1437,173,15.2
419,418,173,6.66
1439,1479,174,15.2
1102,1101,174,6.66
300,260,175,17.58
1355,1394,175,15.2
1350,1391,175,15.2
860,859,175,6.66
780,779,175,6.66
740,779,175,6.66
1351,1391,175,15.2
339,299,176,18.73
1396,1436,176,15.2
1389,1429,176,15.2
1397,1436,176,15.2
1438,1478,177,15.2
1439,1480,177,15.2
1439,1478,177,15.2
1306,1345,177,6.66
1440,1480,177,15.2
1183,1222,177,6.66
941,980,177,6.66
1352,1392,178,15.2
1352,1353,178,15.2
1312,1353,178,15.2
1351,1392,178,15.2
1396,1435,179,15.2
1389,1430,179,15.2
1389,1428,179,15.2
1390,1430,179,15.2
579,578,179,6.66
459,458,179,6.66
419,378,179,6.66
419,458,179,6.66
1437,1477,180,15.2
1438,1477,180,15.2
820,819,180,6.66
1142,1141,180,6.66
1102,1141,180,6.66
260,220,181,17.03
1479,1519,181,15.2
1352,1393,181,15.2
1347,1387,181,6.66
900,899,181,6.66
860,899,181,6.66
1224,1263,181,6.66
299,259,182,19.33
1391,1431,182,15.2
1390,1431,182,15.2
699,698,182,6.66
1264,1304,182,6.66
1265,1304,182,6.66
539,538,182,6.66
1429,1469,183,15.2
1436,1476,183,15.2
1437,1476,183,15.2
1478,1518,184,15.2
1479,1520,184,15.2
1479,1518,184,15.2
1480,1520,184,15.2
619,618,184,6.66
378,338,185,19.33
1391,1432,185,15.2
1392,1432,185,15.2
739,738,185,6.66
981,1020,185,6.66
1429,1470,186,15.2
1436,1475,186,15.2
1430,1470,186,15.2
1182,1181,186,6.66
1142,1181,186,6.66
220,180,187,17.03
1477,1517,187,15.2
1478,1517,187,15.2
1346,1386,187,6.66
940,939,187,6.66
1061,1060,187,6.66
1347,1386,187,6.66
900,939,187,6.66
259,219,188,18.15
1519,1559,188,15.2
1393,1433,188,15.2
659,658,188,6.66
1392,1433,188,15.2
699,658,188,6.66
1264,1303,188,6.66
418,417,189,6.66
338,298,190,21.94
1469,1509,190,15.2
1477,1516,190,15.2
1101,1100,190,6.66
1518,1558,191,15.2
1519,1560,191,15.2
1519,1558,191,15.2
1520,1560,191,15.2
859,858,191,6.66
779,778,191,6.66
739,778,191,6.66
1305,1344,192,6.66
1182,1221,192,6.66
1345,1385,193,6.66
980,979,193,6.66
1222,1262,193,6.66
1346,1385,193,6.66
1223,1262,193,6.66
940,979,193,6.66
219,179,194,17.03
1517,1557,194,15.2
1518,1557,194,15.2
1388,1427,194,6.66
298,258,195,21.94
1559,1599,195,15.2
578,577,195,6.66
458,457,195,6.66
418,377,195,6.66
418,457,195,6.66
819,818,196,6.66
1141,1140,196,6.66
1101,1140,196,6.66
1470,1511,196,15.2
1516,1556,197,15.2
1516,1515,197,15.2
1517,1556,197,15.2
899,898,197,6.66
859,898,197,6.66
1558,1598,198,15.2
1559,1600,198,15.2
1559,1598,198,15.2
1433,1474,198,15.2
1560,1600,198,15.2
698,697,198,6.66
538,537,198,6.66
1345,1384,199,6.66
980,1019,199,6.66
1222,1261,199,6.66
377,337,200,24.16
1516,1555,200,15.2
618,617,200,6.66
258,218,201,18.73
1557,1597,201,15.2
1558,1597,201,15.2
738,737,201,6.66
1428,1467,201,6.66
458,497,201,6.66
1181,1180,202,6.66
1141,1180,202,6.66
1060,1059,203,6.66
1386,1426,203,6.66
939,938,203,6.66
899,938,203,6.66
1263,1302,203,6.66
1556,1596,204,15.2
1557,1596,204,15.2
658,657,204,6.66
1303,1343,204,6.66
698,657,204,6.66
1304,1343,204,6.66
337,297,205,20.59
417,416,205,6.66
1100,1099,206,6.66
1509,1549,206,6.38
218,178,207,19.33
1555,1595,207,15.2
1555,1554,207,15.2
1556,1595,207,15.2
778,777,207,6.66
858,857,207,6.66
738,777,207,6.66
1221,1220,208,6.66
1181,1220,208,6.66
1385,1425,209,6.66
979,978,209,6.66
1386,1425,209,6.66
939,978,209,6.66
1475,1514,209,6.38
1555,1594,210,15.2
1303,1342,210,6.66
297,257,211,19.95
577,576,211,6.66
457,456,211,6.66
417,376,211,6.66
417,456,211,6.66
818,817,212,6.66
1140,1139,212,6.66
1511,1551,212,6.38
1511,1512,212,6.38
1100,1139,212,6.66
898,897,213,6.66
858,897,213,6.66
1509,1550,213,6.38
1509,1548,213,6.38
340,301,213,2.84
1554,1553,214,15.2
697,696,214,6.66
537,536,214,6.66
1344,1383,214,6.66
1221,1260,214,6.66
376,336,215,25.79
1384,1424,215,6.66
1019,1018,215,6.66
1261,1301,215,6.66
1385,1424,215,6.66
1262,1301,215,6.66
979,1018,215,6.66
617,616,216,6.66
301,261,217,28.47
257,217,217,17.03
1594,1593,217,15.2
1554,1513,217,15.2
1554,1593,217,15.2
737,736,217,6.66
497,496,217,6.66
457,496,217,6.66
1180,1179,218,6.66
1140,1179,218,6.66
187,146,218,2.41
1059,1058,219,6.66
1426,1466,219,6.66
938,937,219,6.66
898,937,219,6.66
1511,1552,219,6.38
261,221,220,38.71
336,296,220,22.65
657,656,220,6.66
697,656,220,6.66
416,415,221,6.66
1384,1423,221,6.66
1261,1300,221,6.66
217,177,222,20.59
1099,1098,222,6.66
1549,1589,222,6.38
777,776,223,6.66
857,856,223,6.66
737,776,223,6.66
146,106,224,17.03
1220,1219,224,6.66
1180,1219,224,6.66
1553,1592,224,15.2
1593,1592,224,15.2
348,307,224,1.05
296,256,225,20.59
1425,1465,225,6.66
978,977,225,6.66
1426,1465,225,6.66
938,977,225,6.66
1302,1341,225,6.66
307,267,226,61.82
1342,1382,226,6.66
1343,1382,226,6.66
177,137,227,20.59
576,575,227,6.66
456,455,227,6.66
416,375,227,6.66
416,455,227,6.66
817,816,228,6.66
1551,1591,228,6.38
1139,1138,228,6.66
1099,1138,228,6.66
1589,1590,229,15.2
1589,1588,229,15.2
1550,1590,229,6.38
1548,1588,229,6.66
1548,1547,229,6.66
857,896,229,6.66
1549,1590,229,6.38
1549,1588,229,6.38
897,896,229,6.66
536,535,230,6.66
1260,1259,230,6.66
1220,1259,230,6.66
696,695,230,6.66
256,216,231,18.15
1424,1464,231,6.66
1018,1017,231,6.66
1425,1464,231,6.66
978,1017,231,6.66
375,335,232,24.16
616,615,232,6.66
1342,1381,232,6.66
736,735,233,6.66
496,495,233,6.66
456,495,233,6.66
1179,1178,234,6.66
1139,1178,234,6.66
1466,1506,235,6.66
937,936,235,6.66
1058,1057,235,6.66
1548,1587,235,6.66
1467,1506,235,4.28
897,936,235,6.66
656,655,236,6.66
1383,1422,236,6.66
1260,1299,236,6.66
696,655,236,6.66
335,295,237,24.96
216,176,237,19.95
415,414,237,6.66
1300,1340,237,6.66
1423,1463,237,6.66
1424,1463,237,6.66
1301,1340,237,6.66
1098,1097,238,6.66
856,855,239,6.66
1547,1586,239,15.2
776,775,239,6.66
736,775,239,6.66
1219,1218,240,6.66
1179,1218,240,6.66
977,976,241,6.66
1466,1505,241,6.66
937,976,241,6.66
295,255,242,21.25
176,136,243,19.33
575,574,243,6.66
455,454,243,6.66
415,374,243,6.66
415,454,243,6.66
1300,1339,243,6.66
1423,1462,243,6.66
816,815,244,6.66
1138,1137,244,6.66
1098,1137,244,6.66
896,895,245,6.66
856,895,245,6.66
535,534,246,6.66
1259,1258,246,6.66
1219,1258,246,6.66
695,694,246,6.66
1586,1585,246,15.2
1464,1504,247,6.66
1017,1016,247,6.66
977,1016,247,6.66
1341,1380,247,6.66
374,334,248,20.59
255,215,248,18.73
615,614,248,6.66
1381,1421,248,6.66
1382,1421,248,6.66
495,494,249,6.66
455,494,249,6.66
735,734,249,6.66
1586,1545,249,15.2
1178,1177,250,6.66
1138,1177,250,6.66
1462,1502,250,15.2
1462,1461,250,15.2
1057,1056,251,6.66
936,935,251,6.66
896,935,251,6.66
1299,1298,252,6.66
655,654,252,6.66
1259,1298,252,6.66
695,654,252,6.66
414,413,253,6.66
1463,1503,253,6.66
1464,1503,253,6.66
1462,1503,253,15.2
1462,1501,253,15.2
334,294,254,18.73
215,175,254,19.95
1097,1096,254,6.66
1381,1420,254,6.66
855,854,255,6.66
735,774,255,6.66
775,774,255,6.66
1178,1217,256,6.66
383,344,256,1.1
1502,1542,257,15.2
976,975,257,6.66
1461,1460,257,15.2
936,975,257,6.66
1299,1338,258,6.66
574,573,259,6.66
454,453,259,6.66
414,373,259,6.66
414,453,259,6.66
1340,1379,259,6.66
294,254,260,18.15
175,135,260,17.58
1503,1543,260,15.2
1502,1543,260,15.2
1502,1541,260,15.2
1137,1136,260,6.66
1097,1136,260,6.66
1461,1500,260,15.2
1501,1541,260,15.2
1501,1500,260,15.2
815,814,260,6.66
895,894,261,6.66
855,894,261,6.66
534,533,262,6.66
1585,1584,262,6.66
694,693,262,6.66
1503,1544,263,15.2
1504,1544,263,6.66
1016,1015,263,6.66
976,1015,263,6.66
1501,1540,263,15.2
1542,1582,264,15.2
614,613,264,6.66
373,333,265,18.15
1338,1378,265,15.2
1338,1337,265,15.2
494,493,265,6.66
454,493,265,6.66
734,733,265,6.66
254,214,266,18.73
1137,1176,266,6.66
1541,1581,267,15.2
1543,1583,267,15.2
1542,1583,267,15.2
1542,1581,267,15.2
135,95,267,16.49
1056,1055,267,6.66
935,934,267,6.66
895,934,267,6.66
1338,1297,268,15.2
1338,1377,268,15.2
654,653,268,6.66
694,653,268,6.66
413,412,269,6.66
1380,1419,269,6.66
1541,1580,270,15.2
1258,1257,270,4.28
214,174,271,21.25
854,853,271,6.66
774,773,271,6.66
734,773,271,6.66
333,293,272,15.4
1337,1336,272,15.2
975,974,273,6.66
1460,1459,273,6.66
1056,1095,273,6.66
935,974,273,6.66
1297,1296,275,15.2
1337,1296,275,15.2
1337,1376,275,15.2
453,452,275,6.66
573,572,275,6.66
413,372,275,6.66
413,452,275,6.66
1500,1499,276,6.66
814,813,276,6.66
174,134,277,17.58
894,893,277,6.66
854,893,277,6.66
1297,1256,278,15.2
533,532,278,6.66
693,692,278,6.66
293,253,279,15.4
1336,1335,279,15.2
1015,1014,279,6.66
975,1014,279,6.66
1540,1539,279,6.66
613,612,280,6.66
1217,1216,280,4.28
372,332,281,19.95
493,492,281,6.66
733,732,281,6.66
453,492,281,6.66
1379,1418,281,6.66
1296,1295,282,15.2
1336,1295,282,15.2
1336,1375,282,15.2
1055,1054,283,6.66
934,933,283,6.66
894,933,283,6.66
134,94,284,16.49
1377,1417,284,6.66
653,652,284,6.66
693,652,284,6.66
1136,1135,284,4.28
253,213,285,17.58
1296,1255,285,15.2
412,411,285,6.66
1540,1579,285,6.66
332,292,286,21.25
1014,1013,286,15.2
1335,1334,286,15.2
853,852,287,6.66
773,772,287,6.66
733,772,287,6.66
1014,973,289,15.2
1014,1053,289,15.2
974,973,289,6.66
1459,1458,289,6.66
1055,1094,289,6.66
934,973,289,6.66
1335,1294,289,15.2
1335,1374,289,15.2
1295,1294,289,15.2
213,173,290,21.94
1377,1416,290,6.66
1176,1175,290,4.28
292,252,291,21.25
94,54,291,15.4
452,451,291,6.66
572,571,291,6.66
412,371,291,6.66
412,451,291,6.66
1255,1215,292,15.2
1255,1254,292,15.2
813,812,292,6.66
1499,1498,292,6.66
1295,1254,292,15.2
1013,1012,293,15.2
1334,1333,293,15.2
1054,1093,293,15.2
893,892,293,6.66
853,892,293,6.66
532,531,294,6.66
692,691,294,6.66
371,331,295,31.49
1255,1214,295,15.2
1539,1538,295,6.66
1053,1052,296,15.2
173,133,296,19.33
1094,1134,296,15.2
1294,1293,296,15.2
1013,972,296,15.2
1013,1052,296,15.2
1334,1293,296,15.2
1334,1373,296,15.2
612,611,296,6.66
331,291,297,59.58
1416,1456,297,15.2
1416,1415,297,15.2
732,731,297,6.66
492,491,297,6.66
452,491,297,6.66
252,212,298,16.49
291,251,299,74.15
1254,1253,299,15.2
1053,1092,299,15.2
1094,1133,299,15.2
1294,1253,299,15.2
893,932,299,6.66
1012,1011,300,15.2
1333,1332,300,15.2
1416,1457,300,15.2
1416,1455,300,15.2
1417,1457,300,6.66
652,651,300,6.66
692,651,300,6.66
1579,1578,301,6.66
411,410,301,6.66
1539,1578,301,6.66
251,211,302,43.03
133,93,302,18.73
212,172,303,22.65
1373,1413,303,15.2
1373,1372,303,15.2
1293,1292,303,15.2
1012,971,303,15.2
1012,1051,303,15.2
1333,1292,303,15.2
1333,1372,303,15.2
1093,1132,303,15.2
772,771,303,6.66
732,771,303,6.66
1134,1174,303,15.2
211,171,306,31.49
1092,1091,306,15.2
1133,1173,306,15.2
1253,1252,306,15.2
1373,1414,306,15.2
1373,1412,306,15.2
1293,1252,306,15.2
1134,1173,306,15.2
1011,1010,307,15.2
1455,1495,307,15.2
1455,1454,307,15.2
571,570,307,6.66
451,450,307,6.66
411,370,307,6.66
411,450,307,6.66
93,53,308,19.95
812,811,308,6.66
1498,1497,308,6.66
172,132,309,18.73
1092,1131,309,15.2
1133,1172,309,15.2
370,330,310,40.09
1051,1050,310,15.2
1413,1453,310,15.2
1011,970,310,15.2
1011,1050,310,15.2
1455,1496,310,15.2
1455,1494,310,15.2
531,530,310,6.66
691,690,310,6.66
1372,1371,310,15.2
852,851,311,4.28
1538,1537,311,6.66
330,290,312,59.58
171,131,312,18.73
611,610,312,6.66
53,13,313,24.96
1091,1090,313,15.2
1412,1452,313,15.2
1412,1411,313,15.2
1252,1251,313,15.2
1051,1090,313,15.2
1413,1452,313,15.2
1132,1171,313,15.2
731,730,313,6.66
491,490,313,6.66
451,490,313,6.66
1372,1331,313,15.2
1372,1411,313,15.2
290,250,314,74.15
132,92,314,20.59
1010,1009,314,15.2
1495,1535,314,15.2
146,145,315,1.05
250,210,316,74.15
1091,1130,316,15.2
1412,1451,316,15.2
1252,1291,316,15.2
651,650,316,6.66
691,650,316,6.66
1453,1493,317,15.2
1050,1049,317,15.2
1494,1534,317,15.2
1494,1493,317,15.2
1371,1370,317,15.2
1010,969,317,15.2
1010,1049,317,15.2
1495,1536,317,15.2
1495,1534,317,15.2
1454,1493,317,15.2
410,409,317,6.66
1578,1577,317,6.66
892,891,317,4.28
1538,1577,317,6.66
131,91,318,17.58
210,170,318,74.15
92,52,319,21.94
771,770,319,6.66
731,770,319,6.66
1090,1089,320,15.2
1411,1410,320,15.2
1331,1330,320,15.2
1453,1492,320,15.2
1050,1089,320,15.2
1494,1533,320,15.2
1371,1330,320,15.2
1371,1410,320,15.2
170,130,321,37.39
1537,1576,321,15.2
1451,1491,323,15.2
1451,1450,323,15.2
1291,1290,323,15.2
1251,1210,323,15.2
1251,1290,323,15.2
1090,1129,323,15.2
1411,1450,323,15.2
1331,1290,323,15.2
570,569,323,6.66
450,449,323,6.66
410,369,323,6.66
410,449,323,6.66
932,931,323,4.28
91,51,324,19.95
1370,1369,324,15.2
1049,1048,324,15.2
811,810,324,6.66
369,329,326,36.11
130,90,326,24.96
1451,1490,326,15.2
530,529,326,6.66
690,689,326,6.66
1492,1532,327,15.2
1089,1088,327,15.2
1533,1573,327,15.2
1533,1532,327,15.2
1410,1409,327,15.2
1330,1329,327,15.2
1370,1329,327,15.2
1370,1409,327,15.2
1049,1008,327,15.2
1049,1088,327,15.2
1536,1575,327,15.2
329,289,328,51.47
610,609,328,6.66
1171,1170,329,6.66
490,489,329,6.66
450,489,329,6.66
1210,1209,330,15.2
1129,1169,330,15.2
1450,1449,330,15.2
1492,1531,330,15.2
1533,1574,330,15.2
1410,1449,330,15.2
811,850,330,6.66
1369,1368,331,15.2
1048,1047,331,15.2
301,262,331,1.21
289,249,332,30.45
650,649,332,6.66
690,649,332,6.66
690,729,332,6.66
1210,1249,333,15.2
1129,1168,333,15.2
1450,1489,333,15.2
262,222,333,74.15
1290,1249,333,15.2
409,408,333,6.66
249,209,334,74.15
1088,1087,334,15.2
1369,1328,334,15.2
1369,1408,334,15.2
1048,1007,334,15.2
1048,1087,334,15.2
970,930,334,4.28
1329,1328,334,15.2
770,769,335,6.66
209,169,336,74.15
1209,1208,337,15.2
1329,1288,337,15.2
169,129,338,74.15
1368,1367,338,15.2
569,568,339,6.66
449,448,339,6.66
409,368,339,6.66
409,448,339,6.66
129,89,340,74.15
1489,1529,340,15.2
1489,1488,340,15.2
1209,1248,340,15.2
1249,1248,340,15.2
1408,1448,341,15.2
1408,1407,341,15.2
1328,1327,341,15.2
1368,1327,341,15.2
1368,1407,341,15.2
770,809,341,6.66
969,929,341,4.28
969,968,341,4.28
891,890,341,4.28
1490,1530,342,6.38
529,528,342,6.66
368,328,343,25.79
1489,1528,343,15.2
1288,1287,344,15.2
1408,1447,344,15.2
1328,1287,344,15.2
609,608,344,6.66
328,288,345,61.82
1367,1366,345,15.2
489,488,345,6.66
449,488,345,6.66
288,248,347,74.15
1248,1247,347,15.2
1288,1247,347,15.2
1327,1326,348,15.2
1407,1406,348,15.2
1367,1326,348,15.2
1367,1406,348,15.2
649,648,348,6.66
1168,1167,349,6.66
408,407,349,6.66
1008,967,349,6.66
1248,1207,350,15.2
1007,1006,350,6.66
689,688,350,4.28
248,208,351,29.44
1447,1487,351,15.2
1447,1446,351,15.2
1287,1286,351,15.2
1448,1487,351,15.2
1327,1286,351,15.2
1407,1446,351,15.2
969,928,351,4.28
1366,1365,352,15.2
1047,1086,353,6.66
208,168,354,33.71
1247,1246,354,15.2
1447,1486,354,15.2
1287,1246,354,15.2
850,849,354,4.28
1406,1405,355,15.2
1326,1325,355,15.2
1366,1325,355,15.2
1366,1405,355,15.2
568,567,355,6.66
448,447,355,6.66
408,367,355,6.66
408,447,355,6.66
168,128,356,74.15
1529,1569,356,6.38
1007,966,356,6.66
729,728,356,4.28
1207,1206,357,15.2
1247,1206,357,15.2
128,88,358,74.15
1286,1285,358,15.2
1446,1445,358,15.2
1487,1527,358,15.2
1406,1445,358,15.2
1326,1285,358,15.2
528,527,358,6.66
1365,1364,359,15.2
1528,1568,359,6.38
769,768,359,4.28
1207,1166,360,15.2
367,327,361,18.15
1246,1245,361,15.2
1486,1526,361,15.2
1486,1485,361,15.2
1286,1245,361,15.2
1446,1485,361,15.2
1487,1526,361,15.2
488,487,361,6.66
568,607,361,6.66
448,487,361,6.66
1405,1404,362,15.2
1365,1324,362,15.2
1365,1404,362,15.2
327,287,364,36.11
1246,1205,364,15.2
1486,1525,364,15.2
850,889,364,4.28
1445,1444,365,15.2
1405,1444,365,15.2
407,406,365,6.66
967,927,365,6.66
809,808,365,4.28
287,247,366,74.15
1528,1567,366,6.38
247,207,368,74.15
1245,1244,368,15.2
607,647,368,15.2
607,606,368,15.2
1445,1484,368,15.2
1087,1126,368,4.28
1525,1565,371,15.2
1525,1524,371,15.2
1245,1204,371,15.2
1245,1284,371,15.2
607,566,371,15.2
607,646,371,15.2
447,446,371,6.66
407,366,371,6.66
407,446,371,6.66
967,926,371,6.66
207,167,372,28.47
1525,1566,374,15.2
1525,1564,374,15.2
527,526,374,6.66
688,687,374,4.28
1006,1005,374,4.28
606,605,375,15.2
928,888,375,4.28
809,848,375,4.28
929,888,375,4.28
366,326,376,21.94
167,127,377,20.59
487,486,377,6.66
447,486,377,6.66
1086,1085,377,4.28
646,686,378,15.2
646,645,378,15.2
1524,1523,378,15.2
647,686,378,15.2
606,565,378,15.2
606,645,378,15.2
966,965,380,4.28
728,727,380,4.28
127,87,381,26.65
1564,1563,381,15.2
646,685,381,15.2
1524,1483,381,15.2
1524,1563,381,15.2
1444,1443,381,6.38
326,286,383,15.4
768,767,383,4.28
1364,1363,383,4.28
687,726,384,15.2
1244,1243,384,6.38
1166,1165,384,4.28
1006,1045,384,4.28
1523,1522,385,15.2
928,887,385,4.28
286,246,386,44.58
1324,1323,386,4.28
1404,1403,386,4.28
1284,1283,387,6.38
1204,1164,387,6.38
1204,1203,387,6.38
446,445,387,6.66
1086,1125,387,4.28
246,206,388,74.15
685,725,388,15.2
685,684,388,15.2
1563,1562,388,15.2
1483,1482,388,15.2
1443,1442,388,15.2
1523,1482,388,15.2
1523,1562,388,15.2
645,604,388,15.2
645,684,388,15.2
406,405,389,4.28
808,807,389,4.28
206,166,390,74.15
966,925,390,4.28
685,724,391,15.2
1443,1402,391,15.2
1522,1521,392,15.2
486,485,393,6.66
446,485,393,6.66
1204,1163,394,6.38
1562,1561,395,15.2
684,683,395,15.2
1522,1481,395,15.2
1522,1561,395,15.2
926,886,395,4.28
307,266,395,0.84
166,126,396,19.95
266,226,397,61.82
605,564,397,6.66
684,643,398,15.2
684,723,398,15.2
526,525,398,4.28
1005,1004,398,4.28
848,847,399,4.28
406,365,399,4.28
808,847,399,4.28
726,766,400,6.66
1243,1242,400,6.38
365,325,401,61.82
1085,1084,401,4.28
683,682,402,15.2
1323,1322,402,6.38
1283,1282,403,6.38
1203,1202,403,6.38
1164,1124,403,6.38
1442,1441,404,6.66
604,603,404,6.66
965,964,404,4.28
723,763,405,15.2
723,722,405,15.2
643,642,405,15.2
683,642,405,15.2
683,722,405,15.2
405,404,405,6.66
926,885,405,4.28
325,285,406,20.59
726,765,406,6.66
1363,1362,407,4.28
1402,1362,407,6.66
1402,1401,407,6.66
723,764,408,15.2
723,762,408,15.2
643,602,408,15.2
1045,1044,408,4.28
1005,1044,408,4.28
682,681,409,15.2
1163,1123,410,6.38
1163,1162,410,6.38
604,563,410,6.66
1203,1162,410,6.38
1164,1123,410,6.38
285,245,411,20.59
886,846,411,6.66
405,364,411,6.66
405,444,411,6.66
445,444,411,4.28
763,803,412,15.2
722,721,412,15.2
642,641,412,15.2
682,641,412,15.2
682,721,412,15.2
565,524,412,4.28
364,324,413,74.15
807,806,413,4.28
1402,1361,413,6.66
245,205,414,47.89
603,562,414,15.2
925,924,414,4.28
965,924,414,4.28
762,802,415,15.2
762,761,415,15.2
602,601,415,15.2
763,804,415,15.2
763,802,415,15.2
722,761,415,15.2
642,601,415,15.2
205,165,416,74.15
324,284,416,34.89
1242,1241,416,6.38
563,523,417,15.2
886,845,417,6.66
1163,1122,417,6.38
485,484,417,4.28
762,801,418,15.2
602,561,418,15.2
1322,1321,418,6.38
803,843,419,15.2
1282,1281,419,6.38
1202,1201,419,6.38
165,125,420,28.47
563,522,420,15.2
284,244,421,24.96
404,403,421,6.66
803,844,422,15.2
803,842,422,15.2
524,483,422,15.2
766,805,422,6.66
1004,1003,422,4.28
562,521,424,15.2
925,884,424,4.28
1124,1083,425,6.66
1084,1083,425,4.28
244,204,426,24.96
843,883,426,15.2
1162,1161,426,6.38
1202,1161,426,6.38
522,482,427,15.2
523,482,427,15.2
404,363,427,6.66
404,443,427,6.66
204,164,428,74.15
964,963,428,4.28
842,882,429,15.2
842,841,429,15.2
843,882,429,15.2
522,481,430,15.2
164,124,431,43.03
363,323,431,26.59
842,881,432,15.2
1044,1043,432,4.28
1004,1043,432,4.28
344,303,432,0.81
323,283,433,53.38
1122,1082,433,6.38
1122,1121,433,6.38
1162,1121,433,6.38
1123,1082,433,6.38
482,442,434,15.2
884,923,434,15.2
283,243,435,64.15
882,922,436,15.2
124,84,437,17.03
481,441,437,15.2
482,441,437,15.2
1003,1002,438,6.66
882,921,439,15.2
1122,1081,440,6.38
243,203,441,19.95
203,163,443,64.15
922,962,443,15.2
1003,1042,444,6.66
163,123,445,69.12
403,402,445,4.28
922,961,446,15.2
363,322,450,6.38
123,83,451,17.03
961,1001,453,15.2
322,282,454,32.08
403,362,455,4.28
282,242,456,54.88
1081,1041,456,6.38
442,401,456,6.66
1082,1041,456,6.38
242,202,459,49.64
202,162,462,37.39
162,122,464,74.15
402,361,467,6.66
122,82,470,17.03
361,321,473,18.73
322,281,473,6.33
82,42,477,16.49
282,241,478,6.06
