7502,7503,2,37.09
7503,7504,5,35.68
7504,7505,8,35.53
7505,7506,11,36.29
7506,7507,14,37.8
7507,7508,17,38.55
7508,7509,20,37.44
7509,7510,23,36.84
7510,7511,26,37.25
7511,7512,29,38.61
7512,7513,32,41.73
7513,7514,34,51.64
7514,7515,37,46.51
7502,7403,38,3.72
7403,7404,41,36.69
7515,7516,41,32.41
7503,7404,41,3.71
7516,7517,44,34.28
7404,7405,44,36.18
7504,7405,44,3.71
7517,7518,47,49.71
7405,7406,47,36.98
7505,7406,47,3.71
7518,7519,50,48.86
7406,7407,50,38.01
7506,7407,50,3.72
7407,7408,53,37.86
7507,7408,53,3.72
7408,7409,56,37.01
7514,7415,56,6.53
7508,7409,56,3.72
7513,7414,58,5.64
7415,7416,59,36.99
7409,7410,59,36.47
7509,7410,59,3.72
7519,7520,60,10.86
7510,7411,61,6
7502,7603,61,1.78
7416,7417,62,24.87
7511,7412,63,6.02
7517,7418,64,13.52
7518,7419,65,13.71
7512,7413,65,6.06
7503,7604,65,1.8
7514,7615,67,5.19
7504,7605,69,1.8
7414,7315,70,14.12
7403,7304,70,5.99
7520,7521,71,9.67
7416,7317,71,12.37
7615,7616,72,24.79
7404,7305,72,5.98
7513,7614,72,3.91
7505,7606,73,1.79
7417,7318,74,12.82
7405,7306,74,6
7315,7316,75,24.76
7413,7314,75,15.38
7418,7319,75,12.94
7521,7522,76,24.97
7406,7307,76,6.01
7506,7607,77,1.77
7407,7308,78,6.01
7517,7618,79,4.41
7319,7320,80,25
7616,7617,80,12.8
7408,7309,80,5.99
7522,7523,81,25
7518,7619,81,4.52
7507,7608,81,1.76
7315,7216,82,12.02
7409,7310,82,5.99
7521,7422,83,12.8
7317,7218,83,12.66
7410,7311,83,6
7523,7524,85,25.01
7320,7321,85,24.99
7411,7312,85,6.07
7508,7609,85,1.77
7319,7220,86,13.02
7419,7420,86,4.93
7216,7217,87,24.93
7522,7423,87,13.08
7316,7217,87,12.85
7412,7313,87,6.02
7509,7610,88,1.78
7321,7322,90,24.94
7423,7424,91,25.01
7420,7421,91,24.96
7320,7221,91,13.01
7520,7421,91,4.61
7510,7611,92,1.78
7502,7402,92,1.29
7422,7323,94,12.94
7216,7117,94,12.64
7304,7205,94,6
7424,7425,95,25.02
7313,7214,96,16.38
7312,7213,96,14.03
7305,7206,96,6
7511,7612,96,1.76
7321,7222,97,12.67
7423,7324,98,13.25
7306,7207,98,6
7425,7426,99,25.01
7117,7118,99,24.64
7217,7118,99,12.43
7314,7215,99,5.98
7307,7208,100,5.99
7513,7613,100,1.67
7424,7325,102,13.3
7322,7223,102,12.67
7619,7620,102,4.92
7308,7209,102,5.99
7426,7427,103,25.02
7118,7119,104,24.65
7218,7219,104,4.93
7309,7210,104,5.99
7425,7326,106,13.25
7310,7211,106,6.05
7615,7716,106,3.68
7427,7428,107,25.02
7117,7018,107,11.73
7524,7525,107,4.61
7311,7212,107,6.12
7618,7719,107,5.19
7521,7622,107,4.01
7119,7120,109,24.87
7326,7327,110,25.02
7426,7327,110,13.36
7220,7121,110,5.96
7525,7526,111,25.01
7215,7116,111,12.47
7522,7623,111,4.16
7018,7019,112,24.5
7719,7720,112,24.63
7118,7019,112,11.75
7620,7621,113,9.64
7223,7224,113,9.37
7327,7328,114,25.02
7716,7717,114,12.86
7427,7328,114,13.54
7526,7527,115,25.02
7523,7624,115,4.22
7212,7113,116,16.45
7119,7020,116,12.36
7209,7110,116,10.4
7402,7303,116,5.99
7326,7227,117,13.31
7428,7429,118,9.22
7205,7106,118,5.99
7121,7122,119,12.11
7624,7625,120,24.99
7120,7021,120,12.95
7018,6919,120,11.44
7214,7115,120,6
7206,7107,120,5.99
7227,7228,121,42.75
7110,7111,121,77.52
6919,6920,122,52.81
7717,7718,122,23.68
7328,7329,123,17.55
7224,7225,123,17.63
7111,7112,124,38.81
7107,7108,124,25.1
7122,7123,124,23.52
7212,7112,124,4.8
7207,7108,124,3.2
6920,6921,125,49.65
7021,7022,125,23.59
7113,7114,125,13.85
7527,7528,125,17.05
7108,7109,126,51.65
7625,7626,126,17.35
7429,7430,126,16.89
7116,7017,126,5.88
7228,7229,127,17.49
7502,7602,127,0.92
6921,6922,128,46.28
7720,7721,128,8.2
7123,7124,129,23.47
7329,7330,129,16.89
7225,7226,129,17.69
7022,7023,130,23.69
7719,7820,130,7.16
7615,7715,130,1.8
6922,6923,131,48.26
7528,7529,131,16.84
7626,7627,132,17.3
7430,7431,132,17.55
6923,6924,133,50.51
7023,7024,133,45.52
7820,7821,133,37.51
7229,7230,133,17.13
7603,7704,133,2.77
7721,7722,134,18.48
7124,7125,135,18.06
7330,7331,135,16.92
7227,7128,135,7.12
6924,6925,136,48.08
7112,7013,136,11.87
7604,7705,136,2.77
7529,7530,137,16.84
7623,7724,137,6.18
7125,7126,138,43.67
7627,7628,138,17.15
7431,7432,138,17.55
7013,7014,139,38.3
6925,6926,139,45.99
7230,7231,139,17.01
7111,7012,139,7.95
7605,7706,139,2.77
7530,7531,140,41.68
7722,7723,140,18.37
7624,7725,140,6.14
7126,7127,141,43.46
7331,7332,141,17.25
7606,7707,141,2.76
7014,7015,142,44.81
7115,7016,143,6.24
6926,6927,144,23.59
7628,7629,144,16.96
7432,7433,144,17.24
7607,7708,144,2.75
7231,7232,145,16.7
7024,7025,145,8.98
7531,7532,146,17.3
7725,7726,146,17.32
7821,7822,146,8.14
6920,6821,146,6.03
6919,6820,146,5.65
7433,7434,147,39.93
7128,7129,147,8.57
6921,6822,147,6.52
7608,7709,147,2.75
7110,7011,148,4.03
7719,7819,148,2.53
6822,6823,149,54.2
6927,6928,149,23.32
7108,7009,149,5.78
7609,7710,149,2.76
7629,7630,150,16.81
7820,7921,150,7.22
6823,6824,151,66.13
7009,7010,151,92.19
7017,6918,151,5.85
7610,7711,151,2.76
7532,7533,152,16.84
7726,7727,152,17.32
7822,7823,152,18.42
6824,6825,153,61.29
6928,6929,154,22.79
7434,7435,154,16.66
7332,7333,154,8.1
7013,6914,154,8.07
7611,7712,154,2.75
6825,6826,155,52.01
7533,7534,155,40
7012,6913,155,9.41
7630,7631,156,17
7125,7026,156,6.95
6914,6915,157,44.37
7303,7204,157,3.19
7612,7713,157,2.74
6826,6827,158,48.59
7534,7535,158,39.1
7727,7728,158,17.32
7823,7824,158,18.16
7232,7233,158,8.03
7026,7027,159,43.46
7129,7130,159,8.53
7126,7027,159,6.99
6915,6916,160,44.07
7333,7334,160,16.8
7613,7714,160,2.73
7435,7436,161,16.66
7011,6912,161,11.05
7106,7007,161,3.2
7631,7632,162,17.15
6916,6917,163,43.75
6827,6828,163,24.68
7716,7817,163,2.75
7728,7729,164,17.71
7824,7825,164,17.67
7007,7008,165,27.48
7535,7536,165,16.06
7921,7922,165,6.84
7107,7008,165,3.2
7817,7818,167,26.18
6929,6930,167,8.24
6828,6829,168,24.22
7632,7633,168,16.72
7436,7437,168,16.5
7819,7920,168,7.08
6821,6722,168,6.56
6820,6721,169,6.18
6722,6723,170,55.68
7729,7730,170,16.76
7825,7826,170,17.3
7922,7923,171,17.43
7130,7131,171,8.47
7027,7028,171,8.51
7233,7234,171,8.06
7536,7537,172,16.26
7011,6911,172,4.31
6829,6830,173,23.02
7334,7335,173,8.03
6723,6724,174,29.75
7437,7438,174,16.79
6912,6813,174,11.46
6913,6814,174,7.77
7533,7634,174,6.69
6914,6815,175,6.83
7730,7731,176,16.76
7826,7827,176,18.18
7534,7635,176,6.87
6918,6819,176,5.89
7923,7924,177,18.49
7234,7235,177,17.12
7131,7132,177,17.02
7028,7029,177,17.17
6815,6816,178,44.19
6724,6725,178,31.4
7537,7538,178,17.02
6915,6816,178,6.88
6826,6727,178,6.18
6825,6726,178,5.74
7335,7336,179,17.01
7602,7703,179,2.76
7438,7439,180,16.84
6930,6931,180,8.1
6916,6817,181,12.1
6912,6812,182,6.38
7827,7828,183,10.72
6917,6818,183,11.86
7715,7816,183,1.66
7924,7925,185,10.7
7009,6910,185,7.35
7402,7302,185,1.27
6721,6622,186,13.55
7538,7539,187,10.53
6911,6811,187,9.11
6722,6623,187,11.8
7704,7805,187,1.68
7205,7105,187,1.27
7336,7337,188,10.38
7731,7732,189,4.01
7635,7636,189,4.13
6815,6716,189,12.08
6814,6715,189,12.13
7008,6909,189,8.61
6830,6831,190,4.65
6812,6713,191,16.71
6819,6720,191,10.88
6827,6728,192,6.39
7819,7919,192,1.73
6623,6624,192,22.09
7705,7806,192,1.69
6817,6718,193,12.41
6726,6627,193,10.32
7029,7030,193,4.03
7007,6908,193,6.49
6725,6626,194,9.69
6828,6729,194,6.39
7920,8021,195,3.91
6713,6714,196,23.85
6811,6712,196,16.18
6818,6719,196,11.51
7235,7236,197,4.63
7132,7133,197,4.64
6829,6730,197,6.37
7706,7807,197,1.68
6622,6523,197,13.32
6716,6717,198,12.49
7337,7338,198,10.44
6911,6810,199,6.3
8021,8022,200,23.84
6811,6711,200,7.72
6624,6625,200,13.4
7707,7808,201,1.67
6623,6524,201,10.86
6713,6614,202,14.1
6931,6932,202,4.64
7234,7135,203,5.26
8022,8023,205,23.75
6712,6613,205,16.53
6718,6619,205,12.14
7439,7440,205,4.02
6524,6525,206,20.68
6721,6621,206,3.05
7708,7809,206,1.67
6614,6615,207,23.78
7236,7237,207,10.49
7133,7134,207,10.52
6714,6615,207,13.16
7336,7237,207,5.25
7338,7339,208,10.45
6523,6424,208,13.45
7302,7203,208,6.43
6711,6612,209,15.78
6719,6620,209,11.33
7828,7829,209,3.97
6717,6618,210,12.8
7105,7006,210,6.43
7925,7926,211,3.95
7709,7810,211,1.67
7502,7501,211,0.47
6615,6616,212,23.36
6908,6809,212,7.75
6831,6832,212,4.64
6716,6617,212,6.37
6715,6616,212,6.38
7539,7540,212,4.01
7135,7136,213,10.46
6614,6515,213,13.79
6711,6611,213,8.09
7732,7733,214,4.03
7636,7637,214,4.12
7710,7811,214,1.67
6613,6514,215,14.31
8023,8024,215,10.69
7030,7031,215,4.63
7337,7238,215,5.27
6524,6425,216,9.48
6621,6522,216,14.32
6619,6520,217,12.24
7711,7812,217,1.67
7339,7340,218,10.56
6811,6710,218,4.61
6627,6628,218,4.11
7733,7734,219,23.32
6615,6516,219,12.68
6730,6731,219,4.57
7926,7927,221,10.79
6618,6519,221,12.89
6611,6512,222,16.77
7920,8020,222,1.7
7712,7813,222,1.67
6520,6521,222,23.87
7136,7137,223,10.53
7006,6907,223,10.9
6932,6933,224,4.61
7133,7034,224,5.29
8024,8025,225,10.81
7238,7239,225,10.59
7338,7239,225,5.27
6425,6426,226,10.37
6522,6423,227,13.44
6520,6421,227,14.22
6516,6517,228,12.39
7340,7341,228,10.56
7713,7814,228,1.67
6711,6610,229,4.97
8021,8122,229,4.23
7203,7104,230,6.46
7440,7441,230,4.02
7135,7036,230,5.28
6512,6513,231,12.08
6611,6511,231,5.61
6424,6325,231,6.31
6525,6526,231,4.05
6421,6422,232,22.93
6519,6420,232,13.74
6521,6422,232,14.17
7137,7138,233,10.58
7714,7815,233,1.66
8122,8123,234,23.8
7034,7035,234,10.45
6832,6833,234,4.61
7134,7035,234,5.29
6426,6427,235,12.02
7239,7240,235,10.66
6617,6518,235,6.35
7829,7830,235,3.99
7339,7240,235,5.31
6515,6416,236,6.36
7132,7033,236,2.48
7031,7032,237,4.63
7540,7541,237,4.05
7502,7401,237,0.63
7341,7342,238,10.49
6907,6808,238,9.45
6514,6415,238,6.34
7817,7918,238,1.66
6421,6322,239,11.95
7637,7638,239,4.08
7441,7442,240,10.49
7036,7037,240,10.42
7136,7037,240,5.3
6516,6417,241,22.07
7238,7139,241,20.44
6808,6709,242,70.08
6512,6413,242,19.65
7340,7241,242,20.17
7104,7005,243,26.52
7239,7140,243,20.82
7137,7038,243,19.85
6731,6732,243,1.29
6425,6326,243,7.37
6831,6732,243,7.26
6610,6510,244,12.92
6517,6418,244,20.8
7341,7242,244,19.99
7034,6935,244,18.85
6519,6419,244,11.48
6513,6414,245,20.26
7036,6937,245,19
6628,6529,245,24.47
6416,6317,246,20.44
7035,6936,246,18.89
7138,7039,246,19.87
6421,6321,246,11.41
6426,6327,246,11.73
7006,6906,246,6.51
6729,6630,246,6.82
6728,6629,246,7.16
6627,6528,246,11.18
6626,6527,246,11.02
7342,7243,247,20.15
6415,6316,247,21.23
7033,6934,247,19.26
6730,6631,247,6.92
7037,6938,248,19.01
6422,6323,248,11.78
6906,6807,249,47.89
6413,6314,249,20.49
6417,6318,249,18.95
7139,7040,249,20.06
7240,7141,249,15.6
6511,6412,249,12.32
7302,7202,249,3.45
7442,7343,250,15.4
6427,6328,250,12.2
6832,6733,250,7.59
6529,6430,251,24.81
7038,6939,251,18.89
8021,8121,251,1.63
6807,6708,252,57.31
6528,6429,252,25.22
6527,6428,252,25.34
6414,6315,252,21.58
6510,6410,252,12.71
6935,6836,252,18.82
6326,6227,252,16.26
7241,7142,252,15.49
6325,6226,252,8.68
6629,6530,253,22.32
6936,6837,253,22.73
6327,6228,253,21.9
6510,6411,253,16.34
6418,6319,253,15.94
7140,7041,253,15.02
6731,6632,253,7.28
6227,6128,254,70.91
7243,7144,254,20.34
7039,6940,254,18.71
7242,7143,254,15.57
6933,6834,254,7.75
6228,6129,255,75.65
6708,6609,255,69.53
6226,6127,255,57.72
6328,6229,255,33.31
7202,7103,255,25.56
6316,6217,255,18.42
6317,6218,255,16.09
6419,6320,255,13.06
6314,6215,256,20.55
6610,6509,256,7.47
6424,6324,256,3.8
6128,6029,257,52.47
6429,6330,257,30.48
6430,6331,257,27.3
6412,6313,257,19.46
6833,6734,257,7.74
7602,7702,257,0.55
7103,7004,258,47.24
6127,6028,258,68.12
6229,6130,258,51.67
7343,7244,258,20.11
7005,6905,258,6.81
6530,6431,259,28.16
6411,6312,259,26.86
6410,6311,259,22.88
7141,7042,259,14.99
6836,6737,259,22.26
6331,6232,260,48.09
6129,6030,260,29.21
6428,6329,260,18.13
6315,6216,260,20.08
6410,6310,260,12.8
6323,6224,260,12.47
6630,6531,260,10.34
6318,6219,261,12.02
6322,6223,261,6.82
6837,6738,261,19.13
6329,6230,262,83.85
6028,5929,262,37.34
6834,6735,262,18.65
7142,7043,262,15.09
6321,6222,262,9.35
6906,6806,262,6.44
6937,6838,263,7.89
6510,6409,263,7.81
7041,6942,263,14.55
6732,6633,263,7.39
7734,7735,263,0.67
6029,5930,264,22.15
6215,6116,264,19.16
7144,7045,264,14.71
7143,7044,264,14.99
6806,6707,265,48.55
6738,6639,265,36.33
6311,6212,265,27.75
6313,6214,265,19.54
6217,6118,265,14.92
7733,7834,265,2.07
6737,6638,266,21.56
6330,6231,266,16.98
6934,6835,266,7.69
6631,6532,266,7.85
6230,6131,267,33.22
6312,6213,267,18.33
6938,6839,267,7.82
7704,7804,267,0.55
6707,6608,268,69.36
6310,6211,268,17.93
6311,6211,268,11.58
7244,7145,268,15.28
7401,7301,268,3.45
7040,6941,268,7.59
6216,6117,269,17.4
6735,6636,269,21.15
6028,5928,270,8.66
6130,6031,270,12.1
6218,6119,270,9.62
6733,6634,270,7.44
6939,6840,270,7.7
6838,6739,270,22.77
6839,6740,271,39.29
6409,6309,271,13.08
7103,7003,271,6.54
6319,6220,271,7.95
7145,7046,272,40.33
6214,6115,272,20.64
6116,6017,272,18.84
5929,5830,272,15.69
7043,6944,272,14.44
6226,6126,272,5.22
5930,5831,273,15.97
7004,6904,273,6.72
6940,6841,273,7.66
6840,6741,274,40.06
6739,6640,274,37.51
6835,6736,274,18.8
6212,6113,274,16.54
6211,6112,274,25.52
7045,6946,274,14.79
7044,6945,274,14.47
6232,6133,274,10.75
7541,7542,274,2.03
6320,6221,274,7.64
6126,6027,275,63.1
6740,6641,275,39.48
5928,5829,275,29.73
6213,6114,275,18.51
6030,5931,275,9.72
6944,6845,276,41.29
6231,6132,276,15.23
6734,6635,276,7.54
6841,6742,277,40.64
6309,6210,277,26.53
6636,6537,277,19.52
6211,6111,277,12.22
6531,6432,277,8.63
6224,6125,277,8.74
6632,6533,277,6.12
8122,8223,277,2.61
6945,6846,278,42.38
6946,6847,278,42.55
6634,6535,278,19.95
6117,6018,278,16.67
6118,6019,278,11.58
6806,6706,278,6.34
6431,6332,278,7.57
7042,6943,278,7.76
7920,8019,278,1.42
7502,7601,278,0.48
6432,6333,279,78.41
6904,6805,279,27.21
6509,6408,279,6.39
7202,7102,279,3.45
6125,6026,280,55.81
6115,6016,280,19.24
6017,5918,280,18.21
6309,6209,280,11.94
5928,5828,280,10.96
6325,6225,280,2.28
6845,6746,280,42.33
7927,7928,280,0.64
6706,6607,281,61.68
8223,8124,281,35.56
5931,5832,281,27.75
7542,7443,281,20.32
5831,5732,281,19.3
6509,6508,281,4.15
6942,6843,281,7.96
6736,6637,281,21.16
6847,6748,282,41.46
6114,6015,282,20.4
6113,6014,282,17.71
7046,6947,282,14.92
6131,6032,282,9.92
7301,7201,282,7.53
6943,6844,282,40.15
6026,5927,283,61.54
6222,6123,283,6.76
6111,6012,283,24.75
6635,6536,284,19.85
6741,6642,284,14.98
6031,5932,284,10.32
6633,6534,284,6.97
6112,6013,284,15.69
5732,5633,285,42.35
5832,5733,285,37.59
6209,6110,285,32.92
6537,6438,285,17.87
6133,6034,285,13.36
7145,7146,285,5.97
6639,6540,285,7.33
6409,6308,285,6.56
7638,7639,285,2.01
6843,6744,285,41.63
6947,6848,286,43.03
6535,6436,286,18.49
6111,6011,286,12.41
6844,6745,286,42.77
6941,6842,286,7.89
6016,5917,287,20.64
6742,6643,287,14.92
7003,6903,287,6.47
6119,6020,287,8.56
6846,6747,288,15.53
6019,5920,288,14.32
6638,6539,288,6.67
6532,6433,288,6.54
7733,7833,288,1.29
5733,5634,289,46.59
7146,7047,289,39.75
6744,6645,289,39.56
6637,6538,289,19.26
5828,5728,289,11.96
6018,5919,289,13.95
6132,6033,289,11.24
6223,6124,289,5.2
6015,5916,289,20.39
6748,6649,289,22.98
6903,6804,290,48.93
6745,6646,290,39.1
6842,6743,290,41.44
5633,5534,290,30.22
5918,5819,290,14.46
8122,8222,290,1.64
6014,5915,290,18.43
6746,6647,290,14.69
6643,6544,291,38.1
7443,7344,291,15.52
6209,6109,291,9.95
6333,6234,291,12.45
6219,6120,291,4.84
6220,6121,291,7.11
6848,6749,292,24.46
6536,6437,292,18.31
5932,5833,292,18.9
8223,8224,292,7.04
6533,6434,292,9.73
6012,5913,292,15.86
6804,6705,293,47.89
5534,5435,293,62.37
5634,5535,293,36.05
6438,6339,293,18.92
6640,6541,293,7.79
6013,5914,293,16.36
6743,6644,294,40.03
6033,5934,294,34.06
6032,5933,294,11.94
6641,6542,294,7.56
5920,5821,295,20.29
6011,5912,295,16.05
7102,7002,295,6.53
7201,7101,295,7.77
6110,6010,295,10.49
6747,6648,295,22.7
7816,7917,295,0.86
6649,6550,295,25.59
6705,6606,296,52.33
5535,5436,296,62.15
6034,5935,296,13.79
6123,6024,296,11.65
6125,6025,296,5.41
5917,5818,296,17.12
5916,5817,296,22.84
6541,6442,297,37.33
5915,5816,297,20.7
6647,6548,297,22.5
6645,6546,297,18.11
5927,5827,297,7.41
6408,6307,297,7.91
6408,6407,297,5.67
5919,5820,297,20.06
6606,6507,298,74.97
6749,6650,298,24.44
5833,5734,298,24.05
6544,6445,298,21.72
6646,6547,298,18.65
6221,6122,298,6.04
6024,5925,299,51.95
6025,5926,299,58.78
7344,7245,299,19.99
6234,6135,299,18.1
7047,6948,299,14.98
6433,6334,299,12.96
6643,6543,299,8.46
6436,6337,299,10.97
6534,6435,299,10.05
5819,5720,299,17.56
8021,8120,299,1.44
5935,5836,300,44.88
8224,8125,300,20.18
6020,5921,300,11.31
6550,6451,301,9.91
5934,5835,301,9.1
5728,5629,301,4.65
6309,6208,301,9.07
7805,7906,301,0.81
5734,5635,302,22.33
5933,5834,302,8.92
6434,6335,302,3.8
5821,5722,302,11.06
6903,6803,302,15.02
7146,7147,302,6.06
6541,6441,303,17.27
6804,6704,303,15.16
6648,6549,303,9.35
5925,5826,304,21.88
5827,5727,305,16.79
6948,6849,305,22.89
7101,7001,305,16.09
6705,6605,305,13.91
5534,5434,305,12.1
7002,6902,305,15.27
5816,5717,306,10.48
6024,5924,306,14.37
5817,5718,306,8.96
6010,5911,306,8.58
6644,6545,306,6.2
5913,5814,306,6.51
5820,5721,306,11.57
5836,5737,307,22.29
5914,5815,307,6.47
8025,8026,307,0.51
5836,5736,308,13.79
5925,5825,308,13.12
6546,6447,308,9.24
6548,6449,308,9.62
5633,5533,308,6.54
6438,6338,308,5.92
6332,6233,308,2.28
6606,6506,309,9.73
6803,6703,309,14.51
6650,6551,309,9.92
6704,6604,310,14.43
7806,7907,310,0.82
5826,5726,311,15.25
6445,6346,311,9.23
6547,6448,311,9.38
6209,6108,311,7.13
5819,5719,311,6.39
5912,5813,312,6.84
6544,6444,312,6.22
6539,6440,312,4.22
6902,6802,312,15.13
7001,6901,312,16.1
6109,6009,312,6.2
6550,6450,313,6.43
5737,5638,314,21.17
5924,5824,314,14.14
5635,5536,314,11.85
5816,5716,314,6.53
6407,6306,314,9.18
6010,5910,314,6.12
6120,6021,314,6.79
5736,5637,315,20.3
6445,6345,315,6.28
6546,6446,315,6.29
6407,6406,315,6.31
5912,5812,315,5.5
6605,6505,315,10.48
5825,5725,316,13.67
5935,5936,316,5.23
5921,5822,316,9.2
5726,5626,317,17.04
5736,5636,317,11.22
5834,5735,317,9.74
5835,5735,317,6.47
6703,6603,317,13.92
5720,5620,317,5.8
5720,5621,317,7.58
5726,5627,318,22.29
6339,6240,318,4.43
6538,6439,318,3.85
6123,6023,318,3.31
8122,8221,318,2.32
6948,6949,319,5.1
6121,6022,319,3.68
6604,6504,319,12.36
6802,6702,319,14.88
6901,6801,319,15.7
5721,5622,320,10.21
6849,6750,320,9.78
5824,5724,321,14.33
5536,5437,321,20.63
5910,5810,321,14.86
7807,7908,321,0.82
6451,6352,322,6.92
5728,5628,322,3.41
5725,5625,323,14.4
5936,5837,323,22.67
5822,5723,323,22.91
6447,6348,323,9.48
6449,6350,323,9.96
5910,5811,323,15.96
5626,5526,324,16.59
5620,5521,324,20.78
6447,6347,324,6.34
6449,6349,324,6.44
5533,5433,324,6.54
6451,6351,324,4.45
6543,6443,324,4.13
6542,6443,324,4.17
7834,7835,324,1.23
6240,6140,325,16.11
6240,6141,325,22.88
5626,5527,325,18.86
6603,6503,325,13.28
5815,5715,325,5.69
5718,5618,325,5.35
8223,8324,325,3.27
5620,5520,326,11.73
6505,6405,326,9.58
6346,6247,326,9.45
6801,6701,326,15.65
6702,6602,327,14.12
5637,5538,327,11.94
5638,5539,327,11.75
6346,6246,327,6.33
5629,5530,327,5.53
6033,6134,327,4.24
8223,8323,327,2.35
7733,7832,327,1.76
5724,5624,328,14.99
5718,5619,328,6.51
6009,5909,328,6.3
7145,7246,328,2.72
5636,5537,329,11.99
5717,5617,329,4.43
5814,5714,329,4.47
6442,6343,329,4.13
5625,5525,330,15.92
5837,5738,330,22.32
5723,5623,330,15.12
6504,6404,330,9.86
5910,5809,330,8.88
6337,6238,330,4.45
6442,6342,330,3.27
6551,6452,330,6.82
6339,6239,330,3.1
6345,6245,331,6.31
5629,5529,331,3.39
6334,6235,331,3.66
7808,7909,331,0.8
5618,5519,332,20.43
6140,6041,332,22.27
8324,8225,332,21.93
5813,5713,332,5.12
6435,6336,332,3.99
7147,7048,332,4.77
5527,5427,333,13.47
6140,6040,333,13.75
6701,6601,333,15.33
6135,6036,333,3.78
6307,6207,333,2.86
5624,5524,334,16.73
6503,6403,334,12.04
5618,5518,334,11.35
6441,6341,334,3.27
5538,5439,334,20.56
5539,5440,334,20.24
6602,6502,335,13.34
6405,6305,335,12.28
5527,5528,335,10.11
6750,6651,335,9.89
5812,5712,335,5.08
6337,6237,335,2.89
5525,5425,336,17.11
5537,5438,336,20.54
5527,5428,336,14.12
5538,5438,336,11.49
5525,5426,337,22.17
5738,5639,337,20.99
6239,6139,337,15.04
5623,5523,337,16.47
5822,5823,337,4.88
6108,6008,337,3.93
6348,6249,338,9.78
6350,6251,338,9.93
6240,6241,338,5.11
5716,5616,338,4.3
6347,6248,339,9.63
6349,6250,339,10
6348,6248,339,6.4
6350,6250,339,6.43
5519,5419,339,16.51
5519,5420,339,22.76
7146,7247,339,2.86
7542,7543,339,1.24
6207,6107,339,17.21
5427,5327,340,14.39
8324,8325,340,6.69
5524,5424,340,16.83
6601,6501,340,14.5
6404,6304,341,9.11
6247,6148,341,9.8
5810,5710,341,5.18
5936,5937,341,4.07
6335,6236,341,3.65
6305,6205,341,16.95
5518,5418,341,16.28
5621,5522,341,5.9
5425,5325,342,17.16
6246,6147,342,9.66
6247,6147,342,6.4
6023,5923,342,4.27
6305,6206,342,22.42
7809,7910,342,0.8
5528,5429,343,19.36
5427,5328,343,15.31
5425,5326,343,20.41
6246,6146,343,6.38
6352,6253,343,6.97
6021,5922,343,4.93
6444,6344,343,3.25
6502,6402,343,13.11
5811,5711,344,4.89
5810,5711,344,6.16
6440,6340,344,3.23
6403,6303,344,10.01
7703,7803,344,0.57
6452,6353,345,9.6
7835,7736,345,6.81
6352,6252,345,4.47
6351,6252,345,6.99
5327,5227,347,16.51
6245,6145,347,6.35
5809,5709,347,6
5424,5324,347,16.24
5327,5228,348,18.69
6501,6401,348,14.26
8223,8322,348,2.29
5714,5614,349,5.05
5530,5431,349,6.49
5325,5225,349,16.6
5639,5540,350,11.68
5713,5613,350,5.62
5909,5808,350,6.56
5326,5226,350,15.72
5325,5226,350,18.88
6304,6204,350,11.27
5530,5430,351,4.26
5715,5615,351,4
5837,5838,351,3.68
6402,6302,351,12.9
7810,7911,351,0.8
6249,6150,352,10.11
8225,8126,352,7.17
5227,5127,353,17.23
6251,6152,353,9.92
6008,5908,353,6.26
5712,5612,353,5.64
6134,6035,353,5.46
6949,6850,353,4.25
6135,6035,353,1.91
7805,7905,353,0.57
5227,5128,354,20.77
5324,5224,354,16.37
6248,6149,354,9.96
5709,5609,354,15.59
6250,6151,354,10.08
6249,6149,354,6.47
6251,6151,354,6.43
5524,5423,354,7.36
7816,7916,354,0.54
6207,6106,355,6.57
5808,5708,356,16.79
5225,5125,356,16.16
6401,6301,356,14.26
6148,6049,356,10.03
5709,5610,356,17.06
6651,6552,356,6.94
6303,6203,356,9
6204,6104,357,15.94
6204,6105,357,22.9
5225,5126,357,18.02
6147,6048,357,9.82
6148,6048,357,6.45
5419,5319,357,5.66
6141,6042,357,4.44
5430,5330,358,16.51
5430,5331,358,22.76
5540,5441,358,20.19
6146,6047,358,9.72
6147,6047,358,6.41
6253,6154,358,9.92
5424,5323,358,8
7639,7640,358,1.23
7811,7912,358,0.8
6146,6046,359,6.39
6344,6244,359,6.3
6253,6153,359,6.43
5224,5124,360,17.19
6302,6202,360,11.22
5419,5320,360,6.87
7247,7148,360,6.87
6343,6243,360,3.23
5521,5422,360,3.96
6948,7049,361,7.32
8324,8424,362,14.4
8222,8321,362,20.59
7812,7913,362,1.92
8325,8226,363,0.42
8324,8423,363,24.38
5808,5907,364,28.07
5738,5739,364,3.76
7602,7701,364,6.64
5124,5223,365,30.11
7911,8011,366,14.6
7910,8010,366,14.51
8324,8425,366,5.32
7813,7914,366,1.91
7912,8012,367,14.47
6301,6201,367,6.58
5540,5640,367,14.59
7910,8009,367,18.7
6342,6242,367,0.36
7815,7915,368,4.03
7703,7802,368,6.34
5808,5807,369,6.62
7918,8018,369,3.93
7805,7904,369,6.39
5422,5421,373,8.11
5330,5329,373,7.63
8020,8119,373,5.66
8010,8110,374,14.17
7702,7801,374,6.35
8010,8109,375,17.45
5440,5541,375,7.26
5640,5740,375,13.19
8121,8220,375,6.05
7732,7831,375,8.19
5837,5938,376,5.3
7906,8006,376,4.36
7917,8017,376,4.12
7344,7345,376,0.51
7928,8027,376,8.19
7804,7903,376,6.07
7830,7929,376,8.19
7543,7642,377,8.19
5738,5839,377,6.3
7832,7931,377,8.19
5936,6037,377,3.86
7907,8007,377,4.38
5908,6007,378,7.65
6204,6103,378,5.7
5418,5517,378,7.46
7906,8005,378,6.38
5518,5517,378,2.52
5124,5123,378,5.63
7912,8013,379,7.56
6145,6045,379,0.93
7908,8008,379,4.33
7917,8016,380,5.44
6037,6136,382,34.73
6042,6142,382,4.58
5709,5608,382,1.45
7803,7902,382,6.07
8322,8422,382,4.26
8221,8320,382,5.61
8120,8219,382,5.05
8019,8118,382,4.79
7638,7738,382,2.32
7541,7641,382,2.27
5907,6006,383,7.82
7905,8004,383,6.07
6850,6950,383,4.34
8322,8421,383,5.93
8010,8111,384,7.93
7916,8015,384,5.8
5540,5641,384,5.64
6154,6254,384,4.27
5808,5707,384,2.81
5223,5322,384,7.61
8009,8108,385,8.1
5430,5531,385,4.9
6239,6138,385,1.5
7638,7737,385,3.91
6140,6039,386,1.57
6750,6751,386,1.11
5839,5939,387,10.17
5938,6038,387,9.79
6201,6101,387,5.1
8423,8523,387,4.3
8423,8522,387,6.11
8321,8420,387,5.81
6103,6102,388,10.78
5807,5906,388,7.58
7834,7934,388,2.27
7834,7933,389,3.67
7830,7930,389,2.86
7914,8014,390,4.25
5320,5321,390,3.43
5330,5230,390,2.3
7928,8028,390,2.94
6037,6137,391,7.29
7802,7901,391,6.26
8012,8112,391,4.21
7639,7739,391,2.3
7833,7932,391,3.77
8110,8209,392,7.91
5518,5417,392,0.95
8109,8208,393,8.07
7904,8003,393,6.12
5320,5219,393,4.31
6145,6144,393,2.75
7543,7643,393,2.99
7344,7444,393,2.27
8018,8117,394,5.73
5320,5220,394,2.99
7931,8030,395,8.19
6103,6003,396,5.7
5123,5222,397,7.72
5740,5840,397,4.64
5530,5630,397,2.4
6103,6002,398,7.27
8110,8210,398,4.33
8119,8218,398,5.83
7247,7346,398,3.6
8112,8212,399,13.65
7903,8002,399,6.41
7049,7149,399,2.69
5612,5611,399,2.46
7835,7935,399,2.27
8112,8211,400,16.09
7738,7837,400,8.18
7641,7740,400,8.17
8017,8116,400,6.06
8006,8106,400,4.27
8006,8105,400,5.97
8220,8319,400,5.89
5330,5229,400,3.39
5707,5806,401,8.69
8007,8107,401,4.3
7247,7347,401,2.25
8425,8524,401,4.15
8005,8104,402,6
7736,7836,402,2.37
6452,6453,402,1.07
5640,5741,402,4.15
8013,8113,403,4.17
6552,6652,403,2.31
7902,8001,404,6.55
8016,8115,404,5.96
8118,8217,405,6.17
8219,8318,405,6.25
6103,6004,405,5.42
7148,7248,405,2.24
5330,5231,405,2.14
8320,8419,405,6.26
8004,8103,406,6.2
7930,8029,407,8.19
6950,7050,407,4.3
8421,8521,407,4.26
8421,8520,407,5.95
8027,8127,407,3.3
6002,6001,408,10.78
5222,5221,408,9.21
8112,8213,408,8.36
6254,6354,408,4.25
5840,5940,408,9.84
7739,7838,409,8.19
8108,8207,409,6.02
8015,8114,409,5.82
5517,5516,409,3.28
6751,6851,409,4.39
8425,8525,409,2.37
8226,8326,410,2.17
5219,5318,411,7.95
8522,8622,411,4.24
8523,8623,411,4.21
8420,8519,411,6.08
6006,6005,411,3.59
7248,7348,412,14.73
8522,8621,412,5.88
8030,8129,413,8.19
7931,8031,413,2.84
6152,6052,414,1.03
7642,7741,415,3.82
8003,8102,415,6.52
6002,5902,416,5.7
8209,8309,416,4.3
8209,8308,416,6.11
6045,6044,416,2.75
8210,8309,416,8.07
8208,8307,417,5.95
7740,7839,418,8.19
6002,5901,418,7.28
6151,6051,418,1.06
8117,8216,419,5.86
5806,5905,420,7.85
8002,8101,421,3.35
5707,5706,421,9.3
5608,5607,421,14.48
6041,5942,421,0.5
5124,5023,421,7.75
5230,5129,422,12.69
7642,7742,422,0.71
8028,8128,422,0.78
5222,5121,423,12.61
5230,5130,423,6.73
7345,7445,423,0.71
8218,8317,424,3.35
6041,5941,424,0.81
5124,5024,424,2.51
6002,5903,425,5.33
5222,5122,425,6.23
6144,6143,425,5.71
5417,5416,425,19.81
5123,5122,425,15.54
5318,5317,426,16.39
5806,5805,426,8.55
6049,5949,426,2.21
5613,5513,426,1.14
5614,5514,426,0.96
5516,5515,427,14.56
8319,8418,427,3.35
5121,5120,428,24.6
5221,5120,428,12.65
8105,8204,428,3.35
8106,8205,428,3.35
5219,5218,428,11.02
8212,8311,428,3.35
6452,6553,428,1.02
5023,5022,429,14.06
7248,7349,429,4.3
8212,8312,429,1.65
5607,5606,430,11.96
7248,7249,430,3.84
8104,8203,430,3.34
5741,5841,430,1.88
8107,8206,430,3.35
8116,8215,430,3.33
8106,8206,430,1.62
8211,8310,430,3.35
6048,5948,430,1.98
5513,5512,431,20.79
6051,6050,431,9.37
5905,5904,432,8.67
8621,8620,432,6.62
7934,8033,432,1.67
5022,5021,433,27.22
5706,5705,433,8.63
8519,8518,433,5.77
5441,5542,433,1.66
6152,6053,434,1.04
7933,8032,434,1.68
5121,5020,435,11.93
5901,5801,435,6.25
8307,8306,435,6.34
5230,5131,435,4.53
6048,5947,435,3.44
6154,6054,435,1.68
5218,5217,436,13.01
8103,8202,436,3.34
5441,5442,436,1.53
6047,5946,436,3.57
5128,5028,436,3.96
8115,8214,437,3.31
6044,6043,437,5.4
8217,8316,438,3.34
8318,8417,438,3.34
5612,5511,439,3.55
6850,6951,440,1.13
7349,7448,441,11.95
5606,5605,441,9.89
8520,8619,441,3.35
8310,8409,442,11.86
5022,4921,442,11.21
5128,5027,442,4.79
5805,5804,443,6.05
5609,5508,443,3.36
6154,6255,443,1.06
5705,5704,444,9.15
5317,5316,444,5.81
5416,5415,444,5.36
7349,7449,445,6.46
6045,5944,445,3.59
6049,5950,445,1.69
8622,8721,446,3.35
7448,7447,447,19.81
8310,8410,447,6.17
6054,5953,447,12.64
8623,8722,447,3.35
5131,5030,447,12.32
8409,8408,448,17.82
5946,5945,448,8.83
8621,8720,448,3.34
8519,8618,448,3.34
7050,7150,448,1.6
5131,5031,448,7.83
6154,6155,448,0.94
6054,5954,449,7.17
5511,5510,449,10.87
5128,5029,449,3.37
5415,5414,450,18.27
8306,8305,450,6.81
5508,5507,450,15.75
8202,8201,451,6.67
5542,5642,451,5.79
8518,8517,451,5.74
8213,8313,451,1.62
5609,5509,451,1.1
5605,5604,452,9.29
5022,4922,452,4.44
6354,6454,452,1.53
8030,8130,452,0.74
7444,7544,452,0.64
5414,5413,453,34.11
5953,5952,453,18.5
7448,7547,453,11.89
5901,5802,453,4.11
8409,8508,454,11.99
5027,5026,454,8.4
7349,7350,455,3.99
5131,5132,455,5.08
5804,5803,456,8.16
8308,8407,456,3.35
5413,5412,457,31.11
7449,7548,457,11.87
8409,8509,457,6.9
8417,8416,457,5.35
5217,5216,457,4.94
8623,8723,457,1.67
7935,8034,457,1.67
5507,5506,457,15.19
8316,8315,457,5.42
6054,6055,458,4.37
8307,8406,458,3.35
5953,5852,459,12.68
8129,8228,459,2.19
6044,5943,459,3.53
5124,5025,459,1.48
5031,4930,460,12.28
5704,5703,460,6.5
7349,7250,460,4.57
5131,5032,460,5.69
5954,5853,461,12.64
5031,4931,461,7.88
7349,7450,461,4.47
5120,5119,461,3.07
5029,4928,461,12.1
5131,5232,461,5.58
7837,7936,461,1.67
5604,5603,462,10.74
7449,7549,462,6.2
5316,5315,462,5.58
5442,5443,462,3.99
5542,5543,462,3.45
5029,4929,462,8.07
5954,5854,463,7.17
5952,5951,464,9.84
5412,5411,464,15.99
5020,5019,464,3.51
5947,5846,464,4.91
8410,8510,464,6.23
8310,8411,464,4.21
6054,5955,464,4.96
5506,5505,465,13.08
8305,8304,465,7.01
8618,8617,465,5.94
5948,5847,465,4.11
7347,7446,465,1.66
8720,8719,466,5.79
5949,5848,466,3.57
5315,5314,468,17
4928,4927,468,16.19
8508,8507,469,6.72
5603,5602,470,13.76
5852,5851,470,9.65
5642,5742,470,5.51
5542,5643,470,3.89
8517,8516,470,5.53
5950,5850,471,3.92
4921,4920,471,3.52
8204,8303,471,3.34
5314,5313,472,27.22
8406,8405,472,7.24
5703,5702,472,8.84
4930,4829,472,12.36
5853,5752,473,12.57
4931,4830,473,12.41
4928,4827,473,12.4
5032,4932,473,8.17
5411,5410,473,11.91
5031,4932,473,5.76
8203,8302,473,3.34
4930,4830,473,7.78
8215,8314,473,3.32
5132,5133,473,5.56
7549,7648,474,11.86
4931,4831,474,7.7
4928,4828,474,7.72
6055,6056,474,6.58
5950,5849,474,4.92
4929,4828,474,12.37
8525,8624,474,1.71
5505,5504,475,10.96
5313,5312,475,43.42
5854,5753,475,12.44
5853,5753,475,7.39
7643,7743,475,0.71
8510,8609,476,11.99
8416,8415,476,5.53
5955,5855,476,8.37
5216,5215,477,5.19
6055,5956,478,7.11
7547,7546,478,4.05
5132,5033,478,6.17
5942,5842,478,1.78
5752,5751,479,17.19
4920,4919,479,12.69
8510,8610,479,6.75
7549,7649,479,6.16
5312,5311,479,25.8
6055,6156,479,7.02
7449,7550,479,4.24
8202,8301,479,3.34
5132,5233,479,6.06
6751,6752,479,1.06
