8163,8262,7,17.96
8163,8162,7,13.75
8162,8261,15,17.94
8162,8161,15,13.74
8262,8361,15,17.9
8262,8261,15,13.72
8161,8260,23,17.93
8161,8160,23,13.74
8261,8360,23,17.9
8261,8260,23,13.72
8361,8460,23,17.91
8361,8360,23,13.73
8160,8259,31,17.93
8160,8159,31,13.74
8260,8359,31,17.95
8260,8259,31,13.75
8360,8459,31,17.98
8360,8359,31,13.76
8460,8559,31,17.95
8460,8459,31,13.75
8163,8263,31,3.13
8259,8358,39,17.97
8259,8258,39,13.76
8359,8458,39,17.95
8359,8358,39,13.75
8459,8558,39,17.9
8459,8458,39,13.72
8559,8658,39,17.85
8559,8558,39,13.7
8159,8258,39,17.99
8159,8158,39,13.77
8263,8362,39,17.95
8262,8362,39,3.14
8158,8257,43,36.88
8158,8157,43,28.94
8157,8256,47,36
8157,8156,47,27.78
8257,8356,47,36.18
8257,8256,47,28.01
8358,8457,47,17.95
8358,8357,47,13.75
8458,8557,47,17.95
8458,8457,47,13.75
8558,8657,47,17.97
8558,8557,47,13.76
8658,8757,47,18.05
8658,8657,47,13.8
8258,8357,47,18
8362,8461,47,17.91
8361,8461,47,3.14
8156,8155,51,26.72
8356,8355,51,26.09
8163,8062,51,2.78
8356,8455,52,34.57
8155,8254,55,37.73
8155,8154,55,30.22
8355,8454,55,36.42
8355,8354,55,28.32
8457,8556,55,17.99
8457,8456,55,13.77
8557,8656,55,17.95
8557,8556,55,13.75
8657,8756,55,17.95
8657,8656,55,13.75
8757,8856,55,18.07
8757,8756,55,13.81
8357,8456,55,18.19
8460,8560,55,3.13
8455,8554,57,35
8354,8353,59,30.82
8454,8553,59,37.17
8456,8555,59,36.17
8062,8061,59,13.77
8162,8061,59,2.78
8158,8057,61,14.29
8254,8253,62,20.7
8656,8655,62,27
8756,8755,62,27.88
8154,8153,62,20.29
8057,8056,63,63.14
8554,8653,63,14.96
8353,8352,64,24.13
8061,8060,64,26.64
8161,8060,64,5.07
8553,8552,65,20.88
8856,8855,65,20.01
8155,8054,65,16.04
8559,8659,65,2.12
8263,8363,65,2.12
8655,8654,66,28.35
8755,8754,66,28.08
8552,8551,67,61.02
8653,8652,67,30.37
8253,8252,67,23.9
8153,8152,67,24.4
8158,8058,67,5.47
8352,8351,68,27.43
8060,8059,68,26.47
8160,8059,68,5.07
8551,8550,69,56.14
8855,8854,69,27.64
8754,8753,70,27.18
8054,8053,70,21
8252,8251,71,26.62
8652,8651,71,29.08
8152,8151,71,26.61
8163,8063,71,1.87
8351,8350,72,28.24
8057,7956,72,13.03
8651,8650,73,66.29
8854,8853,73,26.7
8753,8752,74,27.02
8251,8250,75,27.08
8151,8150,75,26.54
8053,8052,75,24.51
8550,8549,75,17.79
8350,8349,76,26.28
8552,8451,76,13.69
8853,8852,77,26.61
8551,8450,77,15.31
8658,8758,77,2.11
8362,8462,77,2.13
8752,8751,78,26.87
8650,8649,78,21.13
8250,8249,79,27.41
8150,8149,79,27.1
8052,8051,79,26.33
8353,8452,79,6.58
8649,8648,80,55.4
8349,8348,80,26.18
8549,8548,80,22.19
8651,8750,80,15.87
8852,8851,81,26.99
8450,8449,82,23.91
8057,7957,82,4.85
8750,8749,83,33.6
8249,8248,83,26.95
8149,8148,83,27.07
8051,8050,83,26.52
8348,8347,84,26.99
8548,8547,84,25.14
8062,7961,84,5.07
8749,8748,85,71.68
8851,8850,85,27.67
8648,8647,85,24.35
8248,8247,87,26.78
8148,8147,87,26.85
8050,8049,87,26.95
8449,8448,87,23.6
8855,8954,87,6.62
8347,8346,88,26.97
7961,7960,88,26.66
8547,8546,88,29.25
8061,7960,88,5.07
8748,8747,89,26.17
8850,8849,89,30.56
8647,8646,89,28.12
8757,8857,89,2.12
8849,8848,91,73.58
8247,8246,91,26.86
8147,8146,91,26.82
8049,8048,91,27.05
8448,8447,91,26.91
8954,8953,91,26.64
8854,8953,91,6.61
8346,8345,92,27.08
7960,7959,92,26.54
8546,8545,92,30.11
8060,7959,92,5.07
8747,8746,93,25.54
8646,8645,93,30.84
8054,7953,93,5.1
8146,8145,95,27.23
8246,8245,95,27.23
8048,8047,95,27
8447,8446,95,27.88
8953,8952,95,26.88
8853,8952,95,6.61
8345,8344,96,28.29
7959,7958,96,26.84
8545,8544,96,30.37
8848,8847,96,21.01
8059,7958,96,5.07
8746,8745,97,28.44
8645,8644,98,20.6
7953,7952,98,24.7
8053,7952,98,5.08
8163,8164,98,1.03
8245,8244,99,27.45
8047,8046,99,26.97
8446,8445,99,28.06
8952,8951,99,27.04
8852,8951,99,6.62
8063,7962,99,5.07
8344,8343,100,29.78
8847,8846,100,26.45
8849,8948,100,13.74
8560,8660,100,2.13
8745,8744,101,27.63
8544,8543,101,21.02
8145,8144,101,19.41
8948,8947,102,69.24
8644,8643,102,28.21
7952,7951,102,26.19
8244,8243,103,27.75
8046,8045,103,27.24
8445,8444,103,29.35
8951,8950,103,27.81
8851,8950,103,6.62
8343,8342,104,29.28
8846,8845,104,25.74
8744,8743,105,27.03
8144,8143,105,27.08
7951,7950,106,26.58
8543,8542,106,20.66
8163,8264,106,1.24
8243,8242,107,28.14
8045,8044,107,27.32
8444,8443,107,30.88
8950,8949,107,29.82
8850,8949,107,6.65
8342,8341,108,28.59
8845,8844,108,26.45
8947,8946,108,19.62
8643,8642,108,19.61
8743,8742,109,27.42
8143,8142,109,27.05
8954,9053,109,6.61
7950,7949,110,26.84
8948,9047,110,14.96
8242,8241,111,28.19
8542,8541,111,20.14
8857,8956,111,6.62
7957,7856,111,5.04
8341,8340,112,29.89
8844,8843,112,26.85
8642,8641,112,27.64
8443,8442,112,21.13
7961,7860,112,5.07
8742,8741,113,26.99
8142,8141,113,27.77
9053,9052,113,27.84
8946,8945,113,24.76
8044,8043,113,19.17
8953,9052,113,6.62
8855,8955,113,2.11
8659,8759,113,2.12
8363,8463,113,2.12
7949,7948,114,26.88
8241,8240,115,28.67
8340,8339,116,31.04
8843,8842,116,27.92
8641,8640,116,26.84
8442,8441,116,29.21
7860,7859,116,26.66
9047,9046,116,19.57
7960,7859,116,5.07
8741,8740,117,26.7
8141,8140,117,28.06
8945,8944,117,25.19
8043,8042,117,26.97
9052,9051,117,28.73
8541,8540,117,19.42
8952,9051,117,6.62
8054,7954,117,1.96
7948,7947,118,26.93
8240,8239,119,30.12
8842,8841,120,26.88
8640,8639,120,26.61
7859,7858,120,26.66
7959,7858,120,5.07
9046,9045,121,6.53
8948,9048,121,17.06
8951,9050,121,10.57
8140,8139,122,7.17
7953,7852,122,3.04
8944,8943,123,6.8
8042,8041,123,6.91
8540,8539,123,6.82
8950,9049,123,11.6
8758,8858,123,4.59
8341,8440,125,13.09
8462,8561,125,12.49
8063,7963,125,1.82
8339,8338,126,2.92
8047,7946,126,2.96
8340,8439,127,13.59
9053,9152,127,10.56
7958,7857,127,2.9
8954,9054,127,4.62
8740,8739,128,5.94
8857,8957,128,4.59
8163,8064,128,1.51
9052,9151,129,11.32
8843,8942,129,10.27
8239,8238,130,7.42
8741,8840,130,9.91
8956,9055,130,12.76
9047,9146,130,12.7
8740,8839,131,12.45
8339,8438,131,12.92
8463,8562,131,12.65
8945,9044,131,9.39
7952,7851,131,2.98
8842,8941,132,9.89
7962,7861,132,3
8046,7945,132,2.95
8263,8364,132,2.33
9050,9149,133,12.49
8944,9043,133,10
9046,9145,133,9
8660,8760,133,4.63
9048,9147,134,11.6
9049,9148,135,12.21
8841,8940,135,9.73
8639,8738,135,9.73
8639,8638,135,6.73
8139,8138,136,7.28
9045,9144,136,9.61
8338,8437,137,12.91
8943,9042,137,10.19
9053,9153,137,4.59
7951,7850,137,2.98
9152,9251,138,13.97
8041,8040,138,6.96
8539,8538,138,6.72
9051,9150,139,7.1
8045,7944,139,2.95
9151,9250,140,13.84
8238,8337,142,12.66
8957,9056,142,10.58
8839,8938,143,12.58
8739,8838,143,9.8
8238,8237,144,7.31
8942,9041,144,10.04
7950,7849,144,2.95
8840,8939,145,9.93
9055,9154,145,10
9146,9245,145,9.49
8858,8958,145,4.59
9044,9143,145,10.26
8560,8661,145,2.43
9149,9248,146,11.69
8438,8537,146,10
8941,9040,147,10
7953,7853,147,1.86
9043,9142,147,10.28
9145,9244,147,10.38
9153,9252,148,12.96
9148,9247,148,11.57
9147,9246,148,10.36
8760,8859,148,10.04
8940,9039,149,10.34
9150,9249,150,13.17
9251,9350,150,12.01
8138,8137,150,7.32
9144,9243,150,10.82
8638,8737,150,9.53
8638,8637,150,6.68
8738,8837,150,9.82
8738,8737,150,6.76
8957,9057,150,4.59
9042,9141,151,10.58
7949,7848,151,2.95
8437,8536,152,9.85
8437,8436,152,6.76
9055,9155,152,4.61
8363,8464,152,2.32
9250,9349,153,11.05
8040,8039,153,7.05
8562,8662,153,4.63
7944,7943,154,6.97
8463,8563,154,2.87
7860,7759,154,2.99
7962,7862,154,1.82
8760,8860,155,4.61
8043,7942,156,2.96
8237,8336,157,11.39
8838,8937,157,10.38
8337,8336,157,6.89
8938,9037,157,10.45
9248,9347,158,12.74
9154,9253,158,11.18
9245,9344,158,11.33
9041,9140,158,10.55
8939,9038,158,11.08
7948,7847,158,2.93
9252,9351,159,13.36
9143,9242,159,10.69
8237,8236,159,7.09
9039,9138,160,12.93
9040,9139,160,11.01
9142,9241,160,11.17
9247,9346,161,11.46
9244,9343,161,10.69
8537,8636,161,9.7
7859,7758,161,2.99
9246,9345,162,10.44
8042,7941,163,2.97
9141,9240,164,11.2
8137,8136,164,7.17
9057,9156,164,10.27
9243,9342,164,10.81
8737,8836,164,10.42
8837,8936,164,10.65
9056,9156,164,4.6
9350,9449,165,10
8637,8736,165,9.86
8737,8736,165,6.89
9349,9448,166,11.34
9155,9254,166,10.67
7947,7846,166,2.92
8860,8959,167,12.67
8039,8038,167,7.21
8436,8535,167,9.86
8436,8435,167,6.76
8536,8635,167,9.93
8536,8535,167,6.78
8958,9058,167,4.6
8661,8761,167,4.65
9349,9348,168,7.08
7860,7760,168,1.81
8164,8165,168,1.62
9253,9352,169,13.39
8236,8335,170,12.9
7852,7751,170,3
7858,7757,170,2.88
7954,7854,170,1.92
8164,8265,170,2.32
9347,9446,171,10.94
9344,9443,171,10.92
9140,9239,171,11.28
9242,9341,172,11.47
8937,9036,172,9.8
9350,9450,172,4.61
9057,9157,172,4.6
8041,7940,172,2.94
9241,9340,173,11.59
9038,9137,173,9.98
9037,9136,173,9.28
9343,9442,174,11.25
9139,9238,174,10.53
9155,9255,174,4.58
8464,8564,174,4.6
8264,8365,174,2.34
9240,9339,175,12.9
9345,9444,175,11.26
8636,8735,175,10.12
8662,8762,175,4.64
7946,7845,175,2.92
9346,9445,175,10.3
9138,9237,176,9.43
9448,9547,177,13.18
9449,9548,177,12.55
8136,8235,177,11.14
9342,9441,177,11.25
8063,7964,177,1.5
7760,7659,178,14.2
9254,9353,178,12.39
8836,8935,178,10.42
7852,7752,178,1.82
7760,7660,179,9.26
9348,9447,179,13.56
8736,8835,179,10.48
8136,8135,179,7.05
8836,8835,179,6.89
8936,9035,179,9.8
7851,7750,179,2.99
7857,7756,179,2.74
7760,7761,181,26.4
7945,7844,181,2.32
7963,7863,181,4.43
7760,7661,182,31.49
9351,9451,182,1.87
8038,8037,183,1.87
8064,8065,183,7.12
8164,8065,183,10.07
7761,7762,185,26.42
7660,7560,185,19.74
7660,7561,185,31.08
7659,7559,185,19.78
7659,7560,185,30.81
7661,7662,186,26.36
7761,7662,186,31.54
7659,7658,186,9.24
7852,7753,186,10.06
7963,7864,186,9.98
7661,7562,187,31.4
8635,8734,187,1.5
7850,7749,187,2.28
8064,7965,187,10.01
8435,8534,188,1.49
8435,8434,188,1.58
8535,8634,188,1.49
8535,8534,188,1.59
8635,8634,188,1.6
8662,8663,188,7.37
8464,8465,188,7.07
8562,8663,188,3.02
7762,7763,189,26.04
7853,7754,189,10.46
8040,7939,189,2.37
7662,7663,190,25.7
7762,7663,190,30.61
7561,7462,190,31.22
7659,7558,190,12.2
7944,7843,190,2.31
7562,7563,191,25.48
7662,7563,191,29.84
7561,7461,191,19.73
7559,7459,191,19.94
7559,7460,191,27.32
7848,7748,191,4.44
8760,8861,191,3.08
7562,7463,192,29.39
7756,7657,192,11.92
8959,8960,192,7.03
9058,9059,192,7.06
7941,7842,192,9.79
8265,8166,192,11.98
8165,8166,192,7.13
7763,7764,193,25.89
8135,8036,193,11.75
8762,8763,193,7.42
8365,8266,193,10.47
8365,8366,193,7.25
8564,8565,193,7.06
9157,9158,193,7.01
7751,7652,193,10.06
8165,8066,193,10.02
7663,7664,194,25.72
7763,7664,194,30.28
7752,7653,194,10.08
7964,7865,194,9.88
7940,7841,194,9.66
7846,7747,194,9.2
7847,7747,194,4.45
7563,7564,195,25.67
7663,7564,195,29.9
7462,7363,195,29.14
7750,7651,195,9.77
9353,9354,195,6.68
7845,7746,195,9.52
9449,9549,195,2.2
7463,7464,196,25.7
7563,7464,196,29.78
7459,7360,196,29.34
7462,7362,196,19.92
7559,7458,196,13.57
7844,7745,196,9.52
7764,7765,197,26.1
7463,7364,197,29.84
7459,7359,197,19.91
9451,9452,197,7.07
7664,7665,198,26.18
7764,7665,198,30.75
8065,7966,198,9.89
8038,7938,198,4.52
7564,7565,199,26.18
7664,7565,199,30.94
7464,7465,200,26.18
7564,7465,200,30.94
7753,7654,200,10.2
7940,7840,200,4.45
8335,8334,200,1.61
7364,7365,201,26.18
7464,7365,201,30.94
7665,7666,202,26.4
7364,7265,202,30.94
7359,7260,202,33.12
7462,7361,202,12.86
7965,7866,202,9.73
7749,7650,202,9.76
8465,8466,202,7.16
9255,9256,202,4.4
7565,7566,203,26.48
7665,7566,203,31.49
7364,7264,203,19.76
7359,7259,203,19.39
7459,7358,203,12.78
7843,7744,203,11.67
7465,7466,204,26.65
7565,7466,204,31.69
7365,7366,205,26.66
7465,7366,205,32.17
8763,8664,205,11.99
7842,7743,205,11.7
8861,8862,205,7.27
8663,8664,205,5.98
9341,9440,205,1.54
7666,7667,206,26.58
7365,7266,206,32.19
7748,7649,206,9.94
8037,7937,206,4.51
8135,8035,206,3.85
9443,9542,206,1.55
7566,7567,207,26.63
7666,7567,207,31.97
8266,8167,207,10.15
8266,8267,207,7.16
9059,9060,207,7.09
8166,8067,207,9.96
8166,8167,207,7.11
8366,8267,207,10.48
8366,8367,207,7.26
7466,7467,208,26.58
7566,7467,208,32.1
7665,7766,208,15.25
7360,7261,208,11.92
8565,8566,208,7.13
9158,9159,208,6.98
8066,7967,208,9.94
7652,7553,208,9.97
7653,7554,208,10.14
7366,7367,209,26.23
7466,7367,209,31.97
7364,7263,209,12.15
7362,7263,209,11.69
7745,7646,209,11.76
7841,7742,209,9.55
7747,7648,209,9.67
8960,8961,209,6.24
7667,7668,210,26.77
7366,7267,210,31.06
7651,7552,210,9.83
7567,7568,211,26.43
7667,7568,211,32.5
7746,7647,211,9.31
9354,9355,211,6.57
8763,8764,211,5.79
7756,7656,211,3.23
7467,7468,212,25.49
7766,7767,212,26.42
7567,7468,212,31.57
7666,7767,212,15.08
9452,9453,212,6.95
7939,7839,212,4.48
9443,9543,212,1.9
7467,7368,213,29.4
7966,7867,213,9.87
9549,9550,213,5.73
9449,9550,213,3.42
7668,7669,214,25.08
7265,7166,214,11.89
7260,7161,214,11.95
9136,9135,214,1.57
9157,9257,214,1.9
7668,7569,215,28.57
7367,7268,215,27.1
7264,7165,215,11.89
7361,7262,215,11.54
7840,7741,215,9.67
7657,7557,215,4.51
9239,9338,215,1.49
9446,9546,215,1.73
7767,7768,216,26.53
7667,7768,216,14.89
7259,7160,216,11.42
8036,7936,216,4.49
8466,8467,216,7.25
7568,7469,217,25.77
7656,7556,217,19.33
7650,7551,217,9.62
9446,9545,217,1.39
7161,7162,218,25.32
9136,9236,218,1.82
7161,7062,219,29.06
7668,7769,219,16.16
7266,7167,219,11.73
8862,8863,219,7.36
7744,7645,219,9.37
9443,9544,219,3.14
8367,8268,219,12
7268,7269,220,22.59
8664,8665,220,7.12
9548,9648,220,2.18
9548,9649,220,3.4
9157,9258,220,3.14
7268,7168,221,19.63
7268,7169,221,24.33
9060,9061,221,7.2
7649,7550,221,9.75
7743,7644,221,9.35
7938,7838,221,4.5
7767,7868,222,15.13
7263,7164,222,11.74
8167,8068,222,9.91
8167,8168,222,7.09
8067,7968,222,9.9
8067,8068,222,7.09
8267,8168,222,10
9353,9454,222,3.28
8961,8962,223,7.24
9159,9160,223,7.08
8334,8234,223,4.43
7840,7740,223,4.45
9339,9439,223,1.8
7269,7270,224,25.81
7268,7369,224,17.06
7648,7549,224,9.86
7269,7170,225,30.09
7646,7547,225,9.38
7742,7643,225,9.17
9441,9541,225,1.93
7160,7059,226,14.57
7647,7548,226,9.58
8566,8567,226,5.73
9237,9337,226,1.8
9255,9356,226,2.89
8367,8368,226,5.55
7569,7470,227,11.96
7669,7570,227,11.35
7669,7670,227,7.9
8764,8765,227,6.31
9547,9647,227,1.85
9450,9551,227,2.74
7270,7171,228,41.04
7270,7271,228,27.84
7262,7163,228,11.56
7741,7642,228,11.71
9451,9552,228,3.12
7369,7370,229,25
7549,7450,229,31.57
7937,7837,229,4.51
8035,7935,229,4.48
7549,7449,230,19.67
7162,7063,230,11.97
8467,8468,230,7.31
9136,9235,230,1.48
7470,7471,231,26.52
8268,8169,231,11.96
7470,7371,232,31.82
7059,6959,232,19.69
7062,6963,232,11.57
7646,7546,232,4.47
7063,7064,234,25.82
8665,8666,234,7.16
7769,7770,234,6.78
9549,9650,234,3.63
7471,7372,235,38.19
7471,7472,235,27.92
7063,6964,235,30.11
9061,9062,235,7.24
9258,9259,235,6.85
7839,7739,235,4.46
7059,6958,236,14.55
7549,7448,236,11.9
7740,7641,236,11.71
7550,7451,236,9.62
8268,8269,236,6.13
8935,8934,236,1.56
7470,7571,237,15.13
9160,9161,237,7.2
7868,7869,237,7
8068,7969,237,9.91
8068,8069,237,7.09
7968,7869,237,9.64
7968,7969,237,7.01
8168,8069,237,10.01
7644,7545,237,9.28
8863,8864,237,5.69
6963,6863,238,19.64
6963,6864,238,24.4
9354,9455,238,3.33
7936,7836,239,4.5
6958,6859,240,36.15
6964,6865,240,28.34
6964,6965,240,24.96
7064,6965,240,26.09
7643,7544,240,9.45
9035,9034,240,1.57
8835,8834,240,1.58
7451,7352,241,5.65
8434,8433,241,20.07
8534,8533,241,20.23
8634,8633,241,20.23
8734,8733,241,19.99
9339,9438,241,5.42
6863,6862,242,44.52
7448,7447,242,47.67
6958,6957,242,42.56
6963,6862,242,18.4
7449,7348,242,21.24
8334,8333,242,20.17
8135,8134,242,18.86
6958,6858,243,10.28
9135,9134,243,20.23
8035,8034,243,20.85
9441,9540,243,5.41
9237,9336,243,5.42
7935,7934,244,20.73
9547,9646,244,5.42
9034,9033,245,20.23
7836,7835,245,21.49
7448,7347,245,21.34
7641,7640,245,19.2
6958,6857,245,22.72
8934,8933,245,19.81
7739,7738,245,18.78
9235,9234,245,19.94
8234,8233,245,18.53
9452,9553,245,1.25
6862,6861,246,26.85
7544,7543,246,18.68
8834,8833,246,19.67
6863,6762,246,22.25
6958,7057,246,20.93
6957,6956,247,20.92
8633,8632,247,19.69
8433,8432,247,19.77
8733,8732,247,19.65
9438,9437,247,19.76
6864,6763,247,17.76
6863,6763,247,9.68
8533,8532,247,19.66
8765,8766,247,1.1
9540,9539,248,20.32
9134,9133,248,20.23
8034,8033,248,21.12
7447,7446,248,19.99
8333,8332,248,19.99
8134,8133,248,19.16
7934,7933,249,20.78
9646,9645,249,20.24
9336,9335,249,19.2
8962,8963,249,0.34
6861,6860,250,31.95
7835,7834,250,20.74
7640,7639,250,21.1
8933,8932,250,20.06
9234,9233,250,20.33
8233,8232,250,20.16
9033,9032,250,20.42
6864,6764,250,6.33
6762,6761,251,21.7
7057,7056,251,21.37
6857,6856,251,18.5
7347,7346,251,19.97
7738,7737,251,18.98
8732,8731,252,20.23
7543,7542,252,18.39
8833,8832,252,19.75
7446,7445,253,20.11
9133,9132,253,20.45
8033,8032,253,21.07
6956,6955,253,18.17
8632,8631,253,19.65
8432,8431,253,19.35
9437,9436,253,19.44
8532,8531,253,19.3
7471,7572,253,2.23
6761,6760,254,37.11
7933,7932,254,21.49
9645,9644,254,20.65
9539,9538,254,19.55
8332,8331,254,19.29
8133,8132,254,18.61
6856,6855,255,26.5
7834,7833,255,20.83
7639,7638,255,20.55
8932,8931,255,20.51
9233,9232,255,20.52
9032,9031,255,20.45
9335,9334,255,19.81
9256,9357,255,1.25
7346,7345,256,20.02
8232,8231,256,19.66
8731,8730,257,20.64
7542,7541,257,20.49
8832,8831,257,20.4
7056,7055,257,18.14
7737,7736,257,19.2
6764,6663,257,21.05
9542,9641,257,5.42
7352,7251,257,9.27
7445,7444,258,20.37
8631,8630,258,20.24
9132,9131,258,20.43
9542,9642,258,2.06
6855,6854,259,27.5
7932,7931,259,21.22
9538,9537,259,20.16
8032,8031,259,18.82
9436,9435,259,18.93
6955,6954,259,19.35
8431,8430,259,19.33
8531,8530,259,19.68
6858,6757,259,9.41
9649,9748,259,5.4
7833,7832,260,21.62
7638,7637,260,20.91
8931,8930,260,21.06
9334,9333,260,20.35
9232,9231,260,20.64
9031,9030,260,21.15
9644,9643,260,19.73
8331,8330,260,19.65
8132,8131,260,17.96
6857,6756,260,9.62
6862,6961,260,8.14
7055,7054,261,25.82
7251,7250,261,25.61
7345,7344,261,20.25
9648,9747,261,5.41
7541,7540,262,20.95
8831,8830,262,20.82
8730,8729,262,20.52
6663,6662,262,24.32
9641,9640,262,20.29
8231,8230,262,19.67
6764,6664,262,8.51
6864,6765,262,3.81
9541,9640,262,5.41
8630,8629,263,20.33
9131,9130,263,21.47
7736,7735,263,19.74
7057,7156,263,8.63
7836,7735,263,6.12
9552,9651,263,5.41
9647,9746,263,5.42
7444,7443,264,18.61
8930,8929,265,22.25
9333,9332,265,20.49
9231,9230,265,23.04
9030,9029,265,23.5
6756,6755,265,21.48
6854,6853,265,19.64
7931,7930,265,18.41
9537,9536,265,19.67
6954,6953,265,17.85
8031,8030,265,18.35
8530,8529,265,19.86
8430,8429,265,19.7
9259,9358,265,5.41
9650,9749,265,5.4
9435,9434,265,19.58
7054,7053,266,22
7344,7343,266,20.71
8330,8329,266,19.99
7637,7636,266,19.42
8131,8130,266,17.82
7348,7247,266,6.1
7832,7831,266,19.09
9161,9260,266,5.41
8830,8829,267,21.02
8729,8728,267,20.63
9640,9639,267,20.43
7250,7249,267,17.97
8629,8628,268,20.4
9130,9129,268,23.93
9746,9745,268,20.42
7540,7539,268,19
6662,6661,268,19.89
8230,8229,268,20
6761,6660,268,8.37
6755,6754,269,28.79
7156,7155,269,18.03
7735,7734,269,19.2
7835,7734,269,6.12
7347,7246,269,6.11
6953,6952,270,23.86
9332,9331,270,21.42
9434,9433,270,20.55
7443,7442,270,18.39
8929,8928,270,22.61
9029,9028,270,21.71
7352,7252,270,3.52
7053,7052,271,21.4
7343,7342,271,20.43
8329,8328,271,20.01
8030,8029,271,17.91
8529,8528,271,19.97
6853,6852,271,19.06
8429,8428,271,19.99
7930,7929,271,18.13
9536,9535,271,19.18
8829,8828,272,21.49
8728,8727,272,21.32
9639,9638,272,20.17
8130,8129,272,17.81
9553,9652,272,5.41
7636,7635,272,19.98
7831,7830,272,18.37
6754,6753,273,29.5
7155,7154,273,26.14
8628,8627,273,20.41
9745,9744,273,20.4
7249,7248,273,17.78
6663,6562,273,9.33
7251,7150,273,9.23
9129,9128,273,21.05
8169,8170,273,1.12
7539,7538,274,18.46
8229,8228,274,19.98
7834,7733,274,6.12
7639,7538,274,6.11
8766,8865,274,5.41
7057,7157,274,3.68
6952,6951,275,23.33
9433,9432,275,20.64
7246,7245,275,19.85
9230,9229,275,10.54
6756,6655,275,9.51
6757,6656,275,9.42
7346,7245,275,6.11
8928,8927,275,21.04
7342,7341,276,20.34
6852,6851,276,23.34
7442,7441,276,18.33
9028,9027,276,19.82
7542,7441,276,6.11
7733,7732,276,51.3
8727,8726,277,21.59
9638,9637,277,20.3
7052,7051,277,17.8
8029,8028,277,17.83
8528,8527,277,19.94
8328,8327,277,19.99
8828,8827,277,22.12
8428,8427,277,20
6764,6665,277,5.28
9535,9534,277,19.72
7929,7928,277,18.1
7635,7634,277,20.11
6562,6561,278,21.3
8627,8626,278,20.87
8129,8128,278,17.7
6664,6563,278,9.21
7054,7153,278,8.58
7830,7829,278,18.27
6655,6654,279,25.69
6753,6752,279,19.93
9744,9743,279,19.85
7150,7149,279,19.86
9128,9127,279,17.59
9331,9330,279,11.29
6757,6657,279,5.07
7638,7537,279,6.12
7538,7537,279,20.58
8169,8070,279,1.32
6951,6950,280,22.61
9229,9228,280,20.29
7245,7244,280,20.31
8228,8227,280,19.65
7248,7147,280,21.48
7345,7244,280,6.11
7051,7050,281,25.05
7341,7340,281,20.71
6851,6850,281,21.29
7441,7440,281,20.71
8927,8926,281,17.71
7541,7440,281,6.12
9637,9636,282,20.04
9534,9533,282,20.3
9027,9026,282,17.7
9357,9456,282,5.41
7733,7632,282,20.17
9453,9554,282,1.25
7732,7731,282,18.81
6654,6653,283,31.2
8626,8625,283,22.77
7634,7633,283,19.46
8527,8526,283,19.85
7928,7927,283,17.9
8327,8326,283,19.65
8726,8725,283,18.87
7053,7152,283,8.63
8028,8027,283,17.76
8827,8826,283,18.73
8427,8426,283,19.68
6752,6751,284,23.44
9743,9742,284,20.04
9330,9329,284,22.3
8128,8127,284,17.61
7829,7828,284,18.22
9641,9740,284,5.41
7537,7536,284,20.95
6950,6949,285,23.64
7149,7148,285,18.56
9127,9126,285,17.94
9432,9431,285,10.39
7248,7148,285,8.89
6661,6560,285,8.34
7344,7243,285,6.12
9642,9741,285,5.42
9259,9359,285,2.03
9650,9750,285,1.94
6850,6849,286,23.3
7050,7049,286,24.95
9228,9227,286,17.7
8227,8226,286,19.65
7147,7146,286,18.62
7252,7151,286,9.28
7251,7151,286,3.47
7340,7339,286,20.31
8269,8369,286,2.06
9748,9847,286,5.41
9533,9532,287,20.17
8926,8925,287,17.73
7440,7439,287,18.71
7155,7254,287,8.21
6653,6652,287,28.11
9161,9261,287,2.05
8526,8525,288,21.77
9026,9025,288,17.77
7731,7730,288,18.5
7632,7631,288,18.82
9747,9846,288,5.42
9636,9635,288,19.67
7146,7145,289,49.67
9740,9739,289,20.35
8625,8624,289,19.51
8826,8825,289,17.88
6751,6750,289,21.85
8326,8325,289,19.29
8725,8724,289,17.88
9640,9739,289,5.41
8426,8425,289,19.91
8027,8026,289,17.35
7927,7926,289,17.28
7243,7242,290,20.44
9431,9430,290,21.76
9329,9328,290,19.61
8127,8126,290,19.67
7828,7827,290,17.84
7536,7535,290,19.31
6849,6848,290,25.74
7343,7242,290,6.11
9746,9845,290,5.41
6949,6948,291,17.41
9126,9125,291,17.78
7145,7144,291,50.03
6656,6555,291,9.26
6655,6554,291,9.22
7157,7256,291,8.69
7339,7338,291,20.2
9532,9531,292,22.7
7049,7048,292,17.74
9227,9226,292,17.87
8226,8225,292,19.65
9358,9457,292,5.41
6664,6564,292,3.44
8666,8667,292,1.11
8525,8524,293,24.72
8925,8924,293,17.76
7254,7253,293,17.59
7146,7045,293,20.71
6652,6651,293,18.37
7439,7438,293,18.74
6948,6947,294,47.88
9739,9738,294,20.14
9025,9024,294,17.79
7730,7729,294,18.61
7631,7630,294,18.34
9635,9634,294,19.24
8325,8324,294,20.37
6657,6556,294,9.55
6656,6556,294,5.29
6563,6462,294,8.93
9639,9738,294,5.41
8425,8424,294,23.03
6848,6847,294,26.73
6750,6749,294,22.54
8467,8568,294,1.29
9430,9429,295,20.32
9845,9844,295,20.39
8624,8623,295,19.45
8825,8824,295,17.75
8724,8723,295,19.33
7342,7241,295,6.11
9745,9844,295,5.41
9553,9653,295,2.03
6554,6553,295,30.23
8026,8025,295,17.19
7926,7925,295,19.1
7338,7337,296,20.64
9328,9327,296,17.93
7535,7534,296,19.7
7145,7044,296,20.59
8324,8323,296,60.69
8126,8125,296,19.66
7352,7353,296,1.83
7827,7826,296,19.59
9125,9124,297,17.67
7256,7255,297,17.12
7144,7143,297,19.16
6562,6461,297,6.12
6947,6946,297,48.21
8766,8866,297,2.04
6847,6846,297,48.48
7534,7533,298,53.36
8524,8523,298,20.89
9531,9530,298,19.89
7048,7047,298,18.17
9226,9225,298,17.64
8225,8224,298,19.65
7538,7437,298,6.11
8924,8923,299,18.64
6651,6650,299,17.52
7146,7046,299,8.24
6751,6650,299,9.49
9638,9737,299,5.41
8424,8423,299,24.04
9652,9751,299,5.41
6653,6552,299,9.04
6749,6748,299,24.62
6553,6552,299,29.03
7533,7532,300,52.17
8623,8622,300,23.49
8723,8722,300,24.59
9844,9843,300,20.35
7630,7629,300,18.7
7729,7728,300,18.61
9024,9023,300,17.01
9634,9633,300,19.85
6657,6557,300,4.81
7341,7240,300,6.12
9744,9843,300,5.42
6946,6945,300,48.15
7769,7870,300,1.25
9124,9123,301,32.44
7337,7336,301,28.22
7826,7825,301,26.58
9429,9428,301,15.93
8025,8024,301,15.95
8824,8823,301,26.01
7925,7924,301,16.02
6757,6658,301,2.27
8323,8322,301,30.29
8125,8124,301,26.37
8523,8522,302,30.68
9327,9326,302,16.05
7044,7043,302,16.44
6945,6944,302,56.21
6847,6746,302,12.99
6650,6649,303,29.8
6748,6747,303,34.9
9737,9736,303,27.53
9530,9529,303,26.58
6846,6845,303,16.13
9637,9736,303,7.43
8423,8422,303,33.78
7143,7142,303,16.31
8224,8223,303,28.27
7537,7436,303,4.6
8622,8621,304,32.5
9843,9842,304,27.7
8722,8721,304,33.05
6552,6551,304,26.54
9743,9842,304,7.43
7728,7727,304,27.35
6944,6943,304,57.38
9123,9122,305,31.83
7336,7335,305,28.55
8024,8023,305,26.37
8823,8822,305,32.58
7924,7923,305,26.96
9225,9224,305,15.86
8223,8222,305,65.94
8124,8123,305,26.75
8269,8270,305,1.02
8322,8321,305,32.01
6845,6844,305,56.29
6943,6942,306,58.71
8522,8521,306,31.94
8923,8922,306,15.88
7534,7433,306,11.57
9533,9632,306,7.43
9456,9555,306,7.46
7340,7239,306,4.6
9636,9735,306,7.43
9061,9162,306,1.25
6844,6843,307,56.24
6649,6648,307,30.91
9023,9022,307,15.84
7532,7531,307,16.35
6461,6460,307,11.29
8222,8221,307,58.36
7629,7628,307,16.41
8422,8421,307,30.66
7433,7432,308,60.77
8621,8620,308,32.92
6551,6550,308,25.45
9842,9841,308,27.58
7825,7824,308,16.03
9428,9427,308,16.11
8721,8720,308,31.89
9742,9841,308,7.43
9740,9839,308,7.44
6555,6454,308,6.93
9748,9848,308,2.2
8922,8921,309,34
9122,9121,309,32.48
7335,7334,309,28.94
7923,7922,309,26.1
8023,8022,309,27
8321,8320,309,30.74
9326,9325,309,15.9
9741,9840,309,7.44
9750,9849,309,7.49
6746,6745,309,16.34
9359,9458,309,7.45
8521,8520,309,33.82
7043,7042,309,16.46
9847,9946,309,7.42
6648,6647,310,34.38
7239,7238,310,27.2
9529,9528,310,16.03
7436,7435,310,16.43
9532,9631,310,7.47
9261,9360,310,7.43
7142,7141,310,16.26
9022,9021,311,33
7727,7726,311,16.05
8221,8220,311,29.97
9846,9945,311,7.43
9635,9734,311,7.42
6556,6455,311,8.26
6454,6453,311,35.39
6554,6453,311,5.98
8421,8420,311,33.03
6745,6744,311,58.85
8320,8319,312,33.35
7432,7431,312,28.33
6550,6549,312,29.88
7824,7823,312,27.25
9224,9223,312,15.66
8822,8821,312,15.99
9124,9223,312,10.16
6564,6463,312,6.16
9845,9944,312,7.43
9739,9838,312,7.44
8720,8719,312,30.29
8620,8619,312,30.6
9325,9324,313,25.45
7922,7921,313,27.74
8520,8519,313,31.82
6744,6743,313,58.16
6647,6646,313,35.39
7435,7434,314,29.25
7238,7237,314,27.52
7531,7530,314,16.23
7628,7627,314,16.32
6453,6452,314,36.23
9457,9556,314,7.46
7969,7970,314,1.01
9021,9020,315,32.4
9427,9426,315,16.01
9123,9222,315,10.21
6743,6742,315,57.45
8220,8219,315,31.96
9634,9733,315,7.43
9738,9837,315,7.43
8420,8419,315,33.28
6556,6456,315,4.64
7530,7529,316,57.71
7431,7430,316,27.77
8319,8318,316,32.79
7823,7822,316,26.53
8619,8618,316,30.6
9121,9120,316,15.86
6942,6941,316,10.7
9944,9943,316,27.9
9844,9943,316,7.43
9653,9752,316,7.45
6549,6548,316,29.63
8821,8820,316,31.5
8719,8718,316,30.88
9324,9323,317,25.99
8519,8518,317,29.93
9528,9527,317,16.09
9631,9630,317,16.24
6452,6451,317,33.84
8222,8121,317,12.51
7141,7140,317,16.31
8866,8965,317,7.43
6865,6866,317,1.17
6646,6645,317,27.87
7237,7236,318,27.64
7726,7725,318,16.02
7334,7333,318,11.31
8219,8218,318,33.85
9530,9629,318,7.41
6765,6766,318,1.51
9020,9019,319,30.76
9426,9425,319,25.82
7042,7041,319,10.91
7433,7332,319,11.63
9122,9221,319,10.16
9751,9850,319,7.51
9737,9836,319,7.43
8419,8418,319,30.61
8121,8120,320,33.63
7430,7429,320,27.77
8318,8317,320,29.93
7822,7821,320,26.21
8820,8819,320,30.01
8718,8717,320,30.78
9943,9942,320,27.79
8921,8920,320,9.37
9843,9942,320,7.43
6548,6547,320,33.1
8618,8617,320,30.68
8518,8517,321,29.95
6451,6450,321,26.03
9323,9322,321,26.17
7627,7626,321,16.22
7921,7920,321,12.81
6645,6644,321,28.22
7353,7354,321,3.77
6745,6644,321,12.33
7236,7235,322,27.96
9733,9732,322,16.31
6742,6741,322,16.23
8218,8217,322,31.97
7920,7919,323,63.98
9221,9220,323,26.81
9425,9424,323,25.91
9120,9119,323,15.81
8418,8417,323,29.28
6744,6643,323,12.59
6462,6361,323,4.59
7529,7528,323,16.35
6547,6546,323,34.07
8120,8119,324,29.56
8717,8716,324,29.53
8920,8919,324,29.82
8317,8316,324,28.64
9527,9526,324,15.96
8965,8964,324,16.33
8819,8818,324,30.33
9842,9941,324,7.43
8617,8616,324,29.41
7140,7139,324,16.29
8517,8516,325,29.37
9322,9321,325,26.61
6643,6642,325,59.8
7725,7724,325,16.02
9629,9628,325,16.05
6743,6642,325,12.85
7572,7671,325,2.2
6450,6449,326,24.28
7041,7040,326,16.41
9836,9835,326,15.93
6941,6940,326,10.72
8217,8216,326,29.93
6546,6545,326,34.18
7919,7918,327,31.23
9220,9219,327,26.83
9424,9423,327,26.73
6361,6360,327,28.55
7429,7428,327,16.29
8417,8416,327,28.62
8119,8118,328,32.42
8716,8715,328,29.74
8919,8918,328,29.1
8316,8315,328,28.64
7139,7138,328,27.46
7626,7625,328,16.13
7332,7331,328,11.24
9458,9557,328,7.46
9841,9940,328,7.43
8616,8615,328,29.37
8818,8817,328,30.08
9848,9947,328,7.42
9321,9320,329,27.02
8516,8515,329,30.01
9732,9731,329,16.11
6545,6544,329,35.11
6741,6740,329,16.23
9360,9459,329,7.46
6449,6448,330,29.63
9119,9118,330,15.59
7528,7527,330,16.35
7920,8019,330,17.06
7821,7820,330,10.83
8216,8215,330,28.7
9554,9654,330,2.19
7918,7917,331,28.98
9219,9218,331,26.07
9423,9422,331,26.78
7428,7427,331,27.91
9526,9525,331,15.88
9019,9018,331,8.68
6740,6739,331,58.02
6455,6354,331,7.44
8416,8415,331,29.35
6454,6353,331,6.19
6665,6565,331,1.71
7820,7819,332,69.67
8118,8117,332,33.05
8715,8714,332,31.69
8918,8917,332,29.45
7138,7137,332,27.42
7331,7330,332,28.45
8315,8314,332,29.93
9628,9627,332,15.96
7724,7723,332,16.05
6544,6543,332,35.75
7235,7234,332,10.81
8615,8614,332,31.88
6564,6464,332,2.35
8817,8816,332,30.2
7427,7426,333,58.75
9320,9319,333,26.85
8515,8514,333,31.29
9835,9834,333,15.87
6739,6738,333,60.56
9556,9655,333,7.47
6765,6666,333,1.68
6456,6355,333,8.24
7819,7818,334,65.41
6448,6447,334,31.87
8019,8018,334,28.41
8215,8214,334,28.64
9261,9361,334,2.2
6657,6558,334,2.27
6865,6966,334,1.44
7426,7425,335,57.96
9018,9017,335,29.1
6353,6352,335,27.5
9422,9421,335,26.98
7917,7916,335,29.93
6738,6737,335,62.14
7625,7624,335,16.07
6642,6641,335,11.05
6643,6542,335,11.98
8415,8414,335,30.76
9752,9851,335,7.51
6453,6352,335,6.12
8117,8116,336,31.37
8314,8313,336,31.35
7137,7136,336,27.47
7234,7233,336,28.49
8816,8815,336,30.68
7723,7722,336,26.76
9731,9730,336,16.05
7040,7039,336,11.08
6940,6939,336,10.98
8614,8613,336,31.6
8917,8916,336,25.05
7425,7424,337,57.42
7624,7623,337,55.57
8514,8513,337,30.72
9319,9318,337,25.95
7527,7526,337,16.35
6740,6839,337,19.67
6452,6351,337,6.32
9834,9833,337,27.15
7818,7817,338,31.63
8018,8017,338,31.82
6737,6736,338,36.06
9218,9217,338,15.13
9525,9524,338,16.01
9940,9939,338,10.18
8214,8213,338,29.94
6447,6446,338,32.74
8667,8767,338,2.22
6456,6356,338,4.43
8666,8767,338,1.24
7424,7423,339,57.36
7623,7622,339,55.88
7526,7525,339,57.96
9421,9420,339,26.98
7916,7915,339,29.5
9017,9016,339,30.36
9627,9626,339,15.79
7330,7329,339,16.33
8714,8713,339,15.86
6739,6838,339,18.55
9850,9949,339,7.44
8414,8413,339,31.3
6839,6838,339,58.98
8116,8115,340,29.31
8313,8312,340,31.3
7136,7135,340,27.77
8815,8814,340,31.64
7722,7721,340,26.29
7039,7038,340,28.11
8121,8020,340,6.33
8916,8915,340,32.15
7423,7422,341,57.13
7525,7524,341,57
8713,8712,341,53.76
6446,6445,341,33.67
8513,8512,341,30.2
6351,6350,341,25.98
6736,6735,341,36.49
6738,6837,341,17.86
6740,6639,341,12.64
7817,7816,342,29.35
8017,8016,342,31.72
9524,9523,342,27.05
9318,9317,342,24.15
9118,9117,342,8.61
8213,8212,342,31.83
9653,9753,342,2.19
8712,8711,343,53.4
7422,7421,343,55.86
7915,7914,343,29.63
9949,9948,343,27.29
9730,9729,343,16.04
7427,7326,343,12.37
9016,9015,343,32.46
8413,8412,343,29.96
8613,8612,343,15.67
9420,9419,343,25.99
8866,8966,343,2.2
8269,8370,343,1.25
6445,6444,344,34.31
8115,8114,344,27.94
8312,8311,344,30.57
7135,7134,344,28.14
7721,7720,344,26.12
8915,8914,344,25.75
6735,6734,344,36.26
9833,9832,344,16.13
7038,7037,344,27.77
6739,6638,344,11.71
6463,6362,344,4.56
7326,7325,345,57.69
7421,7420,345,55.32
8512,8511,345,32.32
6350,6349,345,30.17
6837,6836,345,28.06
7424,7523,345,19.96
6542,6541,345,11.07
7426,7325,345,12.66
6641,6640,345,11
8612,8611,345,54.66
6839,6938,345,19.25
8016,8015,346,29.74
9523,9522,346,27.13
7816,7815,346,29.5
7622,7621,346,16.02
9626,9625,346,15.94
8713,8812,346,21.51
7233,7232,346,11.02
7425,7324,346,12.86
6738,6637,346,11.16
8212,8211,346,31.23
6740,6840,346,6.24
7329,7328,346,16.29
9161,9262,346,1.25
7420,7419,347,55.49
7523,7522,347,56.59
7914,7913,347,31.45
9317,9316,347,23.77
8814,8813,347,15.92
7423,7522,347,20.06
6541,6540,347,61.56
8412,8411,347,30.66
7819,7718,347,10.08
7820,7719,347,8.82
9557,9656,347,7.46
9015,9014,347,33.28
8511,8510,347,55.97
9839,9938,347,3.66
9419,9418,347,25.45
8611,8610,347,54.2
8711,8710,347,31.47
6836,6835,348,35.84
8914,8913,348,32.93
8114,8113,348,29.29
7037,7036,348,27.9
8712,8811,348,21.66
7422,7521,348,20.61
7424,7323,348,12.88
9459,9558,348,7.46
6449,6348,348,6.7
7134,7133,348,27.99
6637,6636,349,38.89
9017,9116,349,10.31
8510,8509,349,53.76
7521,7520,350,55.14
7718,7717,350,37.95
7621,7620,350,26.12
8015,8014,350,29.53
7815,7814,350,27.98
9522,9521,350,27.07
7328,7327,350,27.77
9729,9728,350,16.04
7421,7520,350,20.85
7423,7322,350,12.97
8211,8210,350,31.32
8710,8709,351,32.77
9832,9831,351,15.97
9217,9216,351,8.28
8610,8609,351,31.57
9838,9937,351,3.66
9014,9013,351,32.57
8311,8310,351,15.76
7322,7321,352,55.41
8913,8912,352,32.88
6835,6834,352,27.94
6348,6347,352,30.62
7036,7035,352,28.32
6636,6635,352,38.42
7420,7519,352,20.78
7422,7321,352,13.46
6448,6347,352,6.49
6544,6443,352,6.16
7133,7132,352,27.82
8811,8810,352,31.89
8113,8112,352,31.87
8310,8309,353,56.3
9625,9624,353,16.11
6355,6254,353,7.4
8509,8508,353,32.15
9016,9115,353,10.16
9834,9933,353,7.42
7321,7320,354,55.41
8709,8708,354,34.61
7717,7716,354,32.88
7620,7619,354,26
7814,7813,354,30.8
9521,9520,354,26.54
8014,8013,354,30.6
7421,7320,354,13.67
6734,6733,354,11.1
9851,9950,354,7.47
6354,6253,354,6.3
6361,6260,354,4.59
6838,6937,354,9.91
8411,8410,354,15.98
8112,8111,354,51.76
7913,7912,354,15.69
8810,8809,355,34.51
9013,9012,355,32.17
6635,6634,355,37.84
7232,7231,355,11.31
7326,7225,355,12.76
8609,8608,355,33
8912,8911,356,32.38
6834,6833,356,27.56
7035,7034,356,28.58
9216,9215,356,24.8
8410,8409,356,56.12
6356,6255,356,8.13
6464,6363,356,5.92
6347,6346,356,31.64
9360,9460,356,2.18
7912,7911,356,50.3
8708,8707,357,35.74
6253,6252,357,33.82
9624,9623,357,27.49
8508,8507,357,33.29
8309,8308,357,33.15
9728,9727,357,15.67
9115,9114,357,27.05
6540,6539,357,10.84
8210,8209,357,15.95
9318,9417,357,7.35
7911,7910,358,51.17
8809,8808,358,36.18
9012,9011,358,34.15
9520,9519,358,25.03
7813,7812,358,31.5
8111,8110,358,31.29
6634,6633,358,37.97
7716,7715,358,29.97
9831,9830,358,15.99
8409,8408,358,52.87
9316,9315,358,9.53
9937,9936,358,15.95
8608,8607,358,34.62
8911,8910,358,56.48
6541,6440,358,11.36
7256,7355,358,2.12
8013,8012,358,31.83
9215,9214,359,33.67
7225,7224,359,28.19
7331,7230,359,4.59
7910,7909,360,51.85
8507,8506,360,34.72
7034,7033,360,28.21
9933,9932,360,16.05
6836,6935,360,9.9
8209,8208,360,33.35
8707,8706,360,35.04
6346,6345,360,32.97
8766,8867,360,1.24
8308,8307,361,14.23
7321,7220,361,41.76
7327,7226,361,40.67
7322,7221,361,41.76
6445,6344,361,28.17
6350,6249,361,27.99
6837,6936,361,2.43
9114,9113,361,14.19
6543,6442,361,24.55
8112,8011,361,40.48
7912,8011,361,4.87
6252,6251,362,12.35
9623,9622,362,12.36
9727,9726,362,12.35
7911,7810,362,41.57
7320,7219,362,41.28
7815,7714,362,28.15
6349,6248,362,27.75
6351,6250,362,24.91
6352,6251,362,25.14
8910,8909,362,14.2
7912,7811,362,41.57
9315,9314,363,14.31
7910,7809,363,41.27
8808,8807,363,14.18
9011,9010,363,14.15
8607,8606,363,14.16
7717,7616,363,28.41
7814,7713,363,28.31
6348,6247,363,27.91
6636,6535,363,27.95
7718,7617,363,28.5
6637,6536,363,28.02
6362,6261,363,25.55
8408,8407,363,14.21
9753,9852,363,2.44
6356,6256,363,4.53
6253,6152,364,28.66
7813,7712,364,28.29
8111,8010,364,28.51
7716,7615,364,28.27
6254,6153,364,28.61
6635,6534,364,27.74
7323,7222,364,24.95
7324,7223,364,25.07
7328,7227,364,25.11
9317,9416,364,2.47
7132,7131,364,3.92
6347,6246,364,27.98
7133,7032,364,25.06
8506,8405,365,28.63
9214,9213,365,14.24
9519,9518,365,12.33
7715,7614,365,28.1
7226,7125,365,41.14
8308,8207,365,28.41
8507,8406,365,28.57
7034,6933,365,24.99
6363,6262,365,29.04
6255,6154,365,27.55
7225,7124,365,24.92
6634,6533,365,27.38
7035,6934,365,25.14
8208,8107,365,28.46
8209,8108,365,28.6
8706,8605,365,28.48
6346,6245,365,28.1
7812,7711,365,28.19
7219,7118,366,41.35
7220,7119,366,28.44
7909,7808,366,28.19
7033,6932,366,24.85
6345,6244,366,28.17
7224,7123,366,24.93
6252,6151,366,25.1
8307,8206,366,28.46
7519,7518,366,4.09
6541,6441,366,6.85
7810,7709,367,28.37
7219,7218,367,22.33
6251,6150,367,28.37
7221,7120,367,24.81
6249,6148,367,27.75
7909,7908,367,14.31
6344,6243,367,27.98
8966,9065,367,2.4
7615,7514,368,42.45
7713,7612,368,28.31
8407,8306,368,28.56
7617,7516,368,28.46
6250,6149,368,27.99
7714,7613,368,28.25
7811,7710,368,28.28
8606,8505,368,28.57
8506,8505,368,14.14
6344,6343,368,14.38
7227,7126,368,41.09
6733,6732,368,4.27
8706,8705,368,14.2
6248,6147,368,27.87
6565,6465,368,3.92
6262,6161,369,38.06
6152,6051,369,28.66
8010,8009,369,22.07
6153,6052,369,28.6
6536,6435,369,27.24
7616,7515,369,27.51
6256,6155,369,25.64
7809,7708,369,28.19
6535,6434,369,26.88
7125,7024,369,41.37
6261,6160,369,25.46
9113,9112,369,14.25
6247,6146,369,28.02
7712,7611,369,28.31
7118,7017,370,42.96
7118,7117,370,25.69
7119,7018,370,42.45
7518,7417,370,40.23
8405,8304,370,28.53
8108,8007,370,28.53
8605,8504,370,28.5
6154,6053,370,28.53
7711,7610,370,28.29
8406,8305,370,28.6
7614,7513,370,28.61
7223,7122,370,24.76
7222,7121,370,24.65
9314,9313,370,14.3
8207,8106,370,28.4
6246,6145,370,28.18
8107,8006,370,28.48
8909,8908,370,14.18
7120,7019,371,41.73
7518,7517,371,20.84
6151,6050,371,28.55
8206,8105,371,28.47
7124,7023,371,24.71
9010,9009,371,14.19
8807,8806,371,14.21
9622,9621,371,12.35
9726,9725,371,12.36
6245,6144,371,28.14
6666,6566,371,3.33
6464,6364,371,3.63
7514,7413,372,39.36
7908,7807,372,28.38
7808,7707,372,28.19
6244,6143,372,27.7
7123,7022,372,28.18
7126,7025,372,41.3
7613,7512,373,28.34
8705,8604,373,28.39
8306,8205,373,28.56
8505,8404,373,28.57
7709,7608,373,28.19
8405,8404,373,14.19
8605,8604,373,14.2
9213,9212,373,14.26
6148,6047,373,27.75
7018,6917,374,43.08
7117,7016,374,42.96
7117,7116,374,25.68
7017,6916,374,42.87
7017,7016,374,25.36
7417,7316,374,41.48
7513,7412,374,41.16
7516,7415,374,23.83
7612,7511,374,28.13
7710,7609,374,28.28
9518,9517,374,12.35
6833,6832,374,4.21
6149,6048,374,27.55
6639,6538,374,7.78
6147,6046,374,28.01
7019,6918,375,43.07
7610,7509,375,28.29
7417,7416,375,22.54
8504,8403,375,28.38
6053,5952,375,28.6
8007,7906,375,28.53
8006,7905,375,28.38
7517,7416,375,41.03
7515,7414,375,24.32
7708,7607,375,28.09
7611,7510,375,28.22
6155,6054,375,27.69
7908,7907,375,14.24
8305,8204,375,28.53
8304,8203,375,28.45
6146,6045,375,28.15
7023,6922,375,41.85
7419,7318,375,7.64
6638,6537,375,7.69
8106,8005,375,28.49
6540,6439,375,7.84
6161,6060,375,25.56
7413,7312,376,38.16
6364,6263,376,29.08
7121,7020,376,28.26
7122,7021,376,28.2
8705,8704,376,14.24
9065,9064,376,12.36
6145,6044,376,28.06
8105,8004,376,28.47
9009,9008,376,21.14
9313,9312,377,14.3
6144,6043,377,27.55
6443,6342,377,7.76
6733,6632,377,7.75
7132,7031,377,7.57
9112,9111,377,14.09
7316,7215,378,41.3
7116,7015,378,42.7
7016,6915,378,42.41
8205,8104,378,28.53
8404,8303,378,28.38
7807,7706,378,28.25
7707,7606,378,28.2
6916,6815,378,41.4
8504,8503,378,14.25
8908,8907,378,14.2
8304,8303,378,14.22
6917,6816,378,42.04
6440,6339,378,7.84
6633,6532,378,7.77
7022,6921,378,28.11
6539,6438,378,7.84
6557,6458,378,1.66
6922,6821,379,42.03
7414,7313,379,40.22
6060,5959,379,38.43
6054,5953,379,40.63
7416,7315,379,41.88
7316,7315,379,22.26
7116,7115,379,24.89
7512,7411,379,27.67
7608,7507,379,28.1
8806,8805,379,14.24
6918,6817,379,42.88
9656,9755,379,2.4
6047,5946,379,27.98
7312,7211,380,38.89
6263,6162,380,38.01
8005,7904,380,28.37
7905,7804,380,28.37
7907,7806,380,28.42
8403,8302,380,28.38
7906,7805,380,28.3
7509,7408,380,28.29
7511,7410,380,28.05
7412,7311,380,28.04
7609,7508,380,28.29
7415,7314,380,28.04
7807,7806,380,14.29
9621,9620,380,12.34
9725,9724,380,12.36
8203,8102,380,28.6
8204,8103,380,28.58
6442,6341,380,7.76
7330,7229,380,5.75
6048,5947,380,27.67
8004,7903,381,28.46
6537,6436,381,27.8
7510,7409,381,28.2
7607,7506,381,28.09
8604,8603,381,14.28
7227,7127,381,6.06
6045,5944,381,27.93
9212,9211,381,14.12
7329,7228,381,5.73
6915,6814,382,41.46
7015,6914,382,41.85
7215,7114,382,42.3
6921,6820,382,41.4
7021,6920,382,28.11
6815,6714,382,41.54
6044,5943,382,27.23
9558,9657,382,2.41
7313,7212,383,35.51
5953,5852,383,40.3
6821,6720,383,40.04
7315,7214,383,42.09
6817,6716,383,41.25
7115,7014,383,42.17
8503,8402,383,28.3
7015,7014,383,23.12
8303,8202,383,28.46
7215,7214,383,23.98
7706,7605,383,28.33
8403,8402,383,14.25
9517,9516,383,12.35
8203,8202,383,14.15
7032,6931,383,7.63
6534,6433,383,7.49
6043,5942,383,27.23
8104,8003,383,28.6
6816,6715,383,28.36
8210,8109,383,5.69
7606,7505,384,28.23
6438,6337,384,27.28
8704,8703,384,14.28
9008,9007,384,14.19
6162,6061,384,38.06
6043,6042,384,14.58
7231,7130,384,5.72
7806,7705,385,28.39
7805,7704,385,28.4
8302,8201,385,28.45
7411,7310,385,27.35
6438,6437,385,14.57
9312,9311,385,14.2
9111,9110,385,14.09
9064,9063,385,12.36
8102,8001,385,28.32
6932,6831,385,7.68
6441,6340,385,7.82
8103,8002,385,28.58
7230,7129,385,5.77
7126,7026,385,6.19
7507,7406,385,28.03
7114,7013,386,42.46
6820,6719,386,42.13
6920,6819,386,42.56
6714,6613,386,39.19
6914,6813,386,41.6
7904,7803,386,28.28
7314,7213,386,28.09
7804,7703,386,28.29
7311,7210,386,27.22
7408,7307,386,28.19
7508,7407,386,28.21
7410,7309,386,28.1
7211,7110,386,28.06
7903,7802,386,28.31
8503,8502,386,14.27
8907,8906,386,14.23
7417,7317,386,6.31
6533,6432,386,7.04
6256,6156,386,4.4
6243,6142,386,7.85
6814,6713,386,41.09
7014,6913,387,41.63
7114,7113,387,24.32
6914,6913,387,22.71
7409,7308,387,28.21
7506,7405,387,28.1
8805,8804,387,14.25
6343,6242,387,7.81
6732,6631,387,7.68
5944,5843,387,26.97
7023,6923,387,6.57
8202,8101,388,28.49
6716,6615,388,28.41
6715,6614,388,28.41
7212,7111,388,33.98
8402,8301,388,28.32
8302,8301,388,14.22
8003,7902,388,28.44
8603,8602,388,14.31
8102,8101,388,14.26
6918,6818,388,7.71
5943,5842,388,26.95
9459,9559,388,1.18
6340,6239,389,43.2
7505,7404,389,28.29
6433,6332,389,24.77
7605,7504,389,28.21
6720,6619,389,28.13
9620,9619,389,12.33
7026,6925,389,41.32
9416,9415,389,4.15
9830,9829,389,2.38
9936,9935,389,2.42
5942,5841,389,25.96
7131,7030,389,5.77
9211,9210,389,14.12
7013,6912,390,38.63
6713,6612,390,36.97
6613,6512,390,37.98
6819,6718,390,43.07
7210,7109,390,42.63
7317,7216,390,41.63
6719,6618,390,42.69
7110,7009,390,42.46
7705,7604,390,28.38
6061,5960,390,25.52
6042,5941,390,26.76
7605,7604,390,14.31
6922,6822,390,6.72
6435,6334,390,6.76
7118,7217,390,6.07
5942,5941,390,14.8
6913,6812,391,39.88
7210,7209,391,24.71
7310,7209,391,27.7
7704,7603,391,28.25
7406,7305,391,28.13
8703,8702,391,14.31
9007,9006,391,14.31
6042,6041,391,14.68
7802,7701,391,28.38
8402,8401,391,14.27
8002,7901,391,28.15
6150,6049,391,6.12
6813,6712,391,29
7025,6924,391,7.68
6615,6514,392,40.1
6614,6513,392,38.32
7111,7010,392,39.04
6818,6717,392,42.51
5842,5741,392,40.85
7405,7304,392,28.31
7013,7012,392,19.11
7309,7208,392,28.13
7803,7702,392,28.29
6156,6055,392,26.08
7703,7602,392,28.2
7213,7112,392,26.02
7307,7206,392,28.03
7407,7306,392,28.11
6239,6138,393,42.67
6239,6238,393,29.53
6619,6518,393,41.57
9210,9109,393,40.34
7308,7207,393,28.05
6142,6141,393,14.61
8502,8501,393,14.3
9110,9109,393,14.15
6054,5954,393,5.81
6832,6731,393,7.7
6925,6824,393,41.98
5843,5742,393,27.04
6434,6333,393,6.02
6732,6731,393,4.13
6465,6365,393,4.1
8108,8008,393,3.7
9311,9310,393,14.16
8667,8668,393,0.93
7109,7008,394,43.1
7109,7108,394,26.27
6822,6721,394,40.16
6718,6617,394,41.71
6618,6517,394,40.45
7009,6908,394,41.44
7404,7303,394,28.37
7504,7403,394,28.35
9210,9209,394,20.98
8906,8905,394,14.27
7802,7801,394,14.24
7902,7801,394,28.23
6439,6338,394,7.81
6052,5951,394,5.66
6051,5950,394,5.73
5941,5940,394,29.01
6050,5949,394,6.26
6512,6411,395,28.68
6912,6811,395,32.19
6332,6231,395,26.66
6924,6823,395,42.39
5841,5740,395,24.32
8804,8803,395,14.25
8602,8601,395,14.31
6566,6466,395,4.33
5941,5840,395,32.57
7271,7172,395,0.29
9834,9934,395,1.19
6717,6616,396,40.6
7010,6909,396,42.03
6712,6611,396,33.6
7604,7503,396,28.15
6612,6511,396,25.65
6340,6240,396,9.25
6632,6531,396,7.6
6342,6241,396,7.83
6812,6711,396,31.33
7031,6930,396,7.61
5954,5853,397,40.4
6824,6723,397,43.15
7012,6911,397,30.6
6513,6412,397,28.8
6514,6413,397,28.83
7112,7011,397,30.67
6049,5948,397,27.25
7305,7204,397,28.1
7603,7502,397,28.22
9415,9414,397,14.29
5953,5853,397,5.64
6721,6620,398,36.84
7108,7007,398,42.45
7008,6907,398,42.29
5951,5850,398,40.65
6908,6807,398,43.22
6908,6907,398,27.38
6518,6417,398,28.8
7702,7601,398,28.2
7208,7107,398,27.92
7304,7203,398,27.88
7306,7205,398,28.1
7206,7105,398,27.96
7602,7501,398,28.14
9006,9005,398,14.33
8702,8701,398,14.3
9619,9618,398,12.31
6332,6331,398,12.22
6263,6163,398,4.76
5940,5939,398,25.39
9624,9723,398,2.41
6046,5945,398,6.08
9310,9309,398,21.1
9109,9108,398,21
6617,6516,399,28.68
6517,6416,399,28.75
5742,5641,399,26.33
6365,6264,399,27.81
6333,6232,399,23.64
6823,6722,399,42.49
6239,6139,399,10.79
6411,6310,399,37.72
5840,5839,399,28.29
9851,9951,399,1.19
7207,7106,399,28.08
6909,6808,400,43.21
7303,7202,400,27.8
7403,7302,400,28.13
6811,6710,400,28.44
6436,6335,400,7.69
6532,6431,400,6.68
5840,5739,400,31.3
5952,5851,400,5.67
5941,6040,400,15.44
5853,5752,401,40.63
6616,6515,401,28.53
6611,6510,401,31.24
7403,7402,401,14.33
5740,5639,401,24.66
6411,6410,401,18.25
6711,6610,401,30.13
6162,6062,401,4.78
6907,6806,402,43.03
6907,6906,402,25.94
6807,6706,402,43.21
6807,6806,402,27.23
6412,6311,402,28.45
6413,6312,402,28.53
7011,6910,402,32.14
8905,8904,402,14.25
9209,9208,402,14.19
7026,6926,402,6.2
5946,5845,402,6.29
9932,9931,402,2.41
6931,6830,402,7.61
6722,6621,403,36.9
5839,5838,403,28.69
6417,6316,403,28.8
6911,6810,403,27.89
7502,7401,403,27.96
7204,7103,403,27.88
8803,8802,403,14.24
6620,6519,403,28.65
6337,6236,403,7.84
5947,5846,403,6.39
5940,6039,403,17.25
7130,7029,403,7.62
6808,6707,404,40.54
5851,5750,404,41.27
6416,6315,404,28.71
6310,6209,404,28.7
6516,6415,404,28.6
5839,5738,404,31.98
5945,5844,404,27.45
7105,7004,404,28.22
7203,7102,404,27.98
7205,7104,404,28.03
9414,9413,404,14.33
6710,6609,404,36.65
6437,6336,404,7.74
7107,7006,404,28.19
6925,6825,404,6.68
6831,6730,404,7.62
7129,7028,404,7.62
5752,5651,405,40.93
7106,7005,405,28.11
6331,6230,405,23.29
5641,5540,405,26.17
6824,6724,405,8.39
5939,5938,405,14.74
6410,6309,405,36.59
6062,5961,405,38.4
7229,7128,405,5.79
6910,6809,406,38.59
6806,6705,406,41.64
6706,6605,406,40.3
5752,5751,406,21.73
6610,6509,406,33.7
6515,6414,406,28.74
6510,6409,406,32.8
7302,7201,406,28.08
7202,7101,406,28.13
5739,5638,406,25.61
9005,9004,406,14.2
9108,9107,406,14.25
6240,6140,406,10.4
6906,6805,406,41.76
6055,5955,406,7.22
6710,6709,406,17.31
6631,6530,406,7.85
9755,9754,406,3.81
6311,6210,406,37.94
9309,9308,406,14.24
7103,7002,407,42.14
6519,6418,407,38.95
7402,7301,407,28.03
7302,7301,407,14.35
9723,9722,407,12.36
9618,9617,407,12.34
5639,5538,407,27.59
6906,6905,407,22.98
6312,6211,407,28.42
7102,7001,408,42.41
6707,6606,408,40.04
6209,6108,408,40.63
7004,6903,408,41.57
5738,5637,408,42.88
5738,5737,408,25.42
6621,6520,408,35.34
6316,6215,408,28.85
5845,5744,408,27.22
6808,6708,408,13.33
6609,6508,408,40.45
7030,6929,408,7.59
7005,6904,409,41.27
5540,5439,409,42.51
6309,6208,409,38.41
6415,6314,409,28.76
6209,6208,409,21.35
6315,6214,409,28.68
7004,7003,409,22.68
5846,5745,409,27.49
6331,6330,409,9.31
6631,6630,409,4.68
5938,5937,409,29.18
6609,6608,409,21.12
9208,9207,409,14.31
5955,5854,410,41.81
5540,5539,410,24.42
6230,6129,410,32.05
5750,5649,410,24.2
5838,5837,410,14.85
8904,8903,410,14.16
5844,5743,410,27.23
6805,6704,410,40.89
6705,6604,410,40.92
6156,6056,410,4.3
5938,5837,410,32.88
9727,9826,410,2.43
6605,6504,410,38.9
7002,6901,411,42.85
6211,6110,411,37.07
5638,5537,411,28.73
6210,6109,411,28.72
6414,6313,411,28.62
6309,6308,411,18.89
5961,5860,411,25.43
9413,9412,411,14.31
8802,8801,411,14.28
6805,6804,411,21.69
5538,5437,411,38.76
6509,6408,411,34.99
6409,6308,411,34.8
9162,9163,411,0.92
6520,6419,412,36.69
5737,5636,412,41.15
6903,6802,412,42.6
6418,6317,412,29.08
6508,6407,412,36.93
6708,6607,412,42.3
6238,6137,412,7.69
6606,6505,412,37.43
9753,9853,412,1.2
5439,5338,413,41.94
7003,6902,413,42.4
5737,5736,413,22.05
5637,5536,413,28.94
6215,6114,413,28.41
6903,6902,413,24.65
9107,9106,413,14.38
6230,6229,413,13.99
5750,5749,413,12.28
6338,6237,413,7.82
6238,6237,413,5.21
6608,6507,413,39.96
9308,9307,413,14.33
5854,5753,414,40.87
6129,6028,414,38.86
5837,5836,414,29.14
6904,6803,414,28.31
5439,5438,414,23.29
6108,6007,414,25.4
5744,5643,414,27.94
9004,9003,414,14.13
5539,5438,414,40.22
6504,6403,414,39.95
6704,6603,414,41.45
8966,9066,414,1.18
6604,6503,414,40.85
6110,6009,415,38.46
5537,5436,415,41.05
6208,6107,415,25.71
6314,6213,415,28.14
5437,5336,415,40.62
5437,5436,415,30.98
6531,6430,415,7.81
6930,6829,415,7.54
6804,6703,415,41.76
5938,6037,415,15.3
6214,6113,415,27.41
6704,6703,415,22.49
6407,6306,416,35.95
6505,6404,416,37.54
6408,6307,416,30.98
6129,6128,416,19.34
9722,9721,416,12.35
9617,9616,416,12.36
9207,9206,416,14.41
5743,5642,416,27.47
6607,6506,416,37.78
5937,5936,416,14.9
5938,6038,416,9.48
6802,6701,416,42.27
5949,5848,416,6.71
5338,5337,417,29.76
5736,5635,417,40.76
5536,5435,417,43.04
5536,5535,417,26
6902,6801,417,42.63
6229,6228,417,31.07
6419,6318,417,29.2
5636,5535,417,28.6
6317,6216,417,28.99
6308,6207,417,26.3
6109,6008,417,28.28
5950,5849,417,6.34
6313,6212,417,28.06
6802,6801,417,23.91
6507,6406,417,40.22
6766,6767,417,0.95
6803,6702,418,42.68
6007,5906,418,36.63
6403,6302,418,41.58
5836,5735,418,43.11
5836,5835,418,28.42
5338,5237,418,34.05
5736,5735,418,21.51
8903,8902,418,14.16
6330,6329,418,12.08
6825,6725,418,7.37
6603,6502,418,41.5
9261,9362,418,0.89
6503,6402,418,41.66
6037,6036,419,31.14
6028,6027,419,24.05
5338,5238,419,17.39
5336,5335,419,29.72
9412,9411,419,14.24
9826,9825,419,12.35
6365,6265,419,3.89
6703,6602,419,42.19
6114,6013,419,26.92
6603,6602,419,22.56
5948,5847,419,6.6
6506,6405,420,38.99
6009,5908,420,28.54
6007,6006,420,17.3
5643,5542,420,27.39
9106,9105,420,14.33
5336,5235,420,33.97
5642,5541,420,42.72
5936,5935,420,30.75
9307,9306,420,14.4
6404,6303,420,39.22
8468,8469,420,0.17
5237,5236,421,44.54
6228,6227,421,39.54
5435,5434,421,44.36
5535,5434,421,23.9
5535,5534,421,47.08
6113,6012,421,12.12
6113,6112,421,34.74
6829,6728,421,12.13
6829,6828,421,34.72
9003,9002,421,34.9
6213,6112,421,12.21
6027,6026,422,47.13
6329,6328,422,29.88
6402,6401,422,45.74
6302,6301,422,46.51
5735,5734,422,45.17
5635,5634,422,33.82
6207,6206,422,33.27
6406,6305,422,14.88
6306,6305,422,32.24
6107,6106,422,32.26
6430,6429,422,24.86
6502,6501,422,45.49
6466,6366,422,2.5
9206,9205,422,34.39
6602,6601,422,45.28
9516,9515,422,6.65
9656,9756,422,1.28
6830,6729,422,2.89
9105,9104,423,34.77
9306,9305,423,34.51
5908,5907,423,35.16
9411,9410,423,31.49
9825,9824,423,31.67
5835,5834,423,33.83
5237,5136,423,28.25
6302,6201,423,20.11
8902,8901,423,34.72
5235,5234,423,46.52
5935,5934,423,46.37
6722,6622,423,2.4
5959,5958,423,6.39
7126,7027,423,1.63
9558,9658,423,1.29
6062,5962,423,2.81
5906,5905,423,31.99
6006,6005,423,35.36
5534,5533,424,46.44
5434,5433,424,44.14
6828,6827,424,34.53
6012,6011,424,35.58
9002,9001,424,34.71
6112,6111,424,35.41
6306,6205,424,10.5
6725,6624,424,15.5
9829,9828,424,6.62
8667,8768,424,0.88
5634,5633,425,33.7
6026,6025,425,47.04
9515,9514,425,34.72
5734,5733,425,44.24
6305,6304,425,41.42
6027,5926,425,22.9
6216,6115,425,11.79
6318,6217,425,11.43
9205,9204,425,34.82
9065,9164,425,3.16
5136,5135,426,44.86
9305,9304,426,34.81
9104,9103,426,34.95
6328,6327,426,26.04
5542,5441,426,23.67
5236,5135,426,28.33
5934,5933,426,34.36
5235,5134,426,25.85
5234,5233,426,47.13
9410,9409,426,34.81
6333,6233,426,2.19
5834,5833,426,34.6
9310,9409,426,4.6
6106,6105,426,32.12
6730,6629,426,3.06
6630,6629,426,8.47
6011,6010,427,35.62
6005,6004,427,32.15
5905,5904,427,32.26
6429,6428,427,22.86
6227,6126,427,27.61
6624,6623,427,34.33
6303,6202,427,22.21
6329,6428,427,19.21
9824,9823,427,31.79
5439,5339,427,4.09
6827,6826,427,34.49
6929,6928,427,8.27
9621,9720,427,3.22
5733,5732,428,43.76
9514,9513,428,34.52
5926,5925,428,46.88
9828,9827,428,31.3
9204,9203,428,34.95
6026,5925,428,24.21
6025,6024,428,47.13
6766,6667,428,1.1
6205,6204,428,32.26
7271,7272,428,0.17
5933,5932,429,34.68
5233,5232,429,47.13
9103,9102,429,34.89
9304,9303,429,34.81
5136,5035,429,28
5134,5133,429,46.98
6037,6136,429,9.93
5651,5650,429,6.82
9931,9930,429,6.63
5833,5832,429,34.69
9409,9408,429,43.59
5906,5805,429,10.72
6126,6125,430,47.13
6105,6104,430,32.18
6327,6326,430,28.99
6265,6164,430,12.05
6013,5912,430,11.88
5649,5648,430,7.14
6928,6927,430,34.74
6163,6063,430,2.36
5732,5731,431,43.36
9203,9202,431,34.71
9513,9512,431,34.56
6204,6203,431,43.64
6024,6023,431,46.66
6004,6003,431,32.13
5904,5903,431,32.15
6428,6427,431,28.68
9720,9719,431,31.02
5926,5825,431,24.9
9823,9822,431,31.71
6036,6035,431,8.7
5925,5924,431,46.87
5232,5231,432,46.71
9102,9101,432,34.66
9303,9302,432,34.45
5932,5931,432,35.08
5035,5034,432,47.08
5135,5034,432,24.54
5908,5807,432,11.92
6530,6529,432,6.4
6231,6130,432,1.6
5832,5831,432,42.36
9408,9407,432,34.57
8866,8967,432,0.88
5749,5748,432,7.18
5912,5911,433,35.64
5805,5804,433,32.12
6828,6727,433,12.21
5134,5033,433,21.6
5846,5746,433,2.59
6125,6124,433,46.68
9202,9201,434,34.37
9512,9511,434,34.71
5924,5923,434,47.08
6104,6103,434,32.15
6326,6325,434,29.91
5825,5824,434,46.94
9616,9615,434,6.58
6622,6521,434,13.33
5925,5824,434,24.93
5807,5806,435,34.96
5931,5930,435,39.85
6023,6022,435,31.42
6003,6002,435,32.14
5903,5902,435,32.06
6427,6426,435,31.63
5035,4934,435,23.89
6202,6101,435,19.24
5136,5036,435,8.53
5907,5806,435,11.97
9302,9301,435,34.17
9407,9406,435,34.59
5911,5910,436,35.65
5232,5131,436,20.63
6624,6523,436,12.28
6623,6522,436,15.95
6827,6726,436,12.23
5231,5230,436,30.98
5033,5032,436,45.34
6103,6102,437,44.14
5804,5803,437,32.26
6124,6123,437,31.21
5825,5724,437,24.67
9511,9510,437,34.76
6028,5928,437,3.48
9460,9560,437,1.29
6115,6014,437,12.25
5930,5929,438,35.44
6002,6001,438,43.82
9406,9405,438,34.69
5923,5922,438,31.17
9615,9614,438,31.46
6217,6116,438,11.56
5542,5442,438,5.89
5338,5239,438,4.25
6666,6567,438,1.03
6325,6324,438,32.12
4934,4933,438,46.56
5910,5909,439,38.94
6022,6021,439,32.03
5902,5901,439,32.18
6426,6425,439,32.15
6010,5909,439,11.82
5958,5957,439,6.38
6129,6029,439,2.64
6232,6131,439,1.78
5230,5229,439,46.14
5131,5130,439,44.67
5032,5031,439,44.69
5724,5723,440,46.17
6520,6420,440,2.4
9510,9509,440,34.8
5922,5921,441,39.51
9614,9613,441,34.6
9405,9404,441,34.78
4933,4932,441,45
6123,6122,441,32.03
5803,5802,441,32.07
5036,4935,441,25.66
6056,5956,441,2.78
9619,9718,441,3.26
5033,4932,441,18.04
5031,5030,442,44.25
6324,6323,442,30.68
5650,5549,442,10.97
6629,6628,442,6.29
5744,5644,442,2.54
4934,4833,442,20.23
9509,9508,443,34.82
6021,6020,443,32.25
5229,5228,443,30.23
5130,5129,443,30.92
5731,5630,443,12.06
6326,6225,443,11.04
5912,5811,443,11.46
5805,5704,443,10.65
5935,6034,443,6.38
5723,5722,443,41.3
6425,6424,443,32
5921,5920,444,35.59
9613,9612,444,34.52
9404,9403,444,34.66
4932,4931,444,44.02
5807,5706,444,12.02
5648,5647,444,7.39
4833,4832,445,44.77
6122,6121,445,32.18
5802,5801,445,31.97
9718,9717,445,31.29
6136,6135,445,6.53
9930,9929,445,6.61
5746,5645,445,12.5
5724,5623,445,19.37
5961,5861,445,2.17
9852,9952,445,1.3
6020,6019,446,34.04
5811,5810,446,35.66
6424,6423,446,33.86
5030,5029,446,31.12
6726,6625,446,14.55
5911,5810,446,11.44
9508,9507,446,43.38
5748,5747,446,7.45
5651,5550,446,2.06
9162,9263,446,0.87
9403,9402,447,34.38
5129,5128,447,30.6
5630,5629,447,31.01
5704,5703,447,32.21
6522,6421,447,14.11
5923,5822,447,10.94
5804,5703,447,10.41
9822,9821,447,6.67
9612,9611,447,34.64
5825,5725,447,6.35
4931,4930,447,44.02
6225,6224,447,31.02
5806,5705,447,11.91
5706,5705,447,35.19
4832,4831,448,44.65
6121,6120,448,35.64
5920,5919,448,33.05
4935,4834,448,22.43
5910,5809,448,12.59
5930,5829,448,11.71
6523,6422,448,12.17
9066,9165,448,4.33
6236,6235,448,3.04
5623,5622,448,37.82
5029,5028,449,44.93
5922,5821,449,12.93
6014,5913,449,12.32
5238,5139,449,4.67
5643,5543,449,2.64
9507,9506,449,34.77
6019,6018,450,32.36
5909,5808,450,13.99
5036,4936,450,6.88
5232,5331,450,6.78
4930,4929,450,44.17
6116,6015,450,11.95
9611,9610,450,34.7
9402,9401,450,34.28
4831,4830,451,44.14
6120,6119,451,34.4
6224,6223,451,32.25
5703,5702,451,32.21
4833,4732,451,17.3
5821,5820,452,34.52
9506,9505,452,34.84
5919,5918,452,32.42
6419,6319,452,2.27
9360,9461,452,0.87
6018,6017,453,34.78
4929,4928,453,44.27
9610,9609,453,34.81
5028,5027,453,30.94
5860,5760,453,2.17
6119,6118,454,33.77
4732,4731,454,46.22
5331,5330,454,30.85
5139,5038,454,29.18
4832,4731,454,17.16
5725,5624,454,23.05
4830,4829,454,44.04
9505,9504,455,34.78
6223,6222,455,31.96
5702,5701,455,31.93
5918,5917,455,35.47
5136,5037,455,4.57
5649,5548,455,2.24
9617,9716,455,3.18
6766,6867,455,0.88
4928,4927,456,44.85
4834,4733,456,17.69
9609,9608,456,43
5630,5529,456,10.96
5811,5710,456,11.39
6017,6016,456,35.47
5820,5819,456,33.2
5706,5605,456,11.89
4731,4730,457,45.13
4936,4835,457,23.53
4831,4730,457,16.59
5704,5603,457,10.55
6118,6117,457,35.1
4829,4828,457,44.06
5330,5329,457,46.1
5753,5653,457,2.22
9826,9925,457,3.2
5623,5522,457,11.95
9504,9503,458,34.65
5647,5646,458,7.28
6034,6033,458,6.68
5917,5916,458,34.88
5710,5709,459,35.67
5605,5604,459,35.32
6222,6221,459,32.22
4732,4631,459,19.48
9608,9607,459,43.04
5038,4937,459,28.91
5705,5604,459,11.81
5810,5709,459,11.5
5722,5721,459,6.3
6421,6320,459,12.46
6366,6266,459,2.71
5819,5818,459,34.83
5603,5602,460,35.67
4828,4827,460,44.82
4730,4729,460,43.87
4927,4926,460,30.99
5139,5039,460,9.92
6135,6134,460,6.81
4830,4729,460,16.49
6265,6165,460,2.42
5829,5728,460,11.89
9503,9502,461,34.48
6033,6032,461,43.22
9925,9924,461,31.71
5808,5707,461,13.28
6422,6321,461,11.66
9929,9928,461,6.6
6323,6322,461,5.45
6318,6218,461,2.23
5329,5328,461,30.09
5818,5817,462,35.43
4631,4630,462,45.34
5709,5708,462,35.34
4731,4630,462,17.76
6015,5914,462,12.51
5913,5812,462,11.55
5916,5915,462,32.79
5128,5127,462,6.97
9821,9820,462,6.78
5721,5720,462,35.07
6429,6528,462,3.6
9607,9606,462,42.96
6566,6467,462,1.28
4827,4826,463,44.93
6221,6220,463,32.15
5629,5628,463,6.66
5624,5523,463,16.52
9502,9501,464,34.53
5602,5601,464,32.25
4926,4925,464,31.52
5728,5727,464,31.8
4733,4632,464,18.73
6235,6234,464,6.36
6624,6524,464,2.51
9657,9757,464,1.29
5622,5621,464,6.41
4630,4629,465,43.67
9924,9923,465,31.81
4937,4836,465,27.02
5760,5659,465,12.02
5038,4938,465,9.53
5039,4938,465,28.67
5725,5625,465,5.62
4835,4734,465,18.9
9606,9605,465,42.78
5720,5719,465,35.58
5817,5816,466,32.99
9820,9819,466,31.03
4828,4727,466,17.36
4826,4825,467,31.17
5628,5627,467,31.68
4631,4530,467,18.04
5542,5443,467,3.04
4629,4628,468,43.31
4925,4924,468,31.96
5727,5726,468,31.84
9605,9604,468,42.96
5605,5504,468,11.81
5027,5026,468,6.79
9828,9927,468,3.23
9756,9855,468,3.15
4727,4726,469,44.11
9923,9922,469,31.67
5816,5815,469,33.6
4827,4726,469,17.49
5710,5609,469,11.35
5548,5547,469,7.26
5239,5240,469,3.28
6428,6527,469,3.4
6728,6627,469,2.97
9559,9659,469,1.28
6063,5963,469,2.6
4530,4529,470,42.78
9819,9818,470,30.82
5603,5502,470,11.33
5653,5552,470,11.01
5931,6030,470,3.81
5932,6031,470,3.5
5819,5718,470,10.38
5504,5503,471,35.49
4825,4824,471,31.61
5627,5626,471,32.05
4938,4837,471,28.02
4632,4531,471,21.37
9604,9603,471,34.79
5529,5528,471,6.89
4628,4627,471,43.5
5039,4939,471,9.22
9716,9715,471,6.54
6726,6626,471,2.93
9066,9166,471,1.76
5609,5608,472,35.68
9927,9926,472,31.29
5818,5717,472,11.72
6320,6219,472,10.99
5815,5814,472,35.14
6165,6064,472,11.9
5239,5140,472,4.23
9827,9926,472,3.23
4836,4735,472,21.8
4529,4528,473,42.43
5502,5501,473,37.45
4726,4725,473,31.26
5707,5606,473,11.87
5721,5620,473,10.53
5522,5521,473,6.65
5528,5527,474,42.58
9818,9817,474,31.31
5552,5551,474,30.59
9603,9602,474,34.71
4734,4633,474,16.26
5817,5716,474,12.69
5914,5813,474,11.92
4627,4626,474,42.78
8867,8868,474,0.84
5608,5607,475,35.65
5708,5607,475,11.64
5812,5711,475,11.49
5720,5619,475,10.99
4528,4527,476,42.09
6134,6133,476,6.64
5139,5040,476,5.44
6427,6526,476,3.19
6156,6057,476,1.41
5328,5327,476,6.88
4939,4838,477,27.85
5527,5526,477,38.32
4530,4429,477,15.3
5659,5558,477,11.9
4938,4838,477,8.55
4626,4625,477,42.01
5127,5126,477,6.73
9602,9601,477,34.73
4837,4736,477,25.92
9817,9816,478,31.75
5816,5715,478,12.52
5716,5715,478,27.37
9614,9713,478,3.61
5330,5429,478,6.14
4527,4526,479,41.19
9615,9714,479,3.21
