4185,4105,8,11.17
4185,4186,8,11.17
4185,4106,11,12.77
4185,4265,14,6.96
4185,4184,14,6.96
4185,4104,16,8.57
4185,4266,16,8.57
4186,4187,17,11.17
4105,4025,17,11.17
4106,4026,20,11.17
4106,4107,20,11.17
4186,4107,20,12.77
4105,4026,20,12.77
4185,4264,21,6.45
4106,4027,23,12.77
4266,4267,25,11.17
4104,4024,25,11.17
4186,4267,25,8.57
4105,4024,25,8.57
4187,4188,26,11.17
4025,3945,26,11.17
4107,4108,29,11.17
4026,3946,29,11.17
4187,4108,29,12.77
4025,3946,29,12.77
4184,4183,29,6.96
4265,4345,29,6.96
4266,4346,31,6.96
4104,4103,31,6.96
4184,4103,31,8.57
4265,4346,31,8.57
4027,3947,32,11.17
4027,4028,32,11.17
4107,4028,32,12.77
4026,3947,32,12.77
4266,4347,33,8.57
4104,4023,33,8.57
4267,4268,34,11.17
4024,3944,34,11.16
4187,4268,34,8.57
4025,3944,34,8.58
4188,4189,35,11.17
3945,3865,35,11.17
4027,3948,35,12.77
4264,4344,36,6.96
4264,4263,36,6.96
4184,4263,36,6.46
4265,4344,36,6.45
4108,4109,38,11.17
3946,3866,38,11.17
4188,4109,38,12.77
3945,3866,38,12.77
4028,4029,41,11.17
3947,3867,41,11.17
4108,4029,41,12.77
3946,3867,41,12.77
4347,4348,42,11.17
4023,3943,42,11.17
4267,4348,42,8.57
4024,3943,42,8.57
4268,4269,43,11.17
3944,3864,43,11.17
4188,4269,43,8.57
3945,3864,43,8.58
4264,4343,43,6.45
4189,4190,44,11.16
3865,3785,44,11.18
3948,3868,44,11.17
3948,3949,44,11.17
4028,3949,44,12.77
3947,3868,44,12.77
4345,4425,44,6.96
4183,4182,44,6.96
4103,4102,46,6.96
4346,4426,46,6.96
4345,4426,46,8.57
4183,4102,46,8.57
4109,4110,47,11.16
3866,3786,47,11.17
4189,4110,47,12.76
3865,3786,47,12.78
3948,3869,47,12.77
4347,4427,48,6.96
4023,4022,48,6.96
4103,4022,48,8.57
4346,4427,48,8.57
4029,4030,50,11.16
3867,3787,50,11.17
4109,4030,50,12.76
3866,3787,50,12.77
4347,4428,50,8.57
4023,3942,50,8.57
4348,4349,51,11.17
3943,3863,51,11.17
4263,4262,51,6.96
4344,4424,51,6.95
4268,4349,51,8.57
3944,3863,51,8.57
4345,4424,51,6.45
4183,4262,51,6.46
4269,4270,52,11.16
3864,3784,52,11.17
4189,4270,52,8.57
3865,3784,52,8.58
4190,4191,53,11.17
3785,3705,53,11.18
3949,3950,53,11.16
3868,3788,53,11.17
4029,3950,53,12.76
3867,3788,53,12.77
4110,4111,56,11.17
3786,3706,56,11.17
3869,3789,56,11.16
3869,3870,56,11.16
4190,4111,56,12.77
3785,3706,56,12.78
3949,3870,56,12.76
3868,3789,56,12.77
4343,4423,58,6.95
4343,4342,58,6.95
4263,4342,58,6.45
4344,4423,58,6.45
3942,3862,59,11.17
4030,4031,59,11.17
3787,3707,59,11.17
4428,4429,59,11.16
4110,4031,59,12.77
3786,3707,59,12.78
3869,3790,59,12.75
4425,4505,59,6.96
4182,4181,59,6.96
4348,4429,59,8.58
3943,3862,59,8.57
4349,4350,60,11.16
3863,3783,60,11.17
4269,4350,60,8.57
3864,3783,60,8.58
3784,3704,61,11.17
4426,4506,61,6.95
4102,4101,61,6.96
4190,4271,61,8.57
4425,4506,61,8.58
3785,3704,61,8.58
4182,4101,61,8.57
3705,3625,62,11.18
3950,3951,62,11.16
3788,3708,62,11.17
4030,3951,62,12.77
3787,3708,62,12.77
4022,4021,63,6.96
4427,4507,63,6.95
4426,4507,63,8.57
4102,4021,63,8.57
3706,3626,65,11.17
4111,4112,65,11.17
3870,3871,65,11.16
3789,3709,65,11.16
3705,3626,65,12.78
3950,3871,65,12.76
3788,3709,65,12.77
3942,3941,65,6.96
4428,4508,65,6.96
4022,3941,65,8.57
4427,4508,65,8.57
4343,4422,65,6.45
4424,4504,66,6.96
4262,4261,66,6.95
4425,4504,66,6.46
4182,4261,66,6.45
3942,3861,67,8.57
4428,4509,67,8.57
3707,3627,68,11.17
3862,3782,68,11.17
4031,4032,68,11.16
3790,3710,68,11.17
3790,3791,68,11.17
3706,3627,68,12.77
4111,4032,68,12.77
3870,3791,68,12.76
3789,3710,68,12.76
4349,4430,68,8.57
3863,3782,68,8.58
4350,4351,69,11.17
3783,3703,69,11.18
3784,3703,69,8.58
3704,3624,70,11.17
3705,3624,70,8.58
4191,4192,70,5.93
3625,3545,71,11.19
3951,3952,71,11.16
3708,3628,71,11.17
3707,3628,71,12.77
4031,3952,71,12.76
3790,3711,71,12.77
4342,4341,73,6.95
4423,4503,73,6.96
4424,4503,73,6.45
4262,4341,73,6.45
3626,3546,74,11.18
3709,3629,74,11.18
3871,3872,74,11.16
3625,3546,74,12.79
3951,3872,74,12.76
3708,3629,74,12.77
4505,4585,74,6.96
4181,4180,74,6.95
3861,3781,76,11.17
4506,4586,76,6.95
4101,4100,76,6.96
3862,3781,76,8.58
4505,4586,76,8.57
4181,4100,76,8.57
3782,3702,77,11.17
3627,3547,77,11.17
4032,4033,77,11.17
3791,3792,77,11.17
3710,3630,77,11.18
3626,3547,77,12.79
3709,3630,77,12.78
3871,3792,77,12.76
4350,4431,77,8.57
3783,3702,77,8.58
3703,3623,78,11.18
4021,4020,78,6.96
4507,4587,78,6.95
4271,4272,78,5.93
4506,4587,78,8.57
3704,3623,78,8.58
4101,4020,78,8.57
3624,3544,79,11.18
3625,3544,79,8.59
3545,3465,80,11.18
3628,3548,80,11.18
3952,3953,80,11.16
3711,3631,80,11.19
3711,3712,80,11.19
3627,3548,80,12.78
4032,3953,80,12.77
3791,3712,80,12.77
3710,3631,80,12.79
4422,4502,80,6.95
4422,4421,80,6.95
3941,3940,80,6.96
4508,4588,80,6.96
4021,3940,80,8.57
4507,4588,80,8.57
4342,4421,80,6.45
4423,4502,80,6.45
4504,4584,81,6.96
4261,4260,81,6.95
4505,4584,81,6.45
4181,4260,81,6.45
3861,3860,82,6.96
4112,4113,82,5.93
3941,3860,82,8.57
4508,4589,82,8.57
3872,3873,83,11.17
3546,3466,83,11.17
3629,3549,83,11.19
3545,3466,83,12.78
3628,3549,83,12.78
3952,3873,83,12.76
3711,3632,83,12.79
4509,4510,83,6.52
3861,3780,84,8.58
3781,3701,85,11.17
3782,3701,85,8.58
3702,3622,86,11.17
3547,3467,86,11.17
3630,3550,86,11.19
3792,3793,86,11.18
3872,3793,86,12.77
3546,3467,86,12.77
3629,3550,86,12.79
4351,4352,86,5.93
3703,3622,86,8.58
3623,3543,87,11.18
3624,3543,87,8.58
4192,4193,87,5.93
4422,4501,87,6.45
3544,3464,88,11.18
4503,4583,88,6.96
4341,4340,88,6.95
3545,3464,88,8.58
4504,4583,88,6.45
4261,4340,88,6.45
3953,3954,89,11.17
3548,3468,89,11.18
3712,3713,89,11.19
3465,3385,89,11.19
3631,3551,89,11.19
3547,3468,89,12.77
3630,3551,89,12.79
3792,3713,89,12.78
4585,4665,89,6.95
4180,4179,89,6.95
4100,4099,91,6.95
4586,4666,91,6.95
4585,4666,91,8.56
4180,4099,91,8.57
3466,3386,92,11.18
3549,3469,92,11.19
3873,3874,92,11.17
3632,3552,92,11.19
3632,3633,92,11.19
3953,3874,92,12.77
3548,3469,92,12.78
3712,3633,92,12.79
3465,3386,92,12.79
3631,3552,92,12.79
3780,3700,93,11.17
4587,4667,93,6.95
4020,4019,93,6.95
4100,4019,93,8.57
3781,3700,93,8.58
4586,4667,93,8.56
3701,3621,94,11.17
3702,3621,94,8.58
4431,4432,94,5.93
4033,4034,94,5.92
3467,3387,95,11.18
3622,3542,95,11.17
3793,3794,95,11.18
3550,3470,95,11.19
3466,3387,95,12.78
3549,3470,95,12.79
3873,3794,95,12.77
3632,3553,95,12.79
3940,3939,95,6.96
4421,4420,95,6.95
4502,4582,95,6.95
4272,4273,95,5.93
4587,4668,95,8.56
3623,3542,95,8.58
4020,3939,95,8.57
4503,4582,95,6.45
4341,4420,95,6.44
3543,3463,96,11.18
4584,4664,96,6.95
4260,4259,96,6.95
3544,3463,96,8.58
4585,4664,96,6.45
4180,4259,96,6.45
4509,4590,96,5
3464,3384,97,11.18
3860,3859,97,6.96
3940,3859,97,8.57
3465,3384,97,8.59
3385,3305,98,11.19
3468,3388,98,11.18
3954,3955,98,11.17
3551,3471,98,11.18
3713,3714,98,11.19
3467,3388,98,12.78
3793,3714,98,12.78
3550,3471,98,12.79
3780,3779,99,6.96
4113,4114,99,5.93
3860,3779,99,8.58
4510,4511,100,5.93
4430,4511,100,4.55
3469,3389,101,11.18
3874,3875,101,11.17
3633,3634,101,11.17
3386,3306,101,11.17
3552,3472,101,11.17
3385,3306,101,12.79
3468,3389,101,12.78
3954,3875,101,12.77
3551,3472,101,12.78
3713,3634,101,12.79
3780,3699,101,8.58
3700,3620,102,11.17
4501,4581,102,6.95
4501,4500,102,6.95
3701,3620,102,8.58
4421,4500,102,6.45
4502,4581,102,6.45
3621,3541,103,11.18
4432,4433,103,11.16
4583,4663,103,6.96
4340,4339,103,6.95
3622,3541,103,8.58
4352,4353,103,5.93
4584,4663,103,6.45
4260,4339,103,6.45
3553,3473,104,11.17
3553,3554,104,11.17
3470,3390,104,11.18
3794,3795,104,11.18
3387,3307,104,11.17
3542,3462,104,11.17
3469,3390,104,12.79
3874,3795,104,12.77
3633,3554,104,12.78
3386,3307,104,12.78
3552,3473,104,12.77
4179,4178,104,6.96
4665,4745,104,6.95
3543,3462,104,8.58
4193,4194,104,5.93
3463,3383,105,11.18
3464,3383,105,8.59
3384,3304,106,11.19
4666,4746,106,6.95
4099,4098,106,6.96
3385,3304,106,8.59
4179,4098,106,8.57
3954,4035,106,8.57
4665,4746,106,8.56
3305,3225,107,11.18
3955,3956,107,11.17
3714,3715,107,11.18
3388,3308,107,11.18
3471,3391,107,11.17
3553,3474,107,12.77
3470,3391,107,12.78
3794,3715,107,12.78
3387,3308,107,12.77
4589,4669,107,4.06
4667,4747,108,6.95
4019,4018,108,6.96
4666,4747,108,8.56
4099,4018,108,8.57
4432,4512,109,6.95
4501,4580,109,6.45
4431,4512,109,4.55
3306,3226,110,11.17
3389,3309,110,11.18
3875,3876,110,11.17
3472,3392,110,11.17
3699,3619,110,11.17
3634,3635,110,11.16
3305,3226,110,12.78
3955,3876,110,12.77
3714,3635,110,12.78
3388,3309,110,12.78
3471,3392,110,12.77
4582,4662,110,6.95
3939,3938,110,6.95
4420,4419,110,6.96
4667,4748,110,8.56
3700,3619,110,8.58
4019,3938,110,8.57
4583,4662,110,6.45
4340,4419,110,6.45
3620,3540,111,11.17
4259,4258,111,6.96
4664,4744,111,6.96
3621,3540,111,8.58
4432,4513,111,8.57
4179,4258,111,6.45
4665,4744,111,6.44
4589,4670,111,5
3541,3461,112,11.17
3859,3858,112,6.96
4590,4591,112,6.52
4273,4274,112,5.92
3542,3461,112,8.58
3939,3858,112,8.57
3462,3382,113,11.18
3795,3796,113,11.17
3390,3310,113,11.18
3307,3227,113,11.17
3554,3555,113,11.17
3473,3393,113,11.17
3306,3227,113,12.77
3389,3310,113,12.78
3875,3796,113,12.77
3472,3393,113,12.77
3634,3555,113,12.76
3463,3382,113,8.59
3383,3303,114,11.19
3779,3778,114,6.96
3859,3778,114,8.57
3384,3303,114,8.59
3304,3224,115,11.18
3305,3224,115,8.58
3955,4036,115,8.58
3225,3145,116,11.19
3956,3957,116,11.17
3474,3394,116,11.15
3474,3475,116,11.15
3391,3311,116,11.18
3715,3716,116,11.17
3308,3228,116,11.18
3795,3716,116,12.77
3390,3311,116,12.78
3307,3228,116,12.77
3554,3475,116,12.77
3473,3394,116,12.77
3699,3698,116,6.96
4114,4115,116,5.92
3779,3698,116,8.58
4500,4499,117,6.96
4581,4661,117,6.96
4582,4661,117,6.45
4420,4499,117,6.45
4663,4743,118,6.96
4339,4338,118,6.96
3699,3618,118,8.58
4259,4338,118,6.45
4664,4743,118,6.45
3226,3146,119,11.17
3876,3877,119,11.17
3309,3229,119,11.17
3619,3539,119,11.17
3635,3636,119,11.16
3392,3312,119,11.18
3225,3146,119,12.79
3956,3877,119,12.77
3474,3395,119,12.75
3391,3312,119,12.78
3715,3636,119,12.77
3308,3229,119,12.78
4745,4825,119,6.95
4178,4177,119,6.96
3620,3539,119,8.58
3540,3460,120,11.17
4670,4671,120,11.16
4433,4434,120,5.92
3541,3460,120,8.58
4353,4354,120,5.92
4591,4592,121,11.17
3461,3381,121,11.18
4098,4097,121,6.96
4746,4826,121,6.94
4194,4195,121,5.92
3462,3381,121,8.58
4745,4826,121,8.56
4178,4097,121,8.57
3227,3147,122,11.18
3382,3302,122,11.18
3310,3230,122,11.18
3796,3797,122,11.17
3393,3313,122,11.17
3555,3556,122,11.16
3226,3147,122,12.77
3876,3797,122,12.77
3309,3230,122,12.77
3635,3556,122,12.76
3392,3313,122,12.78
3383,3302,122,8.59
3303,3223,123,11.18
4747,4827,123,6.95
4018,4017,123,6.96
3304,3223,123,8.59
4098,4017,123,8.57
4746,4827,123,8.56
3224,3144,124,11.2
3225,3144,124,8.59
3956,4037,124,8.58
4500,4579,124,6.45
4581,4660,124,6.45
4668,4749,124,5
3716,3717,125,11.17
3311,3231,125,11.19
3228,3148,125,11.19
3475,3476,125,11.16
3394,3314,125,11.15
3957,3958,125,11.17
3145,3065,125,11.18
3227,3148,125,12.78
3310,3231,125,12.79
3796,3717,125,12.77
3393,3314,125,12.77
3555,3476,125,12.76
4662,4742,125,6.95
3938,3937,125,6.96
4419,4418,125,6.96
4747,4828,125,8.56
4018,3937,125,8.57
4663,4742,125,6.45
4339,4418,125,6.45
4258,4257,126,6.96
4744,4824,126,6.96
4670,4750,126,6.95
4512,4593,126,8.57
4745,4824,126,6.45
4178,4257,126,6.45
3618,3538,127,11.17
3858,3857,127,6.96
3619,3538,127,8.58
3938,3857,127,8.57
3229,3149,128,11.19
3395,3315,128,11.16
3395,3396,128,11.16
3312,3232,128,11.18
3636,3637,128,11.17
3146,3066,128,11.17
3877,3878,128,11.17
3539,3459,128,11.17
3716,3637,128,12.77
3311,3232,128,12.79
3228,3149,128,12.79
3475,3396,128,12.76
3394,3315,128,12.75
3957,3878,128,12.77
3145,3066,128,12.78
3540,3459,128,8.58
4513,4514,128,5.93
4670,4751,128,8.57
3460,3380,129,11.18
3778,3777,129,6.96
4591,4672,129,8.58
3461,3380,129,8.58
4274,4275,129,5.92
3858,3777,129,8.57
3381,3301,130,11.17
3382,3301,130,8.58
3302,3222,131,11.18
3147,3067,131,11.18
3230,3150,131,11.19
3313,3233,131,11.17
3556,3557,131,11.18
3229,3150,131,12.79
3395,3316,131,12.76
3312,3233,131,12.78
3636,3557,131,12.77
3146,3067,131,12.77
3877,3798,131,12.77
3797,3798,131,11.18
3698,3697,131,6.96
3778,3697,131,8.57
3303,3222,131,8.58
3223,3143,132,11.18
4661,4741,132,6.95
3224,3143,132,8.6
4662,4741,132,6.45
4419,4498,132,6.46
3144,3064,133,11.2
4037,4038,133,11.17
4743,4823,133,6.95
3618,3617,133,6.96
4338,4337,133,6.96
4115,4116,133,5.92
3957,4038,133,8.58
3145,3064,133,8.58
3698,3617,133,8.57
4258,4337,133,6.46
4744,4823,133,6.45
3314,3234,134,11.15
3148,3068,134,11.19
3231,3151,134,11.19
3065,2985,134,11.17
3476,3477,134,11.18
3147,3068,134,12.78
3230,3151,134,12.8
3313,3234,134,12.77
3556,3477,134,12.78
4825,4905,134,6.95
4177,4176,134,6.96
3797,3718,134,12.78
3958,3959,134,11.17
3717,3718,134,11.18
4593,4594,135,11.17
3618,3537,135,8.57
3538,3458,136,11.17
4826,4906,136,6.94
4097,4096,136,6.96
4825,4906,136,8.57
4177,4096,136,8.57
3539,3458,136,8.58
4751,4752,137,11.17
3637,3638,137,11.18
3232,3152,137,11.17
3315,3235,137,11.16
3459,3379,137,11.18
3066,2986,137,11.17
3149,3069,137,11.18
3314,3235,137,12.75
3148,3069,137,12.79
3231,3152,137,12.79
3065,2986,137,12.77
3396,3397,137,11.19
3476,3397,137,12.79
4434,4435,137,5.92
3460,3379,137,8.58
4354,4355,137,5.92
3958,3879,137,12.77
3717,3638,137,12.79
3878,3879,137,11.17
3380,3300,138,11.17
4017,4016,138,6.96
4195,4196,138,5.92
3381,3300,138,8.58
4592,4673,138,8.57
4826,4907,138,8.55
4097,4016,138,8.57
3301,3221,139,11.18
4037,4117,139,6.96
3302,3221,139,8.58
4661,4740,139,6.44
4748,4829,139,5
3150,3070,140,11.19
3557,3558,140,11.19
3233,3153,140,11.15
3798,3799,140,11.18
3067,2987,140,11.17
3222,3142,140,11.18
3637,3558,140,12.79
3232,3153,140,12.77
3315,3236,140,12.76
3066,2987,140,12.77
3149,3070,140,12.79
3316,3236,140,11.2
3316,3317,140,11.2
4742,4822,140,6.94
3396,3317,140,12.79
3937,3936,140,6.96
3223,3142,140,8.59
4017,3936,140,8.57
4418,4417,140,6.96
4743,4822,140,6.45
4338,4417,140,6.46
3878,3799,140,12.77
3143,3063,141,11.18
4750,4830,141,6.95
4824,4904,141,6.96
3144,3063,141,8.59
4037,4118,141,8.57
4825,4904,141,6.45
4177,4256,141,6.45
4257,4256,141,6.96
3064,2984,142,11.18
3857,3856,142,6.96
3065,2984,142,8.58
3937,3856,142,8.57
4038,4039,142,11.17
3958,4039,142,8.58
3959,3960,143,11.17
2985,2905,143,11.18
3477,3478,143,11.19
3151,3071,143,11.19
3234,3154,143,11.15
3068,2988,143,11.19
3718,3719,143,11.18
3150,3071,143,12.79
3557,3478,143,12.79
3233,3154,143,12.75
3798,3719,143,12.78
3067,2988,143,12.77
4751,4831,143,6.96
3316,3237,143,12.8
4750,4831,143,8.57
4593,4674,143,8.58
3537,3457,144,11.17
3777,3776,144,6.96
3538,3457,144,8.57
3857,3776,144,8.57
3458,3378,145,11.17
4751,4832,145,8.57
3459,3378,145,8.58
4514,4515,145,5.92
3397,3398,146,11.2
3069,2989,146,11.19
3379,3299,146,11.17
3152,3072,146,11.16
2986,2906,146,11.17
4752,4753,146,11.17
4355,4356,146,11.16
3879,3880,146,11.17
3235,3155,146,11.16
3638,3639,146,11.19
3959,3880,146,12.77
2985,2906,146,12.78
3477,3398,146,12.79
3151,3072,146,12.79
3234,3155,146,12.75
3068,2989,146,12.8
3718,3639,146,12.78
3697,3696,146,6.96
3380,3299,146,8.58
4275,4276,146,5.92
3777,3696,146,8.57
3300,3220,147,11.18
4741,4821,147,6.94
3301,3220,147,8.58
4742,4821,147,6.44
4418,4497,147,6.46
3221,3141,148,11.18
4337,4336,148,6.95
3617,3616,148,6.96
3697,3616,148,8.57
3222,3141,148,8.58
4824,4903,148,6.45
4257,4336,148,6.45
2987,2907,149,11.18
3799,3800,149,11.18
3153,3073,149,11.16
3070,2990,149,11.19
3558,3559,149,11.2
3142,3062,149,11.17
3397,3318,149,12.8
3069,2990,149,12.79
3152,3073,149,12.76
2986,2907,149,12.77
3879,3800,149,12.77
3235,3156,149,12.76
3638,3559,149,12.79
4176,4175,149,6.96
4905,4985,149,6.95
3143,3062,149,8.58
3236,3156,149,11.19
3063,2983,150,11.18
4118,4119,150,11.17
3537,3536,150,6.96
3064,2983,150,8.58
3617,3536,150,8.57
4828,4908,150,4.06
4038,4119,150,8.58
2984,2904,151,11.18
4096,4095,151,6.96
4176,4095,151,8.57
3959,4040,151,8.58
4905,4986,151,8.57
2985,2904,151,8.58
4039,4040,151,11.17
3719,3720,152,11.18
2988,2908,152,11.19
3071,2991,152,11.18
3154,3074,152,11.16
3960,3961,152,11.17
2905,2825,152,11.18
3478,3479,152,11.2
4674,4675,152,11.17
2987,2908,152,12.78
3799,3720,152,12.78
3153,3074,152,12.76
3070,2991,152,12.79
3558,3479,152,12.8
4594,4595,152,5.93
3537,3456,152,8.57
3236,3157,152,12.8
3457,3377,153,11.17
4016,4015,153,6.96
3458,3377,153,8.58
4096,4015,153,8.57
3378,3298,154,11.18
4515,4516,154,11.16
4117,4197,154,6.96
4829,4909,154,6.95
3379,3298,154,8.58
4752,4833,154,8.57
4435,4436,154,5.92
4355,4436,154,8.57
4741,4820,154,6.44
4828,4909,154,5
4356,4357,155,11.16
3880,3881,155,11.17
3299,3219,155,11.17
2906,2826,155,11.18
3398,3399,155,11.21
2989,2909,155,11.18
3639,3640,155,11.19
3072,2992,155,11.16
3155,3075,155,11.17
3719,3640,155,12.78
2988,2909,155,12.8
3071,2992,155,12.78
3154,3075,155,12.76
3960,3881,155,12.77
2905,2826,155,12.78
3478,3399,155,12.81
4417,4416,155,6.95
3936,3935,155,6.96
4822,4902,155,6.94
3300,3219,155,8.58
4673,4754,155,8.58
4016,3935,155,8.57
4337,4416,155,6.45
3220,3140,156,11.18
4830,4910,156,6.95
4118,4198,156,6.96
4904,4984,156,6.95
4256,4255,156,6.95
4117,4198,156,8.57
3221,3140,156,8.58
4829,4910,156,8.56
4176,4255,156,6.45
4905,4984,156,6.45
3141,3061,157,11.16
3856,3855,157,6.96
3936,3855,157,8.57
3142,3061,157,8.58
2990,2910,158,11.18
3073,2993,158,11.16
3800,3801,158,11.18
2907,2827,158,11.18
3062,2982,158,11.18
3559,3560,158,11.18
3156,3076,158,11.19
4356,4277,158,12.76
3880,3801,158,12.77
2906,2827,158,12.79
3398,3319,158,12.81
2989,2910,158,12.79
3639,3560,158,12.79
3072,2993,158,12.76
3155,3076,158,12.77
4830,4911,158,8.56
3063,2982,158,8.58
4118,4199,158,8.57
2983,2903,159,11.17
3237,3238,159,6.53
2984,2903,159,8.58
3856,3775,159,8.57
3776,3775,159,6.95
4119,4120,159,11.17
4039,4120,159,8.58
2904,2824,160,11.19
4040,4041,160,11.17
3960,4041,160,8.58
2905,2824,160,8.58
4674,4755,160,8.57
2825,2745,161,11.18
2991,2911,161,11.18
3961,3962,161,11.17
2908,2828,161,11.19
3720,3721,161,11.18
3074,2994,161,11.16
4595,4596,161,11.17
3456,3376,161,11.17
2990,2911,161,12.78
3073,2994,161,12.76
3800,3721,161,12.79
2907,2828,161,12.78
3559,3480,161,12.79
3156,3077,161,12.79
3696,3695,161,6.95
3457,3376,161,8.58
3776,3695,161,8.57
3377,3297,162,11.18
3378,3297,162,8.58
3237,3158,162,7.47
4417,4496,162,6.45
4822,4901,162,6.44
3298,3218,163,11.18
3616,3615,163,6.96
4336,4335,163,6.95
4356,4437,163,8.57
3299,3218,163,8.58
3696,3615,163,8.57
4904,4983,163,6.45
4256,4335,163,6.45
4907,4987,163,4.06
3219,3139,164,11.17
2909,2829,164,11.18
2826,2746,164,11.19
2992,2912,164,11.15
4357,4358,164,11.16
3881,3882,164,11.17
2825,2746,164,12.78
2991,2912,164,12.78
3961,3882,164,12.77
2908,2829,164,12.79
3720,3641,164,12.79
3074,2995,164,12.76
4175,4174,164,6.95
3075,2995,164,11.18
3220,3139,164,8.58
3140,3060,165,11.17
3536,3535,165,6.96
3141,3060,165,8.57
3616,3535,165,8.57
3061,2981,166,11.17
4095,4094,166,6.95
4175,4094,166,8.57
3062,2981,166,8.58
2827,2747,167,11.18
2910,2830,167,11.16
2993,2913,167,11.16
3801,3802,167,11.19
2982,2902,167,11.19
2909,2830,167,12.78
2826,2747,167,12.79
2992,2913,167,12.75
4357,4278,167,12.77
3881,3802,167,12.77
3456,3455,167,6.96
2983,2902,167,8.58
3536,3455,167,8.57
3075,2996,167,12.78
4199,4200,167,11.17
4907,4988,167,5
4119,4200,167,8.58
2903,2823,168,11.18
4120,4121,168,11.17
4015,4014,168,6.95
4095,4014,168,8.57
2904,2823,168,8.59
4040,4121,168,8.58
4041,4042,169,11.17
2824,2744,169,11.18
4755,4756,169,11.16
4820,4900,169,6.96
4820,4819,169,6.96
2825,2744,169,8.58
4675,4676,169,5.93
3961,4042,169,8.58
4595,4676,169,8.58
3456,3375,169,8.57
2994,2914,170,11.15
4596,4597,170,11.16
2828,2748,170,11.17
3962,3963,170,11.17
2911,2831,170,11.15
3376,3296,170,11.17
3721,3722,170,11.18
2827,2748,170,12.78
2910,2831,170,12.76
2993,2914,170,12.76
3801,3722,170,12.79
4416,4415,170,6.95
3935,3934,170,6.95
4754,4834,170,6.96
4833,4834,170,6.52
2745,2665,170,11.18
3377,3296,170,8.58
4015,3934,170,8.57
4336,4415,170,6.45
4832,4912,170,4.06
3297,3217,171,11.18
4255,4254,171,6.95
4516,4517,171,5.92
3298,3217,171,8.58
4820,4739,171,8.57
3157,3078,171,7.47
4175,4254,171,6.45
3218,3138,172,11.17
3855,3854,172,6.96
3219,3138,172,8.58
4357,4438,172,8.57
3935,3854,172,8.57
4754,4835,172,8.57
2912,2832,173,11.13
4358,4359,173,11.17
3882,3883,173,11.17
2829,2749,173,11.16
3139,3059,173,11.17
2994,2915,173,12.75
2828,2749,173,12.77
3962,3883,173,12.77
2911,2832,173,12.75
3721,3642,173,12.78
4198,4279,173,8.57
3140,3059,173,8.58
2746,2666,173,11.18
2745,2666,173,12.78
2995,2915,173,11.18
4199,4279,173,6.96
3060,2980,174,11.17
3855,3774,174,8.57
3061,2980,174,8.57
4832,4913,174,5
2981,2901,175,11.18
2982,2901,175,8.59
4199,4280,175,8.58
2830,2750,176,11.15
2902,2822,176,11.19
3802,3803,176,11.18
2913,2833,176,11.15
4200,4201,176,11.17
2912,2833,176,12.73
3882,3803,176,12.77
2829,2750,176,12.76
2903,2822,176,8.58
4120,4201,176,8.58
2747,2667,176,11.17
2746,2667,176,12.79
4820,4899,176,6.45
4986,5066,176,4.06
2995,2916,176,12.78
4121,4122,177,11.17
2823,2743,177,11.18
3077,2997,177,6.54
4041,4122,177,8.57
2824,2743,177,8.58
4755,4836,177,8.57
3076,2997,177,7.47
4416,4495,177,6.45
3375,3295,178,11.17
4042,4043,178,11.17
4335,4334,178,6.95
4596,4677,178,8.57
3962,4043,178,8.58
3376,3295,178,8.57
4255,4334,178,6.45
2745,2664,178,8.58
3615,3614,178,6.96
2744,2664,178,11.18
3722,3723,179,11.17
2831,2751,179,11.16
3963,3964,179,11.17
2748,2668,179,11.16
2665,2585,179,11.17
3296,3216,179,11.17
2914,2834,179,11.16
2830,2751,179,12.75
3802,3723,179,12.78
2913,2834,179,12.75
4174,4173,179,6.95
3297,3216,179,8.58
2747,2668,179,12.77
4909,4989,179,4.06
4908,4989,179,5
4579,4659,179,1.85
4579,4578,179,1.85
4660,4659,179,1.85
3217,3137,180,11.18
3218,3137,180,8.58
3535,3534,180,6.96
3077,2998,180,7.47
3615,3534,180,8.57
4986,5067,180,5
3138,3058,181,11.17
4438,4439,181,11.17
4094,4093,181,6.95
4174,4093,181,8.57
4358,4439,181,8.57
3139,3058,181,8.58
4910,4990,181,4.05
2915,2835,182,11.18
3059,2979,182,11.17
2749,2669,182,11.16
3883,3884,182,11.17
2666,2586,182,11.18
3722,3643,182,12.77
2831,2752,182,12.75
3963,3884,182,12.77
2748,2669,182,12.76
2665,2586,182,12.78
4359,4360,182,11.17
2914,2835,182,12.76
3455,3454,182,6.96
3060,2979,182,8.58
3535,3454,182,8.57
3774,3694,183,11.16
4014,4013,183,6.95
4094,4013,183,8.57
2981,2900,183,8.58
4911,4991,183,4.06
4833,4914,183,5.01
2901,2821,184,11.18
4280,4281,184,11.18
3375,3374,184,6.96
4900,4980,184,6.96
3455,3374,184,8.57
2902,2821,184,8.59
4819,4818,184,6.97
4200,4281,184,8.58
2833,2753,185,11.15
4201,4202,185,11.17
3803,3804,185,11.18
2750,2670,185,11.17
2915,2836,185,12.78
2749,2670,185,12.76
3883,3804,185,12.77
2666,2587,185,12.78
4415,4414,185,6.95
3934,3933,185,6.95
4014,3933,185,8.57
4121,4202,185,8.57
4335,4414,185,6.45
2823,2742,185,8.58
2822,2742,185,11.18
4122,4123,186,11.17
2743,2663,186,11.18
4836,4837,186,11.17
4254,4253,186,6.95
3375,3294,186,8.57
4756,4757,186,5.93
4900,4981,186,8.58
4042,4123,186,8.57
2996,2917,186,7.48
4819,4738,186,8.59
4174,4253,186,6.45
4739,4738,186,6.96
2744,2663,186,8.59
3295,3215,187,11.17
4043,4044,187,11.17
2664,2584,187,11.18
4438,4518,187,6.96
3854,3853,187,6.96
3078,3079,187,6.53
3963,4044,187,8.57
2665,2584,187,8.58
3296,3215,187,8.58
4597,4598,187,5.93
3934,3853,187,8.56
4911,4992,187,5
3964,3965,188,11.17
2585,2505,188,11.17
2751,2671,188,11.16
2668,2588,188,11.16
3216,3136,188,11.18
3723,3724,188,11.17
2833,2754,188,12.75
3803,3724,188,12.78
2750,2671,188,12.77
3217,3136,188,8.58
2834,2754,188,11.16
4739,4658,188,8.58
3137,3057,189,11.17
3774,3773,189,6.95
3138,3057,189,8.58
4438,4519,189,8.57
3854,3773,189,8.57
4986,5065,189,3.76
4439,4440,190,11.17
3058,2978,190,11.17
3059,2978,190,8.58
3078,2999,190,7.47
4359,4440,190,8.58
3884,3885,191,11.18
2586,2506,191,11.17
3643,3563,191,11.18
3643,3644,191,11.18
2835,2755,191,11.16
3964,3885,191,12.77
2585,2506,191,12.77
2751,2672,191,12.76
2668,2589,191,12.76
3723,3644,191,12.78
3774,3693,191,8.57
2834,2755,191,12.76
4900,4979,191,6.46
4819,4898,191,6.46
4899,4979,191,6.97
4899,4898,191,6.97
4360,4361,191,11.17
4495,4575,192,6.95
4495,4494,192,6.95
4836,4916,192,6.96
2901,2820,192,8.58
4415,4494,192,6.45
4987,5068,192,5
4988,5068,192,4.06
4281,4282,193,11.18
2979,2899,193,9.49
4334,4333,193,6.95
4201,4282,193,8.58
4254,4333,193,6.45
2822,2741,193,8.58
2821,2741,193,11.18
2587,2507,194,11.16
3804,3805,194,11.18
4202,4203,194,11.17
2742,2662,194,11.18
3884,3805,194,12.78
2586,2507,194,12.77
3643,3564,194,12.78
2835,2756,194,12.76
4173,4172,194,6.95
4578,4577,194,6.96
4495,4576,194,8.57
4122,4203,194,8.57
2743,2662,194,8.59
4836,4917,194,8.57
2670,2590,194,11.17
2663,2583,195,11.18
4837,4838,195,11.17
4981,4982,195,11.16
4123,4124,195,11.17
3294,3214,195,11.17
3534,3533,195,6.96
4677,4678,195,5.93
3295,3214,195,8.57
4043,4124,195,8.57
2664,2583,195,8.58
2916,2837,195,7.47
2584,2504,196,11.18
4044,4045,196,11.17
3215,3135,196,11.17
4598,4599,196,11.17
4093,4092,196,6.95
2998,2918,196,6.54
4173,4092,196,8.56
3964,4045,196,8.57
2585,2504,196,8.57
3216,3135,196,8.58
2997,2918,196,7.48
4988,5069,196,5
3965,3966,197,11.17
2505,2425,197,11.17
2588,2508,197,11.17
3724,3725,197,11.18
3136,3056,197,11.17
2587,2508,197,12.76
3804,3725,197,12.78
3454,3453,197,6.96
3137,3056,197,8.57
3534,3453,197,8.57
2754,2674,197,11.16
4835,4915,197,4.06
2670,2591,197,12.77
3057,2977,198,11.17
4519,4520,198,11.17
4837,4758,198,12.77
4013,4012,198,6.95
4439,4520,198,8.58
3058,2977,198,8.58
4093,4012,198,8.57
4899,4978,198,6.46
2978,2898,199,11.18
2999,2919,199,11.2
2999,3000,199,11.2
4440,4441,199,11.17
3454,3373,199,8.57
3643,3562,199,8.58
4980,5060,199,6.96
2998,2919,199,7.48
4495,4574,199,6.45
3374,3373,199,6.96
4913,4993,199,4.06
4912,4993,199,5
4360,4441,199,8.57
3644,3645,200,11.18
3885,3886,200,11.18
2506,2426,200,11.17
3965,3886,200,12.77
2505,2426,200,12.77
2588,2509,200,12.77
3724,3645,200,12.78
4414,4413,200,6.96
4013,3932,200,8.57
2754,2675,200,12.76
4334,4413,200,6.45
3078,3159,200,5.02
4361,4362,200,11.17
4253,4252,201,6.95
4981,5061,201,6.96
4738,4737,201,6.97
3294,3293,201,6.96
4980,5061,201,8.58
4173,4252,201,6.45
4578,4657,201,6.46
3374,3293,201,8.57
5066,5146,201,4.06
2821,2740,201,8.58
4282,4283,202,11.18
2741,2661,202,11.18
2999,2920,202,12.8
4202,4283,202,8.58
2742,2661,202,8.58
3534,3613,202,6.45
3805,3806,203,11.18
4203,4204,203,11.17
2662,2582,203,11.18
2507,2427,203,11.16
3644,3565,203,12.78
3885,3806,203,12.78
2506,2427,203,12.77
2663,2582,203,8.58
4837,4918,203,8.57
4981,5062,203,8.57
4123,4204,203,8.58
4917,4918,203,11.17
3294,3213,203,8.58
2900,2819,203,7.29
4913,4994,203,5
4678,4679,204,11.17
2583,2503,204,11.17
4124,4125,204,11.16
2584,2503,204,8.58
4044,4125,204,8.57
4838,4839,204,11.17
3215,3134,204,8.58
4598,4679,204,8.57
3214,3134,204,11.17
2836,2757,204,7.46
2504,2424,205,11.18
4599,4600,205,11.17
4045,4046,205,11.16
3135,3055,205,11.17
3965,4046,205,8.57
2505,2424,205,8.58
3136,3055,205,8.58
2917,2838,205,7.46
5067,5147,205,4.06
2754,2673,205,8.57
5066,5147,205,5
2508,2428,206,11.17
2425,2345,206,11.17
3725,3726,206,11.17
3966,3967,206,11.17
3056,2976,206,11.17
3805,3726,206,12.78
2507,2428,206,12.76
4898,4897,206,6.97
4979,5059,206,6.97
3057,2976,206,8.57
4980,5059,206,6.46
4990,5070,206,4.05
4520,4521,207,11.17
2977,2897,207,11.17
4575,4655,207,6.96
4494,4493,207,6.96
2978,2897,207,8.58
2999,3080,207,8.6
4838,4759,207,12.77
4440,4521,207,8.57
4414,4493,207,6.45
3000,3001,208,11.2
2919,2839,208,11.18
4441,4442,208,11.17
4333,4332,208,6.95
4898,4817,208,8.59
2674,2594,208,9.47
4253,4332,208,6.45
4738,4817,208,6.47
4991,5071,208,4.05
4361,4442,208,8.58
2675,2595,209,11.17
2675,2676,209,11.17
3886,3887,209,11.18
2426,2346,209,11.16
3645,3646,209,11.17
4362,4363,209,11.17
2508,2429,209,12.77
2425,2346,209,12.77
3725,3646,209,12.78
3966,3887,209,12.77
4576,4656,209,6.95
4172,4171,209,6.95
4575,4656,209,8.58
4917,4997,209,6.96
5067,5148,209,5
2898,2818,210,9.49
2741,2660,210,8.58
2920,2840,211,11.19
2920,2921,211,11.19
4283,4284,211,11.18
2661,2581,211,11.18
3000,2921,211,12.81
2919,2840,211,12.79
4092,4091,211,6.95
4203,4284,211,8.58
4172,4091,211,8.56
2662,2581,211,8.58
4917,4998,211,8.57
4984,5064,211,1.85
2582,2502,212,11.18
4204,4205,212,11.17
3806,3807,212,11.17
2675,2596,212,12.77
3886,3807,212,12.78
2426,2347,212,12.76
3645,3566,212,12.77
3453,3452,212,6.96
2583,2502,212,8.57
4982,5063,212,8.57
4124,4205,212,8.57
4992,5072,212,4.05
4838,4919,212,8.57
3214,3133,212,8.57
4991,5072,212,5
4918,4919,212,11.17
3213,3133,212,11.17
4914,4995,212,5
2820,2739,212,7.29
2503,2423,213,11.17
4125,4126,213,11.16
3134,3054,213,11.17
4839,4840,213,11.17
4012,4011,213,6.95
4679,4680,213,11.17
2504,2423,213,8.59
4599,4680,213,8.58
4092,4011,213,8.57
4045,4126,213,8.57
3135,3054,213,8.58
2756,2677,213,7.46
4898,4977,213,6.47
4979,5058,213,6.46
4046,4047,214,11.17
2424,2344,214,11.19
2920,2841,214,12.79
3373,3372,214,6.96
4574,4654,214,6.97
4574,4573,214,6.97
4600,4601,214,11.17
2425,2344,214,8.58
3453,3372,214,8.57
3966,4047,214,8.57
3056,2975,214,8.57
3055,2975,214,11.17
2837,2758,214,7.46
4575,4654,214,6.46
4494,4573,214,6.46
5065,5145,214,4.06
5066,5145,214,3.76
2345,2265,215,11.17
3726,3727,215,11.17
3967,3968,215,11.18
3806,3727,215,12.78
4413,4412,215,6.96
2977,2896,215,8.58
4012,3931,215,8.57
2976,2896,215,11.17
4333,4412,215,6.45
3080,3081,216,11.19
4759,4760,216,11.17
4252,4251,216,6.95
4839,4760,216,12.77
4521,4522,216,11.17
3000,3081,216,8.6
3373,3292,216,8.57
5061,5141,216,6.96
4441,4522,216,8.58
4172,4251,216,6.45
4992,5073,216,4.99
2673,2593,216,9.47
4917,4996,216,6.45
3293,3292,216,6.96
3001,3002,217,11.19
2427,2348,217,10.84
4362,4443,217,8.58
4442,4443,217,11.17
3646,3647,218,11.17
3887,3888,218,11.18
2345,2266,218,12.77
3726,3647,218,12.77
3967,3888,218,12.78
4363,4364,218,11.18
2897,2817,218,9.48
5061,5142,218,8.57
3293,3212,218,8.57
3213,3212,218,6.96
2660,2580,219,11.18
2661,2580,219,8.58
3453,3532,219,6.45
2594,2514,219,9.47
2840,2760,220,11.19
4998,4999,220,11.17
3001,2922,220,12.79
2595,2515,220,9.49
2582,2501,220,8.58
2581,2501,220,11.17
4204,4285,220,8.58
4284,4285,220,11.18
4918,4999,220,8.57
3213,3132,220,8.58
3133,3053,221,11.17
3807,3808,221,11.18
4919,4920,221,11.17
3646,3567,221,12.77
2676,2597,221,12.79
3887,3808,221,12.78
4897,4896,221,6.96
2503,2422,221,8.58
2502,2422,221,11.17
4125,4206,221,8.57
3134,3053,221,8.57
4205,4206,221,11.16
2740,2659,221,7.29
4839,4920,221,8.58
4574,4653,221,6.46
5069,5149,221,4.06
2818,2738,221,9.49
5068,5149,221,5
4680,4681,222,11.17
2677,2678,222,11.17
4840,4841,222,11.18
3080,3160,222,6.97
4493,4492,222,6.97
2423,2343,222,11.19
4046,4127,222,8.57
2424,2343,222,8.59
4126,4127,222,11.16
4413,4492,222,6.46
4600,4681,222,8.58
3055,2974,222,8.58
4601,4602,223,11.17
2841,2761,223,11.18
2841,2842,223,11.18
2758,2759,223,11.19
2596,2516,223,9.49
2347,2267,223,9.48
2840,2761,223,12.8
2346,2267,223,10.83
4332,4331,223,6.96
2595,2516,223,10.85
2345,2264,223,8.57
4897,4816,223,8.58
2344,2264,223,11.18
3967,4048,223,8.58
4047,4048,223,11.17
4657,4736,223,6.46
4252,4331,223,6.45
5061,5140,223,6.45
2976,2895,223,8.58
3727,3728,224,11.17
3807,3728,224,12.78
4171,4170,224,6.95
3080,3161,224,8.59
3968,3969,224,11.18
3081,3082,225,11.18
2677,2598,225,12.78
4760,4761,225,11.18
4522,4523,225,11.17
4840,4761,225,12.78
3001,3082,225,8.59
5069,5150,225,5
2673,2592,225,7.27
2672,2592,225,2.96
4442,4523,225,8.58
4443,4444,226,11.17
2265,2185,226,9.48
2841,2762,226,12.78
2758,2679,226,12.79
2596,2517,226,10.85
2347,2268,226,10.84
4091,4090,226,6.95
4998,5078,226,6.96
4171,4090,226,8.57
4363,4444,226,8.58
5146,5226,226,4.06
2896,2816,226,9.49
4364,4365,227,11.18
3647,3648,227,11.17
3888,3889,227,11.18
3727,3648,227,12.77
3452,3451,227,6.96
3968,3889,227,12.78
2593,2513,227,9.47
2660,2579,227,8.58
5065,5144,227,3.76
2580,2500,228,11.18
2348,2349,228,9.49
4977,5057,228,6.96
4977,4976,228,6.96
4091,4010,228,8.57
4998,5079,228,8.57
4897,4976,228,6.46
4994,5074,228,4.06
2581,2500,228,8.58
4993,5074,228,5
2590,2510,228,2.96
2501,2421,229,11.17
4285,4286,229,11.17
4999,5000,229,11.17
2266,2186,229,9.48
2817,2737,229,9.48
2265,2186,229,10.84
4654,4734,229,6.98
4573,4572,229,6.97
3133,3052,229,8.58
3452,3371,229,8.57
4919,5000,229,8.58
3372,3371,229,6.96
4493,4572,229,6.46
2502,2421,229,8.58
4205,4286,229,8.57
3132,3052,229,11.17
4206,4207,230,11.17
2422,2342,230,11.18
4920,4921,230,11.18
3808,3809,230,11.19
3647,3568,230,12.77
3888,3809,230,12.78
4412,4411,230,6.96
4840,4921,230,8.58
4332,4411,230,6.45
2423,2342,230,8.59
5147,5227,230,4.06
4126,4207,230,8.57
5146,5227,230,5
2514,2434,230,9.48
4127,4128,231,11.17
2343,2263,231,11.18
4681,4682,231,11.17
2515,2435,231,9.49
2348,2269,231,10.85
4251,4250,231,6.96
4601,4682,231,8.58
4654,4735,231,8.6
4841,4842,231,11.17
3372,3291,231,8.57
4656,4735,231,6.46
4171,4250,231,6.45
2344,2263,231,8.58
4047,4128,231,8.57
5141,5221,231,6.97
3292,3291,231,6.96
2591,2511,231,2.96
4602,4603,232,11.17
2761,2681,232,11.16
4048,4049,232,11.16
3053,2973,232,9.49
2738,2658,232,9.49
2266,2187,232,10.84
3968,4049,232,8.58
4994,5075,232,5
2739,2658,232,7.29
3728,3729,233,11.18
3161,3162,233,11.18
2974,2894,233,9.48
2597,2518,233,12.77
3808,3729,233,12.79
3081,3162,233,8.58
4998,5077,233,6.45
5071,5151,233,4.06
5141,5222,233,8.58
3292,3211,233,8.57
3212,3211,233,6.96
2598,2599,234,11.18
2264,2184,234,9.49
2678,2599,234,12.78
4761,4762,234,11.17
2515,2436,234,10.85
4443,4524,234,8.58
2516,2436,234,9.49
4841,4762,234,12.78
3452,3531,234,6.45
4523,4524,234,11.17
5148,5228,234,4.06
2895,2815,234,9.48
5147,5228,234,5
2679,2680,235,11.17
4444,4445,235,11.17
2761,2682,235,12.76
2517,2437,235,11.18
4364,4445,235,8.58
4977,5056,235,6.46
3132,3131,235,6.96
3212,3131,235,8.58
4365,4366,236,11.18
3648,3649,236,11.18
2579,2499,236,11.17
3728,3649,236,12.78
4653,4733,236,6.97
4653,4652,236,6.97
4896,4895,236,6.97
2580,2499,236,8.58
4654,4733,236,6.47
4573,4652,236,6.46
2592,2512,236,9.47
2593,2512,236,7.27
5079,5080,237,11.17
2500,2420,237,11.18
2816,2736,237,9.48
2598,2519,237,12.78
2267,2188,237,10.84
4492,4491,237,6.97
2185,2105,237,9.48
2501,2420,237,8.58
4999,5080,237,8.58
4412,4491,237,6.46
5072,5152,237,4.05
5071,5152,237,5
3132,3051,237,8.58
5000,5001,238,11.18
2421,2341,238,11.17
4286,4287,238,11.17
3052,2972,238,11.18
2679,2600,238,12.77
4331,4330,238,6.96
2517,2438,238,12.79
4206,4287,238,8.57
2422,2341,238,8.59
4920,5001,238,8.58
4896,4815,238,8.58
4251,4330,238,6.45
5148,5229,238,5
5141,5220,238,6.46
4921,4922,239,11.18
2342,2262,239,11.19
3648,3569,239,12.78
4170,4169,239,6.95
3161,3241,239,6.97
4127,4208,239,8.58
2343,2262,239,8.59
5145,5225,239,4.06
4841,4922,239,8.58
5146,5225,239,3.76
2514,2433,239,7.28
4682,4683,240,11.17
2737,2657,240,9.49
2186,2106,240,9.48
4602,4683,240,8.57
4048,4129,240,8.57
4842,4843,240,11.17
2185,2106,240,10.84
2681,2601,241,11.18
4049,4050,241,11.17
4603,4604,241,11.17
5078,5158,241,6.96
4090,4089,241,6.95
4170,4089,241,8.57
3161,3242,241,8.58
2659,2578,241,7.29
5073,5153,241,4.06
2434,2354,241,9.48
5072,5153,241,4.99
4995,5076,241,5
4996,5076,241,4.06
3162,3163,242,11.18
2511,2431,242,9.48
3451,3450,242,6.95
2974,2893,242,7.28
2509,2430,242,3.39
2435,2355,242,9.49
4524,4525,243,11.17
2186,2107,243,10.84
5079,5159,243,6.96
5078,5159,243,8.57
4090,4009,243,8.56
4444,4525,243,8.58
4762,4763,243,11.17
2264,2183,243,7.28
4842,4763,243,12.77
4653,4732,243,6.47
4896,4975,243,6.46
2895,2814,243,7.28
4445,4446,244,11.18
2681,2602,244,12.78
4049,3970,244,12.77
4572,4571,244,6.97
4365,4446,244,8.58
3451,3370,244,8.57
2579,2498,244,8.58
4492,4571,244,6.46
3371,3370,244,6.96
2499,2419,245,11.18
2184,2104,245,9.48
2815,2735,245,9.48
3162,3083,245,12.78
2518,2439,245,12.79
4411,4410,245,6.96
2511,2432,245,10.84
5079,5160,245,8.57
2500,2419,245,8.58
4331,4410,245,6.46
5073,5154,245,5
2436,2356,245,9.49
2435,2356,245,10.85
2420,2340,246,11.16
2519,2520,246,11.2
5080,5081,246,11.17
2599,2520,246,12.78
4250,4249,246,6.96
3291,3290,246,6.96
5000,5081,246,8.58
2421,2340,246,8.57
4286,4367,246,8.58
3052,2971,246,8.58
3051,2971,246,11.17
4170,4249,246,6.45
3161,3240,246,6.46
2437,2357,246,9.5
3371,3290,246,8.57
3399,3400,246,1.11
2341,2261,247,11.18
5001,5002,247,11.18
4921,5002,247,8.58
2342,2261,247,8.59
2438,2358,247,11.19
4922,4923,248,11.17
2736,2656,248,9.48
2105,2025,248,9.49
2188,2108,248,9.48
2188,2189,248,9.48
3211,3210,248,6.96
3291,3210,248,8.57
5078,5157,248,6.45
4842,4923,248,8.57
4843,4844,249,11.18
2972,2892,249,9.49
4683,4684,249,11.17
2519,2440,249,12.8
3531,3611,249,6.95
3531,3530,249,6.95
4049,4130,249,8.58
3451,3530,249,6.45
4603,4684,249,8.57
3319,3239,249,1.11
3319,3320,249,1.11
3560,3561,249,1.11
2601,2521,250,11.18
4050,4051,250,11.17
3242,3243,250,11.18
2600,2521,250,12.78
5056,5136,250,6.96
5056,5055,250,6.96
3131,3130,250,6.96
3162,3243,250,8.58
3211,3130,250,8.57
5150,5230,250,4.06
2438,2359,250,12.79
5149,5230,250,5.01
2434,2353,250,7.28
4604,4605,250,11.16
2657,2577,251,9.49
4287,4288,251,8.3
2105,2026,251,10.85
2188,2109,251,10.84
4895,4894,251,6.96
4652,4651,251,6.97
4733,4813,251,6.97
3531,3612,251,8.56
2106,2026,251,9.48
4572,4651,251,6.46
5226,5306,251,4.06
2429,2350,251,3.39
4525,4526,252,11.18
4843,4764,252,12.78
4208,4209,252,8.29
4491,4490,252,6.96
5056,5137,252,8.58
4445,4526,252,8.58
3131,3050,252,8.58
4763,4764,252,11.18
4411,4490,252,6.46
3051,3050,252,6.96
5142,5143,252,2.96
5145,5224,252,3.77
3480,3481,252,1.11
4446,4447,253,11.18
2602,2522,253,11.16
2602,2603,253,11.16
2498,2418,253,11.17
2601,2522,253,12.78
4050,3971,253,12.77
4330,4329,253,6.96
4895,4814,253,8.58
2499,2418,253,8.58
4733,4814,253,8.58
4250,4329,253,6.45
2893,2813,253,9.49
2894,2813,253,7.28
2355,2275,253,9.49
5160,5161,254,11.17
2419,2339,254,11.17
2814,2734,254,9.48
3241,3321,254,6.96
4169,4168,254,6.96
2420,2339,254,8.57
5080,5161,254,8.58
2184,2103,254,7.28
2815,2734,254,7.28
2106,2027,254,10.84
3051,2970,254,8.58
5150,5231,254,5.01
5081,5082,255,11.17
2340,2260,255,11.17
2971,2891,255,11.17
2262,2182,255,6.52
2341,2260,255,8.59
5001,5082,255,8.58
5227,5307,255,4.06
5226,5307,255,5
5002,5003,256,11.18
2261,2181,256,11.18
2735,2655,256,9.48
2356,2276,256,9.5
2602,2523,256,12.76
5158,5238,256,6.96
3242,3322,256,6.97
3241,3322,256,8.58
4169,4088,256,8.57
4922,5003,256,8.58
3531,3610,256,6.45
2358,2278,256,11.18
2355,2276,256,10.85
4923,4924,257,11.17
4843,4924,257,8.58
2105,2024,257,7.28
5056,5135,257,6.46
5074,5155,257,5
2439,2360,257,12.79
3450,3449,257,6.95
5075,5155,257,4.06
2357,2277,257,9.51
4844,4845,258,11.18
5159,5239,258,6.96
4732,4812,258,6.97
4732,4731,258,6.97
5158,5239,258,8.57
4050,4131,258,8.58
3242,3323,258,8.59
4684,4685,258,11.16
2520,2441,258,12.78
4895,4974,258,6.46
4652,4731,258,6.46
4733,4812,258,6.46
2440,2441,258,11.16
4604,4685,258,8.57
4051,4052,259,11.18
4605,4606,259,11.17
2656,2576,259,9.49
2108,2028,259,9.48
4367,4368,259,8.31
2498,2497,259,6.96
4571,4570,259,6.97
3370,3369,259,6.95
4491,4570,259,6.46
5228,5308,259,4.05
5227,5308,259,5
3450,3369,259,8.57
2358,2279,259,12.79
2359,2279,259,11.17
5160,5240,260,6.96
4410,4409,260,6.97
5159,5240,260,8.57
4330,4409,260,6.46
2892,2812,260,9.49
4526,4527,261,11.18
4764,4765,261,11.17
4844,4765,261,12.78
3290,3289,261,6.96
4249,4248,261,6.96
4446,4527,261,8.58
2602,2683,261,8.57
2498,2417,261,8.58
3370,3289,261,8.57
4169,4248,261,6.45
5137,5138,261,11.17
2440,2361,261,12.76
5075,5156,261,5
5059,5139,261,1.85
2418,2338,262,11.17
2109,2029,262,9.48
2109,2110,262,9.48
4051,3972,262,12.78
2350,2270,262,9.47
2350,2351,262,9.47
2108,2029,262,10.84
5160,5241,262,8.58
2419,2338,262,8.57
4208,4289,262,6.37
5152,5232,262,4.06
5151,5232,262,5.01
2522,2442,262,11.16
2521,2442,262,12.77
2359,2280,262,12.77
2355,2274,262,7.29
2970,2890,263,11.17
5161,5162,263,11.18
5157,5237,263,6.96
3210,3209,263,6.96
3290,3209,263,8.57
5081,5162,263,8.58
2340,2259,263,8.58
2814,2733,263,7.28
2971,2890,263,8.58
5158,5237,263,6.45
4129,4210,263,6.37
5229,5309,263,4.06
5228,5309,263,5
2260,2180,264,11.19
5082,5083,264,11.18
2275,2195,264,9.49
2189,2190,264,6.51
5002,5083,264,8.58
2261,2180,264,8.58
3530,3529,264,6.95
5225,5305,264,4.06
5226,5305,264,3.77
3450,3529,264,6.45
2278,2198,265,11.18
5003,5004,265,11.17
2103,2023,265,9.49
2734,2654,265,9.49
2109,2030,265,10.83
2350,2271,265,10.83
5055,5054,265,6.96
3130,3129,265,6.96
4923,5004,265,8.58
3210,3129,265,8.57
2735,2654,265,7.28
2027,1947,265,9.48
4732,4811,265,6.46
2523,2443,265,11.16
2523,2524,265,11.16
2522,2443,265,12.76
4924,4925,266,11.18
4447,4448,266,8.31
2891,2811,266,9.49
4844,4925,266,8.58
4894,4893,266,6.96
4813,4893,266,6.96
4571,4650,266,6.46
5306,5386,266,6.95
5153,5233,266,4.06
4651,4650,266,6.97
5152,5233,266,5
4845,4846,267,11.18
2655,2575,267,9.48
2276,2196,267,9.49
2275,2196,267,10.85
3050,3049,267,6.96
4490,4489,267,6.97
4051,4132,267,8.58
3130,3049,267,8.58
4605,4686,267,8.57
4410,4489,267,6.46
5229,5310,267,5
5224,5304,267,6.96
5224,5223,267,6.96
5137,5217,267,6.96
4685,4686,267,11.16
5222,5223,267,2.97
4606,4607,268,11.17
2279,2199,268,11.17
2024,1944,268,9.5
2277,2197,268,9.5
2278,2199,268,12.78
4329,4328,268,6.97
4249,4328,268,6.46
2027,1948,268,10.84
5306,5387,268,8.57
2523,2444,268,12.76
2360,2281,269,12.76
4168,4167,269,6.96
2970,2969,269,6.96
3050,2969,269,8.58
5137,5218,269,8.58
2361,2362,270,11.17
4527,4528,270,11.18
2576,2496,270,9.49
4845,4766,270,12.78
2418,2337,270,8.57
2441,2362,270,12.77
5157,5236,270,6.45
4765,4766,270,11.17
5153,5234,270,5
5154,5234,270,4.06
2280,2200,271,11.16
5241,5242,271,11.17
2812,2732,271,9.49
2279,2200,271,12.77
2024,1945,271,10.86
5238,5318,271,6.96
2182,2102,271,6.52
4168,4087,271,8.57
2970,2889,271,8.58
5161,5242,271,8.58
2103,2102,271,5.91
3530,3609,271,6.45
5162,5163,272,11.19
4368,4369,272,8.3
3449,3448,272,6.95
2181,2101,272,6.52
2260,2179,272,8.59
5082,5163,272,8.58
5055,5134,272,6.46
4130,4211,272,6.37
5135,5215,272,6.97
5135,5134,272,6.97
2890,2810,272,11.17
5083,5084,273,11.17
2029,1949,273,9.48
2338,2258,273,9.48
2274,2194,273,9.48
2361,2282,273,12.77
5239,5319,273,6.96
5238,5319,273,8.57
5003,5084,273,8.57
2275,2194,273,7.29
4894,4973,273,6.46
4813,4892,273,6.46
4812,4892,273,6.96
5306,5385,273,6.45
4651,4730,273,6.46
4731,4730,273,6.97
2351,2352,273,9.48
2523,2604,273,8.57
2198,2118,274,11.17
5004,5005,274,11.17
2443,2363,274,11.16
2733,2653,274,9.49
2280,2201,274,12.76
3369,3368,274,6.95
4570,4569,274,6.97
2442,2363,274,12.77
4924,5005,274,8.58
3449,3368,274,8.57
2103,2022,274,7.28
2734,2653,274,7.28
4490,4569,274,6.46
2027,1946,274,7.28
5135,5216,274,8.58
5224,5303,274,6.45
5154,5235,274,5
5137,5216,274,6.46
3480,3401,274,1.27
4925,4926,275,11.18
2195,2115,275,9.5
4289,4290,275,8.29
5240,5320,275,6.96
4409,4408,275,6.97
4845,4926,275,8.58
5239,5320,275,8.57
4329,4408,275,6.46
4209,4290,275,6.36
4686,4687,276,11.16
1947,1867,276,9.48
2023,1943,276,9.49
2654,2574,276,9.49
2029,1950,276,10.83
4248,4247,276,6.97
3289,3288,276,6.96
2271,2191,276,9.48
2271,2272,276,9.48
3369,3288,276,8.57
4606,4687,276,8.58
2655,2574,276,7.28
4168,4247,276,6.45
4846,4847,276,11.18
2351,2272,276,10.84
2199,2119,277,11.16
2198,2119,277,12.77
4607,4608,277,11.18
2443,2364,277,12.76
5241,5321,277,6.96
5240,5321,277,8.57
2811,2731,277,9.49
5387,5388,277,11.17
5218,5219,278,11.17
2196,2116,278,9.49
2575,2495,278,9.48
2195,2116,278,10.86
3209,3208,278,6.96
5237,5317,278,6.96
2110,2111,278,6.51
2417,2416,278,5.91
3289,3208,278,8.57
5238,5317,278,6.45
1948,1868,279,9.48
2197,2117,279,9.49
4448,4449,279,8.31
1947,1868,279,10.84
5241,5322,279,8.57
2274,2273,279,5.91
2271,2192,279,10.83
3449,3528,279,6.45
5231,5311,279,4.06
5230,5311,279,5
4766,4767,279,11.16
5135,5214,279,6.46
3529,3528,279,6.95
4846,4767,279,12.79
2200,2120,280,11.15
5242,5243,280,11.18
2199,2120,280,12.76
3129,3128,280,6.96
2180,2100,280,6.53
5162,5243,280,8.59
3209,3128,280,8.57
2889,2809,280,11.17
4812,4891,280,6.46
4731,4810,280,6.46
4811,4891,280,6.96
4811,4810,280,6.96
2890,2809,280,8.58
5163,5164,281,11.18
2337,2257,281,9.48
2281,2202,281,12.77
2030,2031,281,6.51
5083,5164,281,8.58
2417,2336,281,7.28
4570,4649,281,6.46
5386,5466,281,6.96
4131,4212,281,6.37
2810,2730,281,11.17
4650,4649,281,6.96
2282,2283,282,11.14
5084,5085,282,11.17
2732,2652,282,9.49
2362,2283,282,12.76
1948,1869,282,10.84
5304,5384,282,6.96
4489,4488,282,6.97
3129,3048,282,8.57
5004,5085,282,8.57
2274,2193,282,7.28
4409,4488,282,6.46
3049,3048,282,6.96
1945,1865,282,9.48
3563,3483,282,1.11
2201,2121,283,11.15
5005,5006,283,11.17
2118,2038,283,11.16
2179,2099,283,9.49
2200,2121,283,12.75
4528,4529,283,8.31
4328,4327,283,6.97
4925,5006,283,8.58
2259,2178,283,7.28
4248,4327,283,6.46
5386,5467,283,8.58
5231,5312,283,5
5387,5467,283,6.96
2194,2114,284,9.49
4167,4166,284,6.96
2969,2968,284,6.96
5218,5298,284,6.96
2195,2114,284,7.29
3049,2968,284,8.57
4846,4927,284,8.59
4926,4927,284,11.19
2653,2573,285,9.49
2282,2203,285,12.74
4369,4370,285,8.29
1947,1866,285,7.28
2023,1942,285,7.29
2654,2573,285,7.28
2030,1951,285,7.44
4607,4688,285,8.58
5237,5316,285,6.45
4289,4370,285,6.36
5387,5468,285,8.58
1945,1866,285,10.84
5236,5316,285,6.96
3564,3484,285,1.11
2119,2039,286,11.16
2201,2122,286,12.75
2118,2039,286,12.76
5318,5398,286,6.96
2364,2284,286,11.17
2364,2365,286,11.17
4167,4086,286,8.58
2969,2888,286,8.58
5218,5299,286,8.57
4210,4291,286,6.37
5388,5389,286,11.16
2363,2284,286,12.75
2889,2888,286,6.96
3529,3608,286,6.45
5221,5301,286,1.85
1950,1870,287,9.47
2574,2494,287,9.49
1867,1787,287,9.48
3448,3447,287,6.96
2575,2494,287,7.28
4811,4890,287,6.46
5322,5323,288,11.17
2117,2037,288,11.17
5385,5465,288,6.97
4973,5053,288,6.96
4973,4972,288,6.96
5319,5399,288,6.96
4892,4972,288,6.96
2101,2021,288,6.52
5318,5399,288,8.57
5242,5323,288,8.59
2731,2651,288,9.49
5386,5465,288,6.46
2889,2808,288,8.58
4730,4729,288,6.96
4650,4729,288,6.46
5222,5302,288,1.85
5243,5244,289,11.18
2120,2040,289,11.15
2495,2415,289,9.48
2119,2040,289,12.76
4569,4568,289,6.97
3368,3367,289,6.96
5303,5383,289,6.96
5216,5296,289,6.97
2809,2729,289,11.17
3448,3367,289,8.57
5163,5244,289,8.58
2364,2285,289,12.77
5304,5383,289,6.46
4489,4568,289,6.46
4847,4848,289,8.3
5235,5315,289,6.96
2810,2729,289,8.58
2730,2650,290,11.17
5164,5165,290,11.18
1868,1788,290,9.47
1950,1871,290,10.83
1867,1788,290,10.83
5320,5400,290,6.95
4408,4407,290,6.97
5319,5400,290,8.57
5084,5165,290,8.57
2337,2256,290,7.28
4328,4407,290,6.46
4608,4609,290,8.31
2192,2112,290,9.48
3562,3482,290,1.11
5085,5086,291,11.17
3288,3287,291,6.96
4247,4246,291,6.97
2115,2035,291,6.52
3368,3287,291,8.57
5005,5086,291,8.57
5216,5297,291,8.58
4167,4246,291,6.46
5218,5297,291,6.45
5232,5313,291,5.01
4847,4768,291,9.49
5233,5313,291,4.06
1945,1864,291,7.28
3932,3852,291,1.1
2038,1958,292,11.16
2121,2041,292,11.16
2031,2032,292,9.48
2257,2177,292,9.48
2120,2041,292,12.75
4449,4450,292,8.3
5321,5401,292,6.96
5320,5401,292,8.57
2179,2098,292,7.29
5310,5390,292,4.06
5309,5390,292,5
4926,5007,292,8.59
5006,5007,292,11.17
1865,1785,293,9.48
2202,2123,293,12.74
1868,1789,293,10.83
5317,5397,293,6.96
2652,2572,293,9.5
3288,3207,293,8.57
3208,3207,293,6.96
2194,2113,293,7.29
5318,5397,293,6.45
2192,2113,293,10.84
4052,4053,293,2.96
5220,5300,293,1.85
2203,2204,294,11.16
5468,5469,294,11.17
2283,2204,294,12.74
5322,5402,294,6.96
2116,2036,294,6.52
5321,5402,294,8.57
2115,2036,294,7.45
3448,3527,294,6.45
2364,2445,294,8.57
5388,5469,294,8.57
3565,3485,294,1.11
4086,4006,295,11.17
2122,2042,295,11.16
2039,1959,295,11.16
2114,2034,295,9.48
2365,2366,295,11.18
2038,1959,295,12.76
2121,2042,295,12.75
2031,1952,295,10.84
4810,4809,295,6.96
3208,3127,295,8.57
5385,5464,295,6.46
4973,5052,295,6.46
4892,4971,295,6.46
4211,4292,295,6.37
3128,3127,295,6.96
5233,5314,295,5.01
5234,5314,295,4.06
4730,4809,295,6.46
4891,4971,295,6.96
1866,1786,296,9.48
2573,2493,296,9.49
4529,4530,296,8.31
1865,1786,296,10.84
2100,2020,296,6.52
5322,5403,296,8.58
2574,2493,296,7.28
1867,1786,296,7.27
4569,4648,296,6.46
5303,5382,296,6.46
5216,5295,296,6.46
5310,5391,296,5
5466,5546,296,6.96
3972,3892,296,2.97
3972,3973,296,2.97
4649,4648,296,6.96
2651,2571,297,11.18
2808,2728,297,11.17
5323,5324,297,11.18
2203,2124,297,12.76
4927,4928,297,8.32
4488,4487,297,6.96
3048,3047,297,6.96
5243,5324,297,8.58
4408,4487,297,6.46
2809,2728,297,8.58
3128,3047,297,8.57
2729,2649,298,11.17
2040,1960,298,11.14
5244,5245,298,11.18
1787,1707,298,9.47
2494,2414,298,9.48
4086,4007,298,12.77
2284,2205,298,12.76
2122,2043,298,12.76
2039,1960,298,12.76
2365,2286,298,12.78
4327,4326,298,6.96
2730,2649,298,8.58
5164,5245,298,8.58
2336,2335,298,5.91
2285,2205,298,11.18
2285,2286,298,11.18
2416,2335,298,7.29
2495,2414,298,7.27
4370,4371,298,8.29
4247,4326,298,6.46
4290,4371,298,6.37
5466,5547,298,8.58
4688,4689,298,8.3
5467,5547,298,6.96
5165,5166,299,11.19
2650,2570,299,11.17
2037,1957,299,9.48
1951,1872,299,10.84
4166,4165,299,6.97
2968,2967,299,6.96
2099,2019,299,6.52
5085,5166,299,8.57
3048,2967,299,8.57
5468,5548,300,6.96
5317,5396,300,6.45
5467,5548,300,8.58
5006,5087,300,8.58
5086,5087,300,11.17
5316,5396,300,6.96
2041,1961,301,11.15
2256,2176,301,9.48
1788,1708,301,9.47
2040,1961,301,12.74
1787,1708,301,10.83
4086,4085,301,6.96
5299,5379,301,6.96
5398,5478,301,6.96
4166,4085,301,8.59
2968,2887,301,8.57
2336,2255,301,7.28
2257,2176,301,7.28
2285,2206,301,12.78
4132,4133,301,2.96
2888,2887,301,6.96
1942,1862,301,6.53
4890,4970,302,6.96
4890,4889,302,6.96
4848,4849,302,8.29
5468,5549,302,8.58
3447,3446,302,6.96
1869,1790,302,7.44
1865,1784,302,7.28
4810,4889,302,6.46
1864,1784,302,9.49
4891,4970,302,6.46
5469,5470,303,11.16
2177,2097,303,9.48
1958,1878,303,9.48
2445,2446,303,11.17
4609,4610,303,8.31
5465,5545,303,6.96
5399,5479,303,6.96
2808,2807,303,6.96
4729,4728,303,6.96
4086,4005,303,8.58
5299,5380,303,8.57
5398,5479,303,8.57
2032,2033,303,9.48
2365,2446,303,8.58
2178,2097,303,7.29
2022,1941,303,5.01
5466,5545,303,6.46
2888,2807,303,8.58
4649,4728,303,6.45
3566,3486,303,1.11
2366,2367,304,11.17
1959,1879,304,11.16
2042,1962,304,11.16
1789,1709,304,9.47
2041,1962,304,12.75
1788,1709,304,10.83
5315,5395,304,6.96
5383,5463,304,6.96
4568,4567,304,6.96
4848,4769,304,9.48
3447,3366,304,8.57
4488,4567,304,6.46
5384,5463,304,6.46
2572,2492,304,9.49
3367,3366,304,6.96
4768,4769,304,8.29
3972,3893,304,3.39
1942,1863,304,7.46
5403,5404,305,11.17
2036,1956,305,9.48
2123,2044,305,12.77
4450,4451,305,8.29
5007,5008,305,8.3
4407,4406,305,6.97
5400,5480,305,6.95
5399,5480,305,8.57
2808,2727,305,8.58
5323,5404,305,8.58
4327,4406,305,6.46
2571,2491,306,11.18
5324,5325,306,11.18
2728,2648,306,11.17
2124,2125,306,11.17
2034,1954,306,9.48
1952,1953,306,9.48
2204,2125,306,12.78
4246,4245,306,6.96
1871,1791,306,6.52
2729,2648,306,8.58
5244,5325,306,8.58
2032,1953,306,10.84
4166,4245,306,6.46
3367,3286,306,8.57
3287,3286,306,6.96
3931,3851,306,1.11
5245,5246,307,11.18
1960,1880,307,11.15
2649,2569,307,11.17
2043,1963,307,11.18
2366,2287,307,12.77
1959,1880,307,12.76
2042,1963,307,12.76
2493,2413,307,9.49
1789,1710,307,10.83
2286,2287,307,11.17
5401,5481,307,6.96
2035,1955,307,6.52
5400,5481,307,8.57
5165,5246,307,8.59
2650,2569,307,8.58
1787,1706,307,7.27
2494,2413,307,7.28
2570,2490,308,11.18
5397,5477,308,6.96
3207,3206,308,6.96
2098,2018,308,6.52
5299,5378,308,6.45
5398,5477,308,6.45
5312,5392,308,4.06
5311,5392,308,5
3287,3206,308,8.57
5086,5167,308,8.57
5166,5167,308,11.19
3002,3003,308,1.11
1707,1627,309,9.48
2414,2334,309,9.48
2124,2045,309,12.77
4530,4531,309,8.31
1952,1873,309,10.84
5402,5482,309,6.96
5401,5482,309,8.57
1871,1792,309,7.45
3527,3607,309,6.96
3527,3526,309,6.96
2445,2525,309,6.96
2415,2334,309,7.28
4890,4969,309,6.46
4291,4372,309,6.37
3447,3526,309,6.45
1961,1881,310,11.17
1957,1877,310,9.48
1960,1881,310,12.75
2043,1964,310,12.78
3127,3126,310,6.96
5464,5544,310,6.95
5314,5394,310,6.95
4809,4808,310,6.96
4928,4929,310,8.31
3207,3126,310,8.57
2286,2207,310,12.77
2256,2175,310,7.28
5465,5544,310,6.45
4729,4808,310,6.46
2206,2126,310,11.16
2206,2207,310,11.16
2205,2126,310,12.78
4971,5051,310,6.96
5549,5550,311,11.17
4689,4690,311,8.31
5546,5626,311,6.96
5403,5483,311,6.96
5469,5550,311,8.57
5402,5483,311,8.57
2445,2526,311,8.57
5383,5462,311,6.45
4568,4647,311,6.46
1864,1783,311,7.28
2922,2923,311,1.11
4648,4647,311,6.96
5470,5471,312,11.16
2176,2096,312,9.48
1708,1628,312,9.48
4005,3925,312,11.18
1707,1628,312,10.84
4487,4486,312,6.97
3047,3046,312,6.96
2020,1940,312,6.52
3127,3046,312,8.57
2366,2447,312,8.57
2177,2096,312,7.28
4407,4486,312,6.46
5312,5393,312,5
2446,2447,312,11.17
3567,3487,312,1.11
1879,1799,313,11.16
2367,2368,313,11.15
1962,1882,313,11.18
1784,1704,313,9.5
1961,1882,313,12.77
5087,5088,313,8.29
4326,4325,313,6.97
5546,5627,313,8.57
5403,5484,313,8.58
4246,4325,313,6.46
2206,2127,313,12.76
5547,5627,313,6.96
5404,5405,314,11.18
1878,1798,314,9.47
2967,2966,314,6.96
5324,5405,314,8.59
2728,2647,314,8.58
3047,2966,314,8.57
4165,4164,314,6.97
2727,2647,314,11.18
2842,2843,314,1.11
1942,1861,314,5.01
2648,2568,315,11.17
2491,2411,315,11.17
5325,5326,315,11.18
2492,2412,315,9.49
1709,1629,315,9.48
1708,1629,315,10.84
4005,3926,315,12.78
2019,1939,315,6.52
5245,5326,315,8.58
2649,2568,315,8.58
5397,5476,315,6.45
4849,4850,315,8.29
5548,5628,315,6.97
4212,4213,315,2.97
5547,5628,315,8.58
5396,5476,315,6.96
1963,1883,316,11.2
1880,1800,316,11.16
2569,2489,316,11.17
1956,1876,316,9.49
2287,2288,316,11.16
1879,1800,316,12.76
2367,2288,316,12.75
1962,1883,316,12.78
1790,1711,316,10.84
1784,1705,316,10.86
5478,5558,316,6.96
4085,4084,316,6.96
2570,2489,316,8.58
2967,2886,316,8.57
3527,3606,316,6.45
4610,4611,316,8.31
4165,4084,316,8.59
5246,5247,316,11.19
2887,2886,316,6.96
5166,5247,316,8.59
2490,2410,317,11.18
2044,1965,317,12.78
4769,4770,317,8.3
5549,5629,317,6.96
3446,3445,317,6.95
4889,4888,317,6.96
4970,5050,317,6.96
5464,5543,317,6.45
4809,4888,317,6.46
1862,1782,317,6.52
4849,4770,317,9.48
5548,5629,317,8.58
2762,2763,317,1.11
4971,5050,317,6.46
1710,1630,318,9.49
1706,1626,318,9.48
1709,1630,318,10.84
4728,4727,318,6.96
5479,5559,318,6.96
5545,5625,318,6.95
5008,5009,318,8.3
2255,2254,318,5.91
5478,5559,318,8.58
4085,4004,318,8.57
4005,4004,318,6.96
2413,2333,318,9.48
1872,1793,318,7.45
1707,1626,318,7.28
2335,2254,318,7.28
2414,2333,318,7.28
5546,5625,318,6.45
2045,2046,318,11.19
2125,2046,318,12.78
2887,2806,318,8.58
2807,2806,318,6.96
3889,3890,318,1.11
4648,4727,318,6.45
1964,1884,319,11.18
1881,1801,319,11.17
1963,1884,319,12.8
1880,1801,319,12.76
2287,2208,319,12.76
5395,5475,319,6.96
3366,3365,319,6.95
2097,2017,319,6.52
5549,5630,319,8.58
3446,3365,319,8.57
2207,2208,319,11.16
4487,4566,319,6.46
4567,4566,319,6.97
4010,3930,319,1.1
1792,1712,320,9.48
1627,1547,320,9.49
1791,1712,320,10.83
5480,5560,320,6.95
4406,4405,320,6.97
5479,5560,320,8.57
5470,5551,320,8.57
4005,3924,320,8.58
4326,4405,320,6.46
1873,1874,320,9.48
1953,1874,320,10.84
2446,2527,320,8.57
2727,2726,320,6.96
2807,2726,320,8.58
2447,2448,321,11.15
2175,2095,321,9.48
1877,1797,321,9.48
1710,1631,321,10.85
2367,2448,321,8.56
3366,3285,321,8.57
2255,2174,321,7.28
2176,2095,321,7.28
5167,5168,321,8.3
2045,1966,321,12.79
3286,3285,321,6.95
4165,4244,321,6.47
4245,4244,321,6.97
3568,3488,321,1.11
3809,3810,321,1.11
2368,2369,322,11.16
1882,1802,322,11.18
1799,1719,322,11.16
2127,2047,322,11.17
2127,2128,322,11.17
5484,5485,322,11.17
1783,1703,322,9.5
1964,1885,322,12.78
1881,1802,322,12.77
2126,2047,322,12.77
5481,5561,322,6.96
5480,5561,322,8.57
5404,5485,322,8.59
1784,1703,322,7.29
2207,2128,322,12.76
2727,2646,322,8.58
5405,5406,323,11.19
1798,1718,323,11.16
1940,1860,323,9.48
1628,1548,323,9.5
2096,2016,323,9.48
1792,1713,323,10.84
1627,1548,323,10.85
5378,5458,323,6.95
5378,5377,323,6.95
5477,5557,323,6.96
1955,1875,323,6.52
2648,2567,323,8.58
5325,5406,323,8.59
4929,4930,323,8.3
5478,5557,323,6.46
1873,1794,323,10.84
3206,3205,323,6.96
3286,3205,323,8.57
5326,5327,324,11.18
5482,5562,324,6.96
4969,5049,324,6.96
4969,4968,324,6.96
2018,1938,324,6.52
5481,5562,324,8.57
2569,2488,324,8.58
3446,3525,324,6.45
4889,4968,324,6.46
4970,5049,324,6.46
3607,3687,324,6.96
4690,4691,324,8.31
3526,3525,324,6.96
3729,3730,324,1.11
5246,5327,324,8.59
1800,1720,325,11.17
1883,1803,325,11.2
2288,2289,325,11.16
2368,2289,325,12.76
1882,1803,325,12.78
1799,1720,325,12.76
2127,2048,325,12.77
5544,5624,325,6.95
5394,5474,325,6.96
4808,4807,325,6.96
2490,2409,325,8.58
5378,5459,325,8.57
3126,3125,325,6.96
4728,4807,325,6.46
5545,5624,325,6.45
3206,3125,325,8.57
5391,5472,325,5
3972,3891,325,2.28
5051,5131,325,6.96
2411,2331,326,9.49
1629,1549,326,9.5
2412,2332,326,9.48
1628,1549,326,10.86
5626,5706,326,6.95
5483,5563,326,6.96
5462,5542,326,6.96
5462,5461,326,6.96
5482,5563,326,8.57
5463,5542,326,6.45
3607,3688,326,8.57
5088,5089,326,8.29
4567,4646,326,6.46
4647,4646,326,6.96
1876,1796,327,9.48
4486,4485,327,6.98
3046,3045,327,6.96
1706,1625,327,7.28
3126,3045,327,8.57
4406,4485,327,6.47
4053,4054,327,2.96
5134,5133,327,1.85
3649,3650,327,1.11
5051,5132,327,8.58
2410,2330,328,9.49
1800,1721,328,12.77
1883,1804,328,12.8
2288,2209,328,12.76
1884,1804,328,11.18
5484,5564,328,6.96
5626,5707,328,8.57
5483,5564,328,8.57
5462,5381,328,8.57
2208,2209,328,11.16
5630,5631,328,11.17
1782,1702,328,9.49
4325,4324,328,6.97
4245,4324,328,6.46
5627,5707,328,6.95
3924,3844,329,11.17
5551,5552,329,11.16
1626,1546,329,9.49
1630,1550,329,9.5
1965,1886,329,12.79
1629,1550,329,10.86
2966,2965,329,6.95
4611,4612,329,8.3
2447,2528,329,8.56
3046,2965,329,8.57
2333,2253,329,9.48
2334,2253,329,7.28
1627,1546,329,7.29
4292,4293,329,2.96
2527,2528,329,11.15
5247,5248,329,8.31
4164,4163,329,6.97
1797,1717,330,11.16
1966,1967,330,11.18
2046,1967,330,12.78
4770,4771,330,8.3
1711,1632,330,10.84
2368,2449,330,8.57
5484,5565,330,8.58
2175,2094,330,7.28
5378,5457,330,6.45
5477,5556,330,6.45
5628,5708,330,6.96
3973,3974,330,2.97
1862,1781,330,5.01
1861,1781,330,6.52
3569,3489,330,1.11
3569,3570,330,1.11
5627,5708,330,8.57
1885,1805,331,11.19
1719,1639,331,11.18
1547,1467,331,9.47
5558,5638,331,6.96
2886,2885,331,6.96
1939,1859,331,6.52
5405,5486,331,8.59
1884,1805,331,12.78
2966,2885,331,8.57
4611,4532,331,9.49
5009,5010,331,8.3
2208,2129,331,12.76
4969,5048,331,6.46
3607,3686,331,6.45
2128,2129,331,11.17
3526,3605,331,6.45
5485,5486,331,11.18
3606,3686,331,6.95
3606,3605,331,6.95
4164,4083,331,8.59
4084,4083,331,6.96
1718,1638,332,11.17
5406,5407,332,11.18
1631,1551,332,9.47
2095,2015,332,9.48
3924,3845,332,12.77
1630,1551,332,10.86
3445,3444,332,6.96
5543,5623,332,6.96
5050,5130,332,6.96
5326,5407,332,8.59
2096,2015,332,7.28
5544,5623,332,6.45
5394,5473,332,6.45
4808,4887,332,6.46
1793,1714,332,10.84
5628,5709,332,8.58
5629,5709,332,6.96
5051,5130,332,6.46
2646,2566,333,9.49
1802,1722,333,9.49
1966,1887,333,12.78
1801,1722,333,10.85
5625,5705,333,6.95
5559,5639,333,6.96
4727,4726,333,6.97
5558,5639,333,8.58
2886,2805,333,8.57
5626,5705,333,6.45
5462,5541,333,6.45
2806,2805,333,6.96
5327,5328,333,11.19
3163,3164,333,1.11
4004,4003,333,6.96
4084,4003,333,8.57
4647,4726,333,6.46
2289,2290,334,11.16
1803,1723,334,11.2
1548,1468,334,9.47
1794,1795,334,9.48
1875,1795,334,9.48
2047,1968,334,12.79
1885,1806,334,12.8
1719,1640,334,12.78
5168,5169,334,8.3
1874,1795,334,10.85
1547,1468,334,10.83
1712,1633,334,10.83
3365,3364,334,6.96
1713,1633,334,9.48
3445,3364,334,8.57
4486,4565,334,6.47
5630,5710,334,6.96
5629,5710,334,8.58
2128,2049,334,12.77
4566,4565,334,6.97
2048,1968,334,11.18
2048,2049,334,11.18
5214,5294,334,1.85
5214,5213,334,1.85
4009,3929,334,1.1
2567,2487,334,9.49
2488,2408,335,9.49
1631,1552,335,10.83
3924,3923,335,6.96
5560,5640,335,6.95
2726,2725,335,6.96
2017,1937,335,6.52
5559,5640,335,8.57
2806,2725,335,8.58
4133,4134,335,2.96
2527,2607,335,6.95
4405,4404,335,6.98
4325,4404,335,6.47
4004,3923,335,8.58
3773,3772,335,0.69
1796,1716,336,11.16
2409,2329,336,9.49
3285,3284,336,6.95
3365,3284,336,8.57
4244,4243,336,6.97
5630,5711,336,8.57
3083,3084,336,1.11
4164,4243,336,6.47
5631,5632,337,11.17
2209,2210,337,11.16
2332,2252,337,9.48
1549,1469,337,9.47
2331,2251,337,9.48
2289,2210,337,12.76
1803,1724,337,12.8
1548,1469,337,10.83
1794,1715,337,10.84
5561,5641,337,6.96
3924,3843,337,8.58
5551,5632,337,8.57
5560,5641,337,8.57
2726,2645,337,8.58
1713,1634,337,10.84
1804,1724,337,11.17
1782,1701,337,7.28
2048,1969,337,12.78
4691,4692,337,8.3
2527,2608,337,8.56
3693,3692,337,0.69
5552,5553,338,11.17
3844,3764,338,11.18
3205,3204,338,6.96
5377,5376,338,6.95
5458,5538,338,6.95
3285,3204,338,8.57
2174,2173,338,5.91
1626,1545,338,7.29
2254,2173,338,7.28
5558,5637,338,6.46
3973,3894,338,3.39
3606,3685,338,6.45
1717,1637,339,11.18
1721,1641,339,9.5
2330,2250,339,9.48
1720,1641,339,10.86
3525,3524,339,6.96
5562,5642,339,6.96
2016,1936,339,6.52
5561,5642,339,8.57
3445,3524,339,6.45
5543,5622,339,6.45
5050,5129,339,6.46
4451,4452,339,2.96
5089,5090,339,8.29
1860,1780,339,6.52
5565,5566,339,11.17
5485,5566,339,8.58
2129,2130,340,11.18
1550,1470,340,9.47
2209,2130,340,12.76
1549,1470,340,10.83
5624,5704,340,6.96
3125,3124,340,6.96
1938,1858,340,6.52
3205,3124,340,8.57
5406,5487,340,8.58
5458,5539,340,8.57
1547,1466,340,7.27
5625,5704,340,6.44
4727,4806,340,6.46
4770,4851,340,6.37
1804,1725,340,12.77
5474,5554,340,6.96
5486,5487,340,11.18
1805,1725,340,11.18
2094,2014,341,9.48
3844,3765,341,12.78
1886,1807,341,12.79
4646,4645,341,6.96
5706,5786,341,6.95
5563,5643,341,6.96
5562,5643,341,8.57
2174,2093,341,7.28
2095,2014,341,7.28
4566,4645,341,6.47
5407,5408,341,11.18
3243,3244,341,1.11
5327,5408,341,8.59
5328,5329,342,11.19
1467,1387,342,9.47
1639,1559,342,9.5
1967,1888,342,12.79
5248,5249,342,8.32
1721,1642,342,10.86
3045,3044,342,6.96
4485,4484,342,6.98
1887,1888,342,11.18
2289,2370,342,8.57
3125,3044,342,8.57
2646,2565,342,7.29
5474,5555,342,8.57
2527,2606,342,6.44
4405,4484,342,6.47
2290,2291,343,11.16
1806,1726,343,11.18
1551,1471,343,9.46
2015,1935,343,9.48
1638,1558,343,9.49
2129,2050,343,12.78
1550,1471,343,10.83
5564,5644,343,6.96
5706,5787,343,8.57
5563,5644,343,8.57
4324,4323,343,6.98
4244,4323,343,6.46
4372,4373,343,2.96
2049,2050,343,11.18
2567,2486,343,7.29
1805,1726,343,12.78
5707,5787,343,6.95
1632,1553,344,10.83
2965,2964,344,6.95
4163,4162,344,6.97
3045,2964,344,8.57
2488,2407,344,7.28
1716,1636,345,11.17
1640,1560,345,9.49
1468,1388,345,9.47
1723,1643,345,9.5
1467,1388,345,10.83
1639,1560,345,10.86
5457,5537,345,6.96
5457,5456,345,6.96
5631,5712,345,8.57
5564,5645,345,8.57
1887,1808,345,12.78
2409,2328,345,7.28
5377,5456,345,6.45
5458,5537,345,6.45
5708,5788,345,6.95
5565,5645,345,6.96
5707,5788,345,8.56
2210,2211,346,11.17
3843,3763,346,11.17
1552,1472,346,9.47
2290,2211,346,12.76
1806,1727,346,12.78
1551,1472,346,10.82
1714,1635,346,10.83
3605,3604,346,6.95
2965,2884,346,8.57
5552,5633,346,8.57
3844,3763,346,8.58
4163,4082,346,8.59
4083,4082,346,6.96
3525,3604,346,6.45
2885,2884,346,6.95
2049,1970,346,12.78
1969,1889,346,11.16
1969,1970,346,11.16
3686,3766,346,6.95
1968,1889,346,12.77
3764,3684,347,11.18
2329,2249,347,9.49
5623,5703,347,6.97
5130,5210,347,6.96
3444,3443,347,6.96
5624,5703,347,6.45
5709,5789,347,6.95
1704,1624,347,2.97
5708,5789,347,8.56
1859,1779,347,6.52
5565,5646,347,8.58
5169,5170,347,8.3
4691,4772,347,6.38
4088,4008,347,1.1
5566,5567,348,11.17
2251,2171,348,9.48
1634,1554,348,9.48
2252,2172,348,9.48
1469,1389,348,9.48
1724,1644,348,9.49
1640,1561,348,10.85
1468,1389,348,10.83
1723,1644,348,10.86
2805,2804,348,6.96
5639,5719,348,6.96
4726,4725,348,6.97
4646,4725,348,6.46
5542,5621,348,6.46
4083,4002,348,8.58
5706,5785,348,6.45
2885,2804,348,8.57
1633,1554,348,10.84
4003,4002,348,6.96
3686,3767,348,8.57
5486,5567,348,8.58
1725,1645,349,11.19
2130,2131,349,11.18
2210,2131,349,12.77
1552,1473,349,10.83
3364,3363,349,6.96
5130,5211,349,8.58
3444,3363,349,8.57
4485,4564,349,6.47
5709,5790,349,8.56
4213,4214,349,2.97
4565,4564,349,6.97
1969,1890,349,12.76
5710,5790,349,6.95
5487,5488,349,11.18
3323,3324,349,1.11
5407,5488,349,8.58
5408,5409,350,11.19
2250,2170,350,9.48
1637,1557,350,9.49
5640,5720,350,6.95
2725,2724,350,6.96
3923,3922,350,6.96
2805,2724,350,8.57
5639,5720,350,8.57
5328,5409,350,8.59
2094,2013,350,7.28
1780,1700,350,9.49
4324,4403,350,6.47
1781,1700,350,7.29
4003,3922,350,8.58
4404,4403,350,6.98
1470,1390,351,9.47
1634,1555,351,10.84
1469,1390,351,10.83
3284,3283,351,6.96
4243,4242,351,6.97
1937,1857,351,6.52
3364,3283,351,8.57
2290,2371,351,8.57
5638,5718,351,5.17
1467,1386,351,7.27
4163,4242,351,6.47
5295,5375,351,1.85
5710,5791,351,8.56
2291,2292,352,11.16
2014,1934,352,9.48
1725,1646,352,12.79
2130,2051,352,12.78
2645,2644,352,6.96
3843,3842,352,6.96
5641,5721,352,6.96
5640,5721,352,8.57
2725,2644,352,8.57
3923,3842,352,8.57
2015,1934,352,7.28
5457,5536,352,6.45
1726,1646,352,11.18
2050,2051,352,11.17
2683,2684,352,1.1
3569,3490,352,1.27
2565,2485,353,9.49
1387,1307,353,9.48
1559,1479,353,9.49
1807,1728,353,12.77
5538,5618,353,6.96
3204,3203,353,6.96
3284,3203,353,8.57
2566,2485,353,7.28
1641,1562,353,10.86
5557,5636,353,4.79
1642,1562,353,9.5
1808,1809,354,11.17
1558,1478,354,9.49
2486,2406,354,9.49
1888,1809,354,12.76
1470,1391,354,10.83
5622,5702,354,6.96
5642,5722,354,6.96
3524,3523,354,6.96
2645,2564,354,8.58
3843,3762,354,8.58
5641,5722,354,8.57
1643,1563,354,11.18
5623,5702,354,6.46
5130,5209,354,6.46
3444,3523,354,6.45
5129,5209,354,6.96
5129,5128,354,6.96
2487,2406,354,7.28
3763,3683,355,11.17
2291,2212,355,12.76
5249,5250,355,8.32
3124,3123,355,6.96
4806,4886,355,6.96
4806,4805,355,6.96
1936,1856,355,6.52
3764,3683,355,8.58
5538,5619,355,8.58
3204,3123,355,8.57
1970,1971,355,11.16
2408,2327,355,7.28
4726,4805,355,6.46
2407,2327,355,9.48
2211,2212,355,11.17
1727,1647,355,11.17
1726,1647,355,12.78
2050,1971,355,12.77
2328,2248,356,9.48
1636,1556,356,9.49
1388,1308,356,9.48
1387,1308,356,10.84
1559,1480,356,10.85
5643,5723,356,6.96
1560,1480,356,9.49
5642,5723,356,8.57
5566,5647,356,8.58
2329,2248,356,7.28
1703,1623,356,2.97
5646,5647,356,11.17
4565,4644,356,6.46
1858,1778,356,6.52
1644,1564,357,11.19
1808,1729,357,12.77
3044,3043,357,6.96
3124,3043,357,8.57
4484,4483,357,6.97
1643,1564,357,12.78
5567,5568,357,11.17
4930,4931,357,2.97
5487,5568,357,8.58
4404,4483,357,6.47
2131,2132,358,11.16
1645,1565,358,11.18
2249,2169,358,9.48
1889,1810,358,12.76
4323,4322,358,6.97
5644,5724,358,6.96
5643,5724,358,8.57
5408,5489,358,8.59
1779,1699,358,9.49
5637,5717,358,5.17
5488,5489,358,11.19
4243,4322,358,6.46
1970,1891,358,12.76
2093,2092,358,5.91
2173,2092,358,7.28
1553,1474,358,10.84
2211,2132,358,12.77
1890,1810,358,11.16
1890,1891,358,11.16
1727,1648,358,12.77
5380,5460,358,1.85
3083,3004,358,1.27
1389,1309,359,9.48
2171,2091,359,9.48
1388,1309,359,10.84
2964,2963,359,6.96
4162,4161,359,6.97
1935,1855,359,6.52
3044,2963,359,8.57
1560,1481,359,10.85
1561,1481,359,9.5
5537,5617,360,6.97
2291,2372,360,8.57
5644,5725,360,8.57
1473,1393,360,9.48
5376,5455,360,6.45
5538,5617,360,6.46
5645,5725,360,6.96
5788,5868,360,6.95
2051,2052,361,11.16
2170,2090,361,9.48
1557,1477,361,9.48
2131,2052,361,12.76
1645,1566,361,12.78
3604,3603,361,6.96
2013,1933,361,9.48
2964,2883,361,8.57
4162,4081,361,8.58
2014,1933,361,7.28
5622,5701,361,6.46
3524,3603,361,6.45
2292,2293,361,11.17
2093,2012,361,7.28
4082,4081,361,6.96
5129,5208,361,6.45
1890,1811,361,12.76
4054,4055,361,2.96
2884,2883,361,6.95
1646,1566,361,11.17
1700,1620,361,9.49
5712,5713,361,6.51
1562,1482,362,11.18
1555,1475,362,9.49
1386,1306,362,9.48
1389,1310,362,10.84
1554,1475,362,10.84
3443,3442,362,6.96
5703,5783,362,6.97
1472,1392,362,6.51
5633,5634,362,6.51
2565,2484,362,7.29
1387,1306,362,7.28
4806,4885,362,6.46
5789,5869,362,6.95
1702,1622,362,2.97
1561,1482,362,10.86
5646,5726,362,6.96
5645,5726,362,8.58
5214,5293,362,1.71
5788,5869,362,8.56
3762,3682,363,11.16
1934,1854,363,9.49
5621,5620,363,6.96
4002,4001,363,6.96
3763,3682,363,8.58
2486,2405,363,7.29
1473,1394,363,10.84
1563,1483,363,11.17
4082,4001,363,8.58
4293,4294,363,2.97
2804,2803,363,6.96
2884,2803,363,8.57
4612,4613,363,2.96
2212,2213,364,11.17
1647,1567,364,11.16
1971,1972,364,11.16
1307,1227,364,9.48
2051,1972,364,12.76
3363,3362,364,6.96
1479,1399,364,9.49
3443,3362,364,8.58
5703,5784,364,8.59
4484,4563,364,6.47
2292,2213,364,12.77
2407,2326,364,7.28
3974,3975,364,2.97
5789,5870,364,8.56
1646,1567,364,12.78
5646,5727,364,8.57
2604,2605,364,1.1
1700,1621,364,10.86
1478,1398,365,9.5
1555,1476,365,10.85
5720,5800,365,6.95
3922,3921,365,6.96
5621,5540,365,8.57
4002,3921,365,8.57
1391,1311,365,9.47
2328,2247,365,7.28
4323,4402,365,6.47
5249,5330,365,6.38
4532,4533,365,2.96
5567,5648,365,8.58
2804,2723,365,8.57
5010,5011,365,2.97
2724,2723,365,6.96
1728,1649,365,12.76
5647,5648,365,11.17
3401,3402,365,1.11
5711,5792,365,5
3481,3402,365,1.27
1564,1484,366,11.17
5568,5569,366,11.18
1809,1730,366,12.76
3283,3282,366,6.96
4242,4241,366,6.97
3363,3282,366,8.58
4162,4241,366,6.46
1856,1776,366,9.49
5488,5569,366,8.59
1563,1484,366,12.77
1729,1730,366,11.16
1648,1568,367,11.16
1565,1485,367,11.17
1891,1892,367,11.15
2132,2133,367,11.17
1480,1400,367,9.49
2248,2168,367,9.49
2212,2133,367,12.77
1647,1568,367,12.76
1971,1892,367,12.76
1307,1228,367,10.84
1308,1228,367,9.48
3842,3841,367,6.96
2644,2643,367,6.96
5721,5801,367,6.95
5720,5801,367,8.56
3922,3841,367,8.57
1479,1400,367,10.85
2249,2168,367,7.28
5537,5616,367,6.47
1857,1777,367,6.52
5555,5635,367,4.06
1779,1698,367,7.29
2724,2643,367,8.57
1778,1698,367,9.48
5788,5867,367,6.44
3203,3202,368,6.96
3283,3202,368,8.57
1386,1385,368,5.91
1391,1312,368,10.83
5719,5799,368,5.16
5637,5716,368,4.79
2169,2089,369,9.48
3762,3761,369,6.96
2564,2563,369,6.96
5702,5782,369,6.96
5209,5289,369,6.96
3523,3522,369,6.96
2372,2373,369,11.15
3842,3761,369,8.57
2644,2563,369,8.58
5721,5802,369,8.56
3443,3522,369,6.46
5703,5782,369,6.47
5722,5802,369,6.96
2292,2373,369,8.57
4134,4135,369,2.96
5786,5866,369,3.69
1729,1650,369,12.76
1699,1619,369,9.5
1811,1731,370,11.15
1811,1812,370,11.15
2052,2053,370,11.18
2091,2011,370,9.48
1855,1775,370,9.49
1481,1401,370,9.48
1648,1569,370,12.76
1565,1486,370,12.77
1891,1812,370,12.75
2132,2053,370,12.77
1480,1401,370,10.85
3123,3122,370,6.96
1308,1229,370,10.84
3203,3122,370,8.57
5621,5700,370,6.46
2013,1932,370,7.28
2293,2294,370,11.17
1309,1229,370,9.49
1810,1731,370,12.75
1566,1486,370,11.18
3762,3681,371,8.57
2564,2483,371,8.58
5209,5290,371,8.57
1393,1313,371,9.48
5718,5798,371,5.17
1386,1305,371,7.28
5722,5803,371,8.57
5723,5803,371,6.96
4692,4693,371,2.96
1483,1403,372,11.16
3682,3602,372,11.17
2090,2010,372,9.48
1477,1397,372,9.49
1474,1395,372,10.85
3043,3042,372,6.96
3683,3602,372,8.58
3123,3042,372,8.57
1934,1853,372,7.28
1933,1853,372,9.49
1545,1465,372,2.96
3974,3895,372,3.39
4372,4453,372,2.28
1972,1973,373,11.16
1567,1487,373,11.17
2484,2404,373,9.49
1306,1226,373,9.49
1811,1732,373,12.75
2052,1973,373,12.78
1481,1402,373,10.84
5724,5804,373,6.96
4322,4321,373,6.96
1482,1402,373,9.48
1307,1226,373,7.28
2485,2404,373,7.29
4242,4321,373,6.46
5727,5728,373,11.17
2293,2214,373,12.77
5723,5804,373,8.57
1309,1230,373,10.85
5090,5091,373,2.96
2213,2214,373,11.17
1566,1487,373,12.78
5647,5728,373,8.57
3483,3403,373,1.11
1854,1774,374,9.49
2963,2962,374,6.96
3043,2962,374,8.57
5568,5649,374,8.59
1393,1314,374,10.84
1394,1314,374,9.5
4851,4852,374,2.96
2406,2325,374,7.28
2405,2325,374,9.48
5648,5649,374,11.18
5712,5793,374,5
1484,1404,375,11.17
2326,2246,375,9.48
1483,1404,375,12.76
5725,5805,375,6.96
5724,5805,375,8.57
2327,2246,375,7.28
2372,2452,375,6.95
5633,5714,375,5
5455,5535,375,6.97
5455,5454,375,6.97
1399,1319,375,9.49
1892,1893,376,11.15
1568,1488,376,11.16
1485,1405,376,11.17
2133,2134,376,11.17
1476,1396,376,9.49
2247,2167,376,9.48
1972,1893,376,12.76
1567,1488,376,12.77
1475,1396,376,10.85
2883,2882,376,6.95
5208,5288,376,6.96
5208,5207,376,6.96
5701,5781,376,6.96
2963,2882,376,8.57
1398,1318,376,9.5
2248,2167,376,7.28
5702,5781,376,6.46
5209,5288,376,6.45
5791,5871,376,4.06
5785,5865,376,3.69
2213,2134,376,12.77
3484,3404,376,1.11
1778,1697,376,7.28
1649,1570,377,12.76
5293,5373,377,6.96
5293,5292,377,6.96
3442,3441,377,6.96
5725,5806,377,8.57
5726,5806,377,6.96
2372,2453,377,8.56
1394,1315,377,10.86
5455,5374,377,8.59
4373,4374,377,2.97
1650,1651,378,11.15
1400,1320,378,9.5
2168,2088,378,9.48
2803,2802,378,6.96
2883,2802,378,8.57
5208,5127,378,8.57
2169,2088,378,7.28
2373,2374,378,11.15
5717,5797,378,5.17
1399,1320,378,10.85
2293,2374,378,8.57
1730,1651,378,12.75
1699,1618,378,7.29
1698,1618,378,9.49
1812,1813,379,11.15
1569,1489,379,11.16
2294,2295,379,11.17
2053,2054,379,11.17
1892,1813,379,12.75
1568,1489,379,12.75
1485,1406,379,12.77
2133,2054,379,12.77
3362,3361,379,6.96
5293,5212,379,8.58
3442,3361,379,8.57
5726,5807,379,8.57
5727,5807,379,6.96
1486,1406,379,11.18
3681,3601,380,11.16
2089,2009,380,9.48
1619,1539,380,9.5
3682,3601,380,8.57
2803,2722,380,8.57
4322,4401,380,6.46
5791,5872,380,5
1227,1147,380,6.52
2723,2722,380,6.96
2011,1931,381,9.48
1401,1321,381,9.49
1650,1571,381,12.75
1400,1321,381,10.86
3282,3281,381,6.96
1311,1231,381,6.51
3362,3281,381,8.58
1310,1231,381,7.45
1933,1852,381,7.28
1932,1852,381,9.48
1624,1544,381,2.97
2012,1931,381,7.28
5727,5808,381,8.57
4772,4773,381,2.96
5170,5171,381,2.96
1732,1652,382,11.15
1732,1733,382,11.15
1973,1974,382,11.17
1487,1407,382,11.17
2214,2215,382,11.18
1812,1733,382,12.75
1569,1490,382,12.76
2294,2215,382,12.77
2483,2403,382,9.5
2053,1974,382,12.78
1731,1652,382,12.75
5728,5729,382,11.18
5867,5947,382,6.95
2643,2642,382,6.96
5801,5881,382,6.94
1776,1696,382,6.53
1313,1233,382,9.48
2484,2403,382,7.29
1306,1225,382,7.28
2372,2451,382,6.44
1305,1225,382,9.48
5455,5534,382,6.47
2723,2642,382,8.57
1486,1407,382,12.78
5648,5729,382,8.58
2010,1930,383,9.48
1619,1540,383,10.86
3202,3201,383,6.96
1853,1773,383,9.49
3282,3201,383,8.58
1854,1773,383,7.28
5208,5287,383,6.45
5701,5780,383,6.45
1397,1317,383,9.5
5636,5715,383,4.79
1403,1323,383,9.49
1227,1148,383,7.46
1228,1148,383,6.52
2405,2324,383,7.28
5649,5650,383,11.18
4214,4215,383,2.96
3931,3850,383,0.85
1404,1324,384,11.18
1401,1322,384,10.85
5289,5369,384,6.96
5782,5862,384,6.96
3522,3521,384,6.96
1312,1232,384,6.51
5867,5948,384,8.56
2643,2562,384,8.57
5801,5882,384,8.56
2326,2245,384,7.28
5293,5372,384,6.46
3442,3521,384,6.45
1402,1322,384,9.49
2563,2562,384,6.96
5802,5882,384,6.95
5409,5410,384,2.97
1488,1408,385,11.16
1405,1325,385,11.18
1893,1894,385,11.16
2134,2135,385,11.18
1774,1694,385,9.49
1732,1653,385,12.75
1973,1894,385,12.77
1487,1408,385,12.77
2214,2135,385,12.78
5700,5699,385,6.96
3122,3121,385,6.96
3202,3121,385,8.58
2247,2166,385,7.28
5620,5699,385,6.45
1313,1234,385,10.84
1314,1234,385,9.49
3485,3405,385,1.11
1775,1695,386,6.52
1229,1149,386,6.52
5289,5370,386,8.57
5782,5863,386,8.58
5803,5883,386,6.95
2563,2482,386,8.58
5802,5883,386,8.56
2373,2454,386,8.56
1395,1316,386,10.85
1228,1149,386,7.46
5649,5570,386,12.78
1319,1239,386,9.49
2167,2087,387,9.48
3042,3041,387,6.96
2294,2375,387,8.57
3122,3041,387,8.58
2168,2087,387,7.28
1697,1617,387,9.49
2374,2375,387,11.17
3892,3812,387,1.11
1318,1238,387,9.49
1698,1617,387,7.29
1813,1814,388,11.17
2054,2055,388,11.18
2295,2296,388,11.18
1489,1409,388,11.17
1315,1235,388,9.48
1488,1409,388,12.76
1405,1326,388,12.78
1893,1814,388,12.76
2134,2055,388,12.78
5716,5796,388,5.17
5804,5884,388,6.96
5803,5884,388,8.57
1314,1235,388,10.85
5717,5796,388,4.79
1305,1304,388,5.91
5799,5879,388,5.16
1406,1326,388,11.18
2088,2008,389,9.48
1618,1538,389,9.48
1570,1491,389,12.75
2962,2961,389,6.96
1230,1150,389,6.51
3042,2961,389,8.57
1229,1150,389,7.45
2089,2008,389,7.28
1619,1538,389,7.29
5867,5946,389,6.45
5801,5880,389,6.44
5250,5251,389,2.97
5870,5950,389,4.06
4007,3927,389,1.1
1320,1240,389,9.5
1319,1240,389,10.85
1226,1146,389,6.52
1571,1572,390,11.15
5808,5809,390,11.17
1651,1572,390,12.76
5793,5794,390,6.51
5728,5809,390,8.58
5804,5885,390,8.57
5713,5794,390,5
5805,5885,390,6.96
1623,1543,390,2.97
1932,1851,390,7.28
5785,5864,390,3.42
5869,5949,390,3.69
1733,1734,391,11.17
1974,1975,391,11.17
1407,1327,391,11.17
1490,1410,391,11.16
2215,2216,391,11.19
2009,1929,391,9.48
1813,1734,391,12.77
2054,1975,391,12.78
2295,2216,391,12.78
1489,1410,391,12.77
1315,1236,391,10.84
5288,5368,391,6.96
5781,5861,391,6.96
2882,2881,391,6.96
2962,2881,391,8.57
5798,5878,391,5.17
5729,5730,391,11.18
2483,2402,391,7.29
5289,5368,391,6.45
5782,5861,391,6.46
4931,4932,391,2.96
1305,1224,391,7.28
1406,1327,391,12.79
5649,5730,391,8.58
1231,1151,392,9.47
5806,5886,392,6.96
5700,5779,392,6.46
1853,1772,392,7.29
1852,1772,392,9.49
5805,5886,392,8.57
5489,5490,392,2.97
1321,1241,392,9.49
5650,5651,392,11.17
1320,1241,392,10.86
1571,1492,393,12.75
2802,2801,393,6.96
2882,2801,393,8.57
1233,1153,393,9.48
5870,5951,393,5
1225,1145,393,9.48
2403,2323,393,9.49
2404,2323,393,7.28
1894,1895,394,11.17
1653,1573,394,11.16
1653,1654,394,11.16
2135,2136,394,11.17
1408,1328,394,11.17
1773,1693,394,9.49
2324,2244,394,9.48
1733,1654,394,12.77
1652,1573,394,12.76
1974,1895,394,12.77
1407,1328,394,12.78
1490,1411,394,12.76
2215,2136,394,12.79
5806,5887,394,8.57
1774,1693,394,7.28
2325,2244,394,7.28
5792,5873,394,5
1930,1850,394,9.48
5807,5887,394,6.96
1323,1243,394,9.5
3486,3406,394,1.11
1317,1237,394,9.49
5370,5371,395,11.17
2245,2165,395,9.48
1231,1152,395,10.83
4401,4481,395,6.96
2802,2721,395,8.57
2246,2165,395,7.28
2374,2455,395,8.57
4055,4056,395,2.96
2722,2721,395,6.96
1324,1244,395,9.49
3893,3813,395,1.11
1321,1242,395,10.85
1322,1242,395,9.49
5650,5571,395,12.78
2375,2376,396,11.18
2166,2086,396,9.48
5808,5888,396,6.96
2295,2376,396,8.58
2167,2086,396,7.28
1233,1154,396,10.84
1234,1154,396,9.48
1539,1459,396,6.53
1697,1616,396,7.29
1622,1542,396,2.97
5807,5888,396,8.57
1325,1245,396,9.49
1147,1067,396,6.52
3611,3691,396,0.69
1409,1329,397,11.17
2296,2297,397,11.18
2055,2056,397,11.17
1814,1815,397,11.17
1239,1159,397,9.5
1894,1815,397,12.77
1653,1574,397,12.76
2135,2056,397,12.77
1408,1329,397,12.77
2642,2641,397,6.96
4401,4482,397,8.58
5947,6027,397,6.96
4294,4295,397,2.96
2722,2641,397,8.57
1305,1384,397,5.48
1326,1246,397,11.19
4613,4614,397,2.96
3851,3771,397,1.1
2087,2007,398,9.48
1238,1158,398,9.49
5370,5291,398,12.77
5287,5367,398,6.96
5287,5286,398,6.96
5780,5860,398,6.96
5808,5889,398,8.58
2088,2007,398,7.28
1618,1537,398,7.28
5288,5367,398,6.45
5781,5860,398,6.46
5797,5877,398,5.17
5716,5795,398,4.8
3975,3976,398,2.97
1621,1541,398,2.96
5809,5810,399,11.18
1235,1155,399,9.49
5862,5942,399,6.96
1148,1068,399,6.52
2642,2561,399,8.58
2562,2561,399,6.96
5729,5810,399,8.58
1234,1155,399,10.84
5947,6028,399,8.57
1539,1460,399,7.47
5330,5331,399,2.97
5011,5012,399,2.96
4533,4534,399,2.96
1147,1068,399,7.45
1975,1976,400,11.17
1410,1330,400,11.16
1327,1247,400,11.18
5730,5731,400,11.17
1734,1735,400,11.17
2216,2217,400,11.17
2008,1928,400,9.48
1409,1330,400,12.77
2296,2217,400,12.78
2055,1976,400,12.77
1814,1735,400,12.77
1239,1160,400,10.86
5287,5206,400,8.58
2009,1928,400,7.28
1240,1160,400,9.5
1326,1247,400,12.79
5650,5731,400,8.58
1851,1771,401,9.49
1491,1412,401,12.76
5370,5450,401,6.96
5883,5963,401,6.95
1694,1614,401,6.53
5862,5943,401,8.58
2562,2481,401,8.58
2482,2481,401,6.97
1852,1771,401,7.28
1545,1464,401,2.27
5651,5652,401,11.17
1492,1493,402,11.16
1236,1156,402,9.48
1572,1493,402,12.75
1235,1156,402,10.84
1695,1615,402,6.53
1149,1069,402,6.52
1148,1069,402,7.45
1929,1849,402,9.48
1225,1144,402,7.28
2923,2924,402,1.11
2403,2322,402,7.28
2402,2322,402,9.49
3610,3690,402,0.69
2136,2137,403,11.16
1411,1331,403,11.16
1328,1248,403,11.16
1654,1655,403,11.16
1895,1896,403,11.17
1975,1896,403,12.77
1410,1331,403,12.76
1327,1248,403,12.78
1734,1655,403,12.77
2216,2137,403,12.77
5884,5964,403,6.95
5370,5451,403,8.57
5883,5964,403,8.57
1773,1692,403,7.28
2324,2243,403,7.28
1772,1692,403,9.49
1240,1161,403,10.86
5793,5874,403,5
4135,4136,403,2.96
2482,2401,403,8.59
1241,1161,403,9.5
3487,3407,403,1.11
2455,2456,404,11.15
2375,2456,404,8.58
1153,1073,404,9.48
2245,2164,404,7.28
5865,5945,404,3.69
5947,6026,404,6.45
5651,5572,404,12.77
2376,2377,405,11.19
1850,1770,405,9.48
1492,1413,405,12.76
1236,1157,405,10.84
5885,5965,405,6.96
1150,1070,405,6.51
2296,2377,405,8.58
5884,5965,405,8.57
1149,1070,405,7.45
2166,2085,405,7.28
5287,5366,405,6.46
5780,5859,405,6.46
5872,5952,405,4.06
1243,1163,405,9.49
1538,1458,405,6.52
5871,5952,405,5
1146,1066,405,6.52
2843,2844,405,1.11
1237,1157,405,9.48
4693,4694,405,2.96
2056,2057,406,11.16
2297,2298,406,11.17
1329,1249,406,11.17
1815,1816,406,11.17
1574,1494,406,11.16
1574,1575,406,11.16
1244,1164,406,9.49
2136,2057,406,12.76
1411,1332,406,12.76
1328,1249,406,12.76
1654,1575,406,12.76
1152,1072,406,9.48
1895,1816,406,12.77
1573,1494,406,12.76
5861,5941,406,6.96
5368,5448,406,6.96
5862,5941,406,6.46
1242,1162,406,9.49
4453,4454,406,2.97
1241,1162,406,10.86
3975,3896,406,3.39
4373,4454,406,2.28
3926,3846,406,1.1
5889,5890,407,11.17
1245,1165,407,9.5
5886,5966,407,6.96
5809,5890,407,8.58
5885,5966,407,8.57
2087,2006,407,7.28
1154,1074,407,9.48
1153,1074,407,10.84
2086,2006,407,9.48
5091,5092,407,2.96
5810,5811,408,11.18
1246,1166,408,9.5
6028,6029,408,11.18
1159,1079,408,9.49
1151,1071,408,6.52
5368,5449,408,8.58
5730,5811,408,8.58
5370,5449,408,6.45
5883,5962,408,6.45
5796,5876,408,5.17
4852,4853,408,2.97
5797,5876,408,4.8
5618,5698,408,1.85
2763,2764,408,1.11
1735,1736,409,11.16
2217,2218,409,11.16
1976,1977,409,11.16
1330,1250,409,11.15
5731,5732,409,11.17
2056,1977,409,12.76
2297,2218,409,12.77
1329,1250,409,12.77
1158,1078,409,9.49
1815,1736,409,12.77
1574,1495,409,12.76
5886,5967,409,8.57
2007,1927,409,9.48
2008,1927,409,7.28
1145,1065,409,6.52
5872,5953,409,5
5887,5967,409,6.96
5651,5732,409,8.58
5943,5944,410,11.18
2455,2535,410,6.95
1693,1613,410,6.53
4481,4561,410,6.96
1154,1075,410,10.84
5881,5961,410,3.69
1155,1075,410,9.5
5652,5653,410,11.17
1247,1167,411,9.48
1928,1848,411,9.48
1246,1167,411,10.86
1159,1080,411,10.85
5878,5958,411,5.18
5888,5968,411,6.96
4374,4375,411,2.96
1929,1848,411,7.28
5887,5968,411,8.57
1160,1080,411,9.5
4007,3928,411,1.26
2402,2321,411,7.29
4009,3928,411,0.85
1896,1897,412,11.16
1331,1251,412,11.16
2137,2138,412,11.15
1655,1656,412,11.15
5451,5452,412,11.17
1771,1691,412,9.49
1735,1656,412,12.76
2217,2138,412,12.76
1976,1897,412,12.76
1330,1251,412,12.75
1614,1534,412,9.49
1459,1379,412,6.53
1616,1536,412,6.52
2455,2536,412,8.56
4481,4562,412,8.58
1772,1691,412,7.28
1067,987,412,6.52
3488,3408,412,1.11
3810,3811,412,1.11
2456,2457,413,11.18
1849,1769,413,9.48
1069,989,413,9.47
1156,1076,413,9.49
1412,1333,413,12.76
5367,5447,413,6.96
5860,5940,413,6.96
5889,5969,413,6.96
2376,2457,413,8.59
5861,5940,413,6.45
5368,5447,413,6.46
5888,5969,413,8.57
1155,1076,413,10.86
2322,2242,413,9.49
2323,2242,413,7.28
5652,5573,413,12.77
2377,2378,414,11.17
1413,1414,414,11.17
2243,2163,414,9.48
1161,1081,414,9.49
1248,1168,414,9.48
1493,1414,414,12.77
1247,1168,414,10.84
6028,6108,414,6.97
2297,2378,414,8.57
1692,1612,414,9.49
2244,2163,414,7.28
5878,5959,414,6.38
1537,1457,414,6.52
1160,1081,414,10.86
2057,2058,415,11.15
1332,1252,415,11.16
2298,2299,415,11.16
1249,1169,415,11.16
1816,1817,415,11.16
1575,1576,415,11.16
1896,1817,415,12.76
1331,1252,415,12.76
2137,2058,415,12.75
1655,1576,415,12.75
1068,988,415,6.51
1073,993,415,9.48
1614,1535,415,10.85
5889,5970,415,8.58
1459,1380,415,7.46
2165,2084,415,7.28
5171,5172,415,2.96
4773,4774,415,2.96
2164,2084,415,9.48
5617,5697,415,1.85
1067,988,415,7.45
3730,3731,415,1.11
5890,5891,416,11.18
1163,1083,416,9.49
1770,1690,416,9.49
1157,1077,416,9.49
1069,990,416,10.83
1156,1077,416,10.85
5943,6023,416,6.97
5810,5891,416,8.58
6028,6109,416,8.58
2085,2005,416,9.48
2086,2005,416,7.28
1224,1223,416,4.06
5811,5812,417,11.17
1164,1084,417,9.5
1413,1334,417,12.77
1161,1082,417,10.85
5731,5812,417,8.57
2455,2534,417,6.45
1162,1082,417,9.49
5880,5960,417,3.69
4215,4216,417,2.96
5950,6030,417,3.69
6029,6030,417,11.19
3688,3689,417,1.1
3893,3814,417,1.26
3609,3689,417,0.69
1736,1737,418,11.16
1250,1170,418,11.15
1977,1978,418,11.18
2218,2219,418,11.17
5732,5733,418,11.17
1495,1415,418,11.16
1495,1496,418,11.16
1165,1085,418,9.49
2006,1926,418,9.48
2057,1978,418,12.75
1332,1253,418,12.76
2298,2219,418,12.76
1249,1170,418,12.76
1816,1737,418,12.76
1494,1415,418,12.76
1575,1496,418,12.76
5451,5531,418,6.96
1144,1064,418,6.51
1074,994,418,9.49
5943,6024,418,8.58
1073,994,418,10.84
5877,5957,418,5.17
2007,1926,418,7.28
5796,5875,418,4.79
5410,5411,418,2.97
5652,5733,418,8.58
3650,3651,418,1.11
1166,1086,419,9.5
6026,6106,419,6.96
6026,6025,419,6.96
5945,6025,419,6.97
1079,999,419,9.5
1927,1847,420,9.48
1078,998,420,9.49
5965,6045,420,6.96
5859,5939,420,6.96
5859,5858,420,6.96
5451,5532,420,8.58
1928,1847,420,7.28
5367,5446,420,6.46
5860,5939,420,6.45
1224,1143,420,5
2138,2139,421,11.15
1251,1171,421,11.16
2536,2537,421,11.15
1897,1898,421,11.18
1656,1657,421,11.16
1736,1657,421,12.76
1250,1171,421,12.75
1977,1898,421,12.78
2218,2139,421,12.77
1495,1416,421,12.76
5448,5528,421,6.96
1458,1378,421,6.52
2456,2537,421,8.58
6026,6107,421,8.58
1074,995,421,10.85
1614,1533,421,7.28
6028,6107,421,6.46
1066,986,421,6.52
1075,995,421,9.5
5951,6031,421,3.69
5950,6031,421,4.55
3489,3409,421,1.11
3570,3571,421,1.11
2528,2529,421,1.1
2457,2458,422,11.18
1167,1087,422,9.49
1848,1768,422,9.48
2321,2241,422,9.49
1166,1087,422,10.86
5966,6046,422,6.96
1072,992,422,6.51
5965,6046,422,8.57
2377,2458,422,8.57
5859,5778,422,8.58
1849,1768,422,7.28
2322,2241,422,7.29
1079,1000,422,10.86
5616,5696,422,1.85
5616,5615,422,1.85
1080,1000,422,9.49
2449,2450,422,1.1
2378,2379,423,11.16
1691,1611,423,9.49
2298,2379,423,8.57
5448,5529,423,8.58
2243,2162,423,7.28
5943,6022,423,6.46
1692,1611,423,7.28
5251,5252,423,2.96
5873,5954,423,5
1576,1577,424,11.17
2299,2300,424,11.16
1252,1172,424,11.16
2058,2059,424,11.15
1817,1818,424,11.17
1169,1089,424,11.16
1769,1689,424,9.49
2138,2059,424,12.75
1251,1172,424,12.76
1897,1818,424,12.78
1656,1577,424,12.76
1071,991,424,6.51
5890,5971,424,8.58
5966,6047,424,8.57
1075,996,424,10.86
1076,996,424,9.5
1543,1463,424,2.97
5967,6047,424,6.96
2164,2083,424,7.28
3164,3165,424,1.1
5970,5971,424,11.17
5891,5892,425,11.17
1168,1088,425,9.48
1333,1254,425,12.76
1167,1088,425,10.85
4561,4641,425,6.96
5811,5892,425,8.57
5451,5530,425,6.46
4932,4933,425,2.96
2085,2004,425,7.28
6109,6110,425,11.19
1065,985,425,6.52
1540,1461,425,3.39
5951,6032,425,4.54
1081,1001,425,9.49
1080,1001,425,10.86
6029,6110,425,8.59
3929,3849,425,1.1
5812,5813,426,11.16
1414,1335,426,12.76
5732,5813,426,8.58
6026,6105,426,6.46
5490,5491,426,2.97
5967,6048,426,8.57
5968,6048,426,6.96
1496,1497,427,11.17
1737,1738,427,11.17
5733,5734,427,11.17
1978,1979,427,11.18
1253,1173,427,11.17
2219,2220,427,11.17
1690,1610,427,9.49
1576,1497,427,12.77
2299,2220,427,12.76
1252,1173,427,12.76
2058,1979,427,12.75
1817,1738,427,12.77
1169,1090,427,12.76
2536,2616,427,6.95
4561,4642,427,8.58
2006,1925,427,7.28
5965,6044,427,6.45
5859,5938,427,6.46
1083,1003,427,9.49
1076,997,427,10.86
1077,997,427,9.5
1537,1456,427,5.01
2005,1925,427,9.48
3084,3085,427,1.11
5447,5527,428,6.96
1379,1299,428,6.53
987,907,428,6.51
1534,1454,428,6.52
1084,1004,428,9.5
5940,6020,428,6.96
5448,5527,428,6.46
5877,5956,428,4.8
1082,1002,428,9.49
5968,6049,428,8.57
1081,1002,428,10.85
5969,6049,428,6.96
3926,3847,428,1.26
1085,1005,429,9.49
1926,1846,429,9.49
994,914,429,9.5
989,909,429,6.51
2536,2617,429,8.56
6108,6188,429,6.96
1927,1846,429,7.28
5963,6043,429,3.69
4056,4057,429,2.97
2608,2609,429,1.1
1224,1303,429,3.77
2537,2538,430,11.15
2139,2140,430,11.15
1416,1336,430,11.16
1416,1417,430,11.16
1898,1899,430,11.17
1657,1658,430,11.17
1086,1006,430,9.5
1496,1417,430,12.77
1737,1658,430,12.77
1415,1336,430,12.76
5733,5654,430,12.77
1978,1899,430,12.78
1253,1174,430,12.77
2219,2140,430,12.77
1457,1377,430,6.52
2457,2538,430,8.59
1612,1532,430,6.52
5940,6021,430,8.57
1542,1462,430,2.97
5454,5453,430,1.85
5969,6050,430,8.57
5970,6050,430,6.96
2458,2459,431,11.19
1847,1767,431,9.48
1143,1063,431,9.49
6023,6103,431,6.96
988,908,431,6.51
1380,1300,431,6.52
1380,1381,431,6.52
1535,1455,431,6.52
2378,2459,431,8.57
1379,1300,431,7.46
1534,1455,431,7.45
1848,1767,431,7.28
6108,6189,431,8.58
1144,1063,431,5
4614,4615,431,2.96
4295,4296,431,2.96
6109,6189,431,6.97
2379,2380,432,11.15
1533,1453,432,9.49
2299,2380,432,8.57
994,915,432,10.86
995,915,432,9.5
990,910,432,6.51
3976,3977,432,2.97
5874,5955,432,5
3244,3245,432,1.11
5970,6051,432,8.58
1818,1819,433,11.16
2059,2060,433,11.16
2300,2301,433,11.17
1577,1578,433,11.17
5971,5972,433,11.18
1768,1688,433,9.49
2241,2161,433,9.49
1087,1007,433,9.48
2139,2060,433,12.75
1416,1337,433,12.76
1898,1819,433,12.77
1657,1578,433,12.77
1086,1007,433,10.86
6024,6104,433,6.96
6023,6104,433,8.58
5891,5972,433,8.58
1769,1688,433,7.28
1089,1009,433,11.17
5331,5332,433,2.97
6109,6190,433,8.59
4534,4535,433,2.96
2242,2161,433,7.28
1000,920,433,9.5
5012,5013,433,2.96
5892,5893,434,11.16
6106,6186,434,6.96
1064,984,434,6.51
5812,5893,434,8.57
1380,1301,434,7.46
2536,2615,434,6.44
6110,6111,434,11.18
2163,2082,434,7.28
2162,2082,434,9.48
5813,5814,435,11.17
1689,1609,435,9.49
6045,6125,435,6.96
5446,5526,435,6.96
5446,5445,435,6.96
5733,5814,435,8.58
5447,5526,435,6.46
5858,5857,435,6.97
995,916,435,10.86
5940,6019,435,6.45
5939,6019,435,6.97
2083,2003,435,9.48
996,916,435,9.5
2084,2003,435,7.28
1979,1980,436,11.18
2220,2221,436,11.17
1738,1739,436,11.18
1497,1498,436,11.17
1818,1739,436,12.76
2059,1980,436,12.76
2300,2221,436,12.77
2004,1924,436,9.49
1577,1498,436,12.77
1087,1008,436,10.84
6107,6187,436,6.96
5528,5608,436,6.96
6106,6187,436,8.58
1088,1008,436,9.47
1089,1010,436,12.77
6108,6187,436,6.46
5962,6042,436,3.69
990,911,436,7.44
1001,921,436,9.5
2005,1924,436,7.28
1000,921,436,10.86
5734,5735,436,11.18
6046,6126,437,6.96
1378,1298,437,6.53
6045,6126,437,8.57
5446,5365,437,8.57
1143,1142,437,5.91
5858,5777,437,8.59
5953,6033,437,3.69
4136,4137,437,2.96
5952,6033,437,4.54
5534,5614,437,1.85
5534,5533,437,1.85
986,906,437,6.52
5571,5492,437,3.39
1610,1530,438,9.49
997,917,438,9.5
2537,2618,438,8.56
5528,5609,438,8.58
5957,6037,438,5.17
6023,6102,438,6.46
1926,1845,438,7.28
2617,2618,438,11.14
994,913,438,7.29
5961,6041,438,3.69
1925,1845,438,9.49
1003,923,438,9.5
996,917,438,10.86
1899,1900,439,11.17
1417,1418,439,11.17
1336,1256,439,11.17
2140,2141,439,11.16
1658,1659,439,11.17
1004,924,439,9.51
1979,1900,439,12.79
2538,2539,439,11.16
2220,2141,439,12.77
1738,1659,439,12.78
1497,1418,439,12.77
6047,6127,439,6.96
6046,6127,439,8.57
2458,2539,439,8.59
5958,6038,439,3.69
1611,1531,439,6.52
4694,4695,439,2.96
1001,922,439,10.86
1002,922,439,9.49
3767,3768,439,1.1
5734,5655,439,12.78
2459,2460,440,11.19
2379,2460,440,8.56
914,834,440,9.5
1847,1766,440,7.28
1143,1062,440,7.28
1846,1766,440,9.49
3976,3897,440,3.39
1005,925,440,9.49
4374,4455,440,2.28
4454,4455,440,2.96
3324,3325,440,1.11
2380,2381,441,11.15
6051,6052,441,11.17
997,918,441,10.86
6048,6128,441,6.96
2300,2381,441,8.57
6047,6128,441,8.57
5971,6052,441,8.58
1533,1452,441,7.28
6106,6185,441,6.46
1006,926,441,9.49
1223,1222,441,4.06
5953,6034,441,4.54
5092,5093,441,2.96
985,905,441,6.52
2604,2685,441,0.85
1819,1820,442,11.17
2060,2061,442,11.17
6190,6191,442,11.18
1337,1257,442,11.17
1337,1338,442,11.17
5972,5973,442,11.17
2161,2081,442,11.17
2301,2302,442,11.16
1578,1579,442,11.16
1767,1687,442,9.49
1899,1820,442,12.77
1417,1338,442,12.77
1336,1257,442,12.77
2140,2061,442,12.76
1658,1579,442,12.77
5938,6018,442,6.97
5938,5937,442,6.97
5892,5973,442,8.57
1768,1687,442,7.28
6045,6124,442,6.45
5446,5525,442,6.45
5959,6039,442,3.7
5858,5937,442,6.47
2616,2696,442,6.95
5939,6018,442,6.47
4853,4854,442,2.96
6110,6191,442,8.59
1000,919,442,7.29
3570,3491,442,1.27
5893,5894,443,11.17
5527,5607,443,6.96
6049,6129,443,6.96
915,835,443,9.49
1456,1376,443,6.52
5813,5894,443,8.58
6048,6129,443,8.57
914,835,443,10.86
5528,5607,443,6.46
1457,1376,443,5.01
1453,1373,443,9.48
3490,3410,443,1.11
2082,2002,443,11.17
3489,3410,443,1.27
5814,5815,444,11.17
1007,927,444,9.48
1688,1608,444,9.48
6188,6268,444,6.96
1299,1219,444,6.53
1689,1608,444,7.28
1006,927,444,10.85
2617,2697,444,6.94
1454,1374,444,6.52
2616,2697,444,8.56
5734,5815,444,8.58
1498,1499,445,11.16
1980,1981,445,11.18
2221,2222,445,11.16
1739,1740,445,11.19
1819,1740,445,12.77
2060,1981,445,12.77
1337,1258,445,12.77
2301,2222,445,12.76
1578,1499,445,12.76
6021,6101,445,6.95
6049,6130,445,8.57
2004,1923,445,7.28
5960,6040,445,3.69
4375,4376,445,2.96
6050,6130,445,6.96
1609,1529,446,9.49
6189,6269,446,6.97
1377,1297,446,6.53
6188,6269,446,8.58
915,836,446,10.85
5954,6035,446,6.36
2617,2698,446,8.55
916,836,446,9.49
5572,5493,446,3.39
5609,5610,447,11.17
2618,2619,447,11.15
1008,928,447,9.48
1924,1844,447,9.49
1007,928,447,10.84
6051,6131,447,6.96
1063,983,447,6.52
1300,1220,447,6.53
1336,1255,447,8.57
1299,1220,447,7.46
2538,2619,447,8.57
1455,1375,447,6.52
1064,983,447,5
5573,5574,447,2.97
1454,1375,447,7.45
1925,1844,447,7.28
1381,1382,447,6.53
6050,6131,447,8.57
1418,1419,448,11.16
1900,1901,448,11.17
2141,2142,448,11.16
1498,1419,448,12.76
1980,1901,448,12.78
2221,2142,448,12.76
1256,1176,448,11.19
1739,1660,448,12.79
6104,6184,448,6.96
6190,6270,448,6.97
6189,6270,448,8.59
2459,2540,448,8.59
5956,6036,448,5.16
1659,1660,448,11.17
5957,6036,448,4.79
2539,2540,448,11.16
2380,2461,449,8.56
6051,6132,449,8.58
5938,6017,449,6.47
914,833,449,7.29
2460,2461,449,11.18
5172,5173,449,2.96
916,837,449,10.85
1530,1450,449,9.49
4774,4775,449,2.96
2616,2695,449,6.44
1846,1765,449,7.28
3004,3005,449,1.1
3084,3005,449,1.26
6186,6266,449,6.97
1845,1765,449,9.49
6052,6053,450,11.17
1531,1451,450,9.48
1008,929,450,10.84
6019,6099,450,6.97
5526,5606,450,6.96
6190,6271,450,8.59
5972,6053,450,8.57
2301,2382,450,8.57
1300,1221,450,7.46
5445,5444,450,6.96
2381,2382,450,11.16
5527,5606,450,6.45
1301,1221,450,6.53
1301,1302,450,6.53
1381,1302,450,7.46
5616,5695,450,1.72
984,904,450,6.51
1820,1821,451,11.18
5973,5974,451,11.17
1338,1339,451,11.16
6191,6192,451,11.17
2061,2062,451,11.17
2302,2303,451,11.16
834,754,451,9.5
1418,1339,451,12.76
1900,1821,451,12.77
2141,2062,451,12.76
1257,1177,451,11.18
5608,5688,451,6.96
1256,1177,451,12.79
5893,5974,451,8.57
1767,1686,451,7.28
6188,6267,451,6.46
1659,1580,451,12.77
4216,4217,451,2.96
1579,1580,451,11.15
6111,6112,451,5.93
2081,2001,451,11.17
3894,3815,451,1.26
2082,2001,451,8.57
1766,1686,451,9.49
6187,6267,451,6.96
6186,6267,451,8.59
5894,5895,452,11.17
926,846,452,9.49
905,825,452,9.48
6126,6206,452,6.96
5814,5895,452,8.58
6019,6100,452,8.59
6021,6100,452,6.45
5445,5364,452,8.57
1452,1372,452,9.48
1453,1372,452,7.28
5411,5412,452,2.97
1384,1383,452,1.85
2002,1922,452,11.17
5609,5689,453,6.96
5608,5689,453,8.57
1688,1607,453,7.28
1298,1218,453,6.53
906,826,453,6.51
5815,5816,453,11.17
1687,1607,453,9.48
2222,2223,454,11.16
1981,1982,454,11.18
1373,1293,454,9.48
1820,1741,454,12.78
1338,1259,454,12.76
2061,1982,454,12.77
2302,2223,454,12.76
834,755,454,10.86
1258,1178,454,11.17
1258,1259,454,11.17
6127,6207,454,6.96
1257,1178,454,12.78
6126,6207,454,8.57
1740,1741,454,11.18
1579,1500,454,12.75
1499,1500,454,11.16
2698,2699,455,11.16
927,847,455,9.49
1608,1528,455,9.48
926,847,455,10.85
5609,5690,455,8.58
2618,2699,455,8.56
1609,1528,455,7.28
6104,6183,455,6.46
1219,1139,455,9.49
5573,5494,455,3.39
2619,2620,456,11.15
1923,1843,456,9.49
6128,6208,456,6.96
6127,6208,456,8.57
1924,1843,456,7.28
1256,1175,456,8.59
992,912,456,2.96
5815,5736,456,12.78
2539,2620,456,8.57
6185,6265,456,6.96
1062,982,456,6.52
6186,6265,456,6.46
2142,2143,457,11.18
1901,1902,457,11.18
1660,1661,457,11.18
2222,2143,457,12.76
1981,1902,457,12.78
1373,1294,457,10.84
2696,2776,457,6.95
6018,6098,457,6.97
5525,5605,457,6.96
5525,5524,457,6.96
1258,1179,457,12.77
2540,2541,457,11.17
6033,6113,457,5.17
1529,1449,457,9.49
6019,6098,457,6.47
5526,5605,457,6.45
5445,5524,457,6.45
6043,6123,457,3.69
1740,1661,457,12.78
6032,6113,457,4.55
906,827,457,7.45
2460,2541,457,8.59
5252,5253,457,2.96
1419,1420,457,11.16
1499,1420,457,12.76
6132,6133,458,11.17
2461,2462,458,11.18
927,848,458,10.84
6129,6209,458,6.96
5607,5687,458,6.96
6128,6209,458,8.57
6052,6133,458,8.58
6037,6117,458,5.17
5608,5687,458,6.45
1219,1140,458,10.85
1844,1764,458,9.49
2381,2462,458,8.57
1845,1764,458,7.28
6271,6272,459,11.18
6053,6054,459,11.17
2697,2777,459,6.95
1376,1296,459,6.52
5973,6054,459,8.57
2696,2777,459,8.57
6191,6272,459,8.57
2302,2383,459,8.57
6126,6205,459,6.45
2382,2383,459,11.16
1377,1296,459,5.01
6268,6348,459,6.96
4933,4934,459,2.96
5974,5975,460,11.17
1339,1340,460,11.17
1580,1581,460,11.16
2062,2063,460,11.19
2142,2063,460,12.78
1901,1822,460,12.78
1660,1581,460,12.78
5894,5975,460,8.58
6129,6210,460,8.57
2001,1921,460,11.17
834,753,460,7.29
6033,6114,460,6.37
1821,1822,460,11.18
1450,1370,460,9.49
1419,1340,460,12.76
1765,1685,460,9.49
2002,1921,460,8.58
6130,6210,460,6.96
1766,1685,460,7.29
2303,2304,460,11.16
6269,6349,461,6.98
2698,2778,461,6.95
2697,2778,461,8.56
926,845,461,7.29
905,824,461,7.28
6037,6118,461,6.37
1451,1371,461,9.48
5815,5896,461,8.58
1452,1371,461,7.28
5895,5896,461,11.18
6268,6349,461,8.58
754,674,462,9.5
6131,6211,462,6.96
1297,1217,462,6.53
1142,1141,462,4.07
1686,1606,462,9.48
6130,6211,462,8.57
1687,1606,462,7.28
1741,1742,463,11.19
1982,1983,463,11.19
1500,1501,463,11.17
825,745,463,9.47
1339,1260,463,12.77
1580,1501,463,12.76
2062,1983,463,12.79
6270,6350,463,6.97
6269,6350,463,8.6
2698,2779,463,8.57
1374,1295,463,7.45
1373,1292,463,7.28
1259,1260,463,11.16
1375,1295,463,6.52
1821,1742,463,12.78
4057,4058,463,2.97
909,829,463,2.96
6185,6264,463,6.46
2223,2224,463,11.17
1922,1842,463,9.49
984,903,463,5
983,903,463,6.51
2303,2224,463,12.76
2699,2700,464,11.16
6132,6212,464,6.96
6017,6097,464,6.96
6017,6016,464,6.96
2695,2775,464,6.96
2695,2694,464,6.96
6266,6346,464,6.96
2619,2700,464,8.56
6131,6212,464,8.57
2696,2775,464,6.45
6018,6097,464,6.46
5525,5604,464,6.45
1608,1527,464,7.28
1219,1138,464,7.29
6042,6122,464,3.7
1607,1527,464,9.48
2620,2621,465,11.16
1293,1213,465,9.49
754,675,465,10.86
6271,6351,465,6.96
5606,5686,465,6.96
6099,6179,465,6.97
6270,6351,465,8.59
5607,5686,465,6.45
2540,2621,465,8.57
908,828,465,2.96
4296,4297,465,2.96
4615,4616,465,2.96
5534,5613,465,1.71
1062,1061,465,4.07
3490,3411,465,1.27
1661,1662,466,11.18
1179,1099,466,11.17
1179,1180,466,11.17
1139,1059,466,9.48
1741,1662,466,12.79
1982,1903,466,12.79
1500,1421,466,12.77
1902,1903,466,11.19
825,746,466,10.83
6132,6213,466,8.57
6017,5936,466,8.58
2695,2614,466,8.57
2461,2542,466,8.58
6266,6347,466,8.58
5688,5768,466,6.95
6035,6115,466,5.17
1259,1180,466,12.76
2541,2542,466,11.18
6102,6182,466,3.69
1529,1448,466,7.28
3977,3978,466,2.97
910,830,466,2.96
6041,6121,466,3.69
1528,1448,466,9.48
2223,2144,466,12.77
1420,1421,466,11.16
6267,6347,466,6.96
2143,2144,466,11.18
6268,6347,466,6.46
6133,6134,467,11.17
2462,2463,467,11.17
1843,1763,467,9.49
6100,6180,467,6.96
6271,6352,467,8.58
6053,6134,467,8.57
6099,6180,467,8.58
4535,4536,467,2.96
5013,5014,467,2.96
2382,2463,467,8.57
1844,1763,467,7.28
5332,5333,467,2.97
920,840,467,2.97
6054,6055,468,11.17
1294,1214,468,9.48
1293,1214,468,10.85
5689,5769,468,6.95
6192,6193,468,5.93
5974,6055,468,8.58
5688,5769,468,8.57
6036,6116,468,5.17
6037,6116,468,4.8
2383,2384,468,11.16
2303,2384,468,8.57
1822,1823,469,11.18
2063,2064,469,11.18
1581,1582,469,11.15
1921,1841,469,11.17
1661,1582,469,12.78
1179,1100,469,12.77
1139,1060,469,10.84
1902,1823,469,12.79
6100,6181,469,8.58
1450,1369,469,7.28
5895,5976,469,8.58
5975,5976,469,11.18
1764,1684,469,9.49
2304,2305,469,11.16
1340,1341,469,11.16
5127,5047,469,1.11
1420,1341,469,12.76
1062,981,469,5.01
2143,2064,469,12.78
1765,1684,469,7.29
5896,5897,470,11.18
5689,5770,470,8.57
6124,6204,470,3.69
921,841,470,2.96
6039,6119,470,3.69
911,831,470,2.96
4968,4967,470,0.69
1294,1215,471,10.84
754,673,471,7.29
6208,6288,471,6.96
6017,6096,471,6.46
2695,2774,471,6.45
6266,6345,471,6.46
4137,4138,471,2.96
6265,6345,471,6.96
1685,1605,471,9.49
1686,1605,471,7.28
1370,1290,471,9.49
3004,2925,471,1.26
2779,2780,472,11.16
1742,1743,472,11.18
1501,1502,472,11.16
1260,1261,472,11.15
1983,1984,472,11.18
1822,1743,472,12.78
2063,1984,472,12.78
1581,1502,472,12.75
6098,6178,472,6.96
5605,5685,472,6.96
5524,5523,472,6.96
2776,2856,472,6.95
2699,2780,472,8.57
825,744,472,7.27
5606,5685,472,6.45
6099,6178,472,6.46
2224,2225,472,11.17
2304,2225,472,12.76
1340,1261,472,12.76
923,843,472,2.97
5654,5575,472,3.39
982,902,472,6.52
2700,2701,473,11.16
674,594,473,9.49
1606,1526,473,9.48
5896,5817,473,12.78
5687,5767,473,6.96
2620,2701,473,8.57
6208,6289,473,8.57
5688,5767,473,6.45
5655,5656,473,2.97
4695,4696,473,2.96
922,842,473,2.96
6040,6120,473,3.69
5531,5611,473,1.85
924,844,473,2.97
1607,1526,473,7.28
6209,6289,473,6.96
2621,2622,474,11.16
2777,2857,474,6.94
1179,1098,474,8.57
5524,5443,474,8.57
2776,2857,474,8.57
1293,1212,474,7.28
2541,2622,474,8.58
4455,4456,474,2.96
745,665,474,9.48
3977,3898,474,3.39
4375,4456,474,2.27
1842,1762,474,9.49
1370,1291,474,10.85
3851,3770,474,0.85
1180,1181,475,11.16
1421,1422,475,11.16
1662,1663,475,11.17
6213,6214,475,11.17
1742,1663,475,12.78
1501,1422,475,12.76
1260,1181,475,12.75
1983,1904,475,12.78
6133,6214,475,8.57
2462,2543,475,8.57
1903,1904,475,11.17
1139,1058,475,7.28
1296,1216,475,6.52
1297,1216,475,5.01
2542,2543,475,11.18
5936,5856,475,11.18
5093,5094,475,2.96
918,838,475,2.97
2224,2145,475,12.77
5532,5612,475,1.85
1528,1447,475,7.28
1527,1447,475,9.48
6209,6290,475,8.57
2144,2145,475,11.19
6210,6290,475,6.96
6352,6353,476,11.17
674,595,476,10.85
2778,2858,476,6.95
2777,2858,476,8.56
6272,6273,476,5.93
6054,6135,476,8.57
919,839,476,2.97
4854,4855,476,2.96
2383,2464,476,8.57
2463,2464,476,11.16
6055,6056,477,11.17
1448,1368,477,9.49
6211,6291,477,6.96
2384,2385,477,11.16
745,666,477,10.84
5975,6056,477,8.58
5696,5776,477,1.85
2304,2385,477,8.57
6210,6291,477,8.57
1582,1583,478,11.15
1180,1101,478,12.76
1421,1342,478,12.76
1662,1583,478,12.77
2779,2859,478,6.96
1217,1137,478,6.53
2778,2859,478,8.56
5896,5977,478,8.58
1903,1824,478,12.77
6208,6287,478,6.45
1823,1824,478,11.17
6265,6344,478,6.45
6264,6344,478,6.96
6264,6263,478,6.96
911,832,478,3.38
2305,2306,478,11.16
1764,1683,478,7.29
1763,1683,478,9.49
5976,5977,478,11.18
3812,3732,478,1.11
2144,2065,478,12.79
1341,1342,478,11.16
2064,2065,478,11.18
5897,5898,479,11.17
5604,5684,479,6.96
5604,5603,479,6.96
6097,6177,479,6.97
6212,6292,479,6.96
2775,2855,479,6.95
903,823,479,6.52
6211,6292,479,8.57
6016,6015,479,6.97
6098,6177,479,6.46
5605,5684,479,6.45
5524,5603,479,6.45
2776,2855,479,6.45
904,823,479,5
4376,4377,479,2.96
5492,5413,479,3.39
1684,1604,480,9.49
1841,1761,480,9.49
5686,5766,480,6.96
6179,6259,480,6.97
2779,2860,480,8.57
5687,5766,480,6.45
6206,6286,480,3.69
836,756,480,2.96
6114,6194,480,5.18
1685,1604,480,7.28
6113,6194,480,6.37
1370,1289,480,7.28
1261,1262,481,11.16
1502,1503,481,11.16
2780,2781,481,11.16
1984,1985,481,11.16
1582,1503,481,12.75
2225,2226,481,11.17
6213,6293,481,6.96
5768,5848,481,6.96
1213,1133,481,6.52
2700,2781,481,8.57
6212,6293,481,8.57
6016,5935,481,8.59
1823,1744,481,12.77
5936,5935,481,6.96
5655,5576,481,3.39
1743,1744,481,11.16
2305,2226,481,12.76
1341,1262,481,12.76
2064,1985,481,12.79
2701,2702,482,11.15
1605,1525,482,9.49
5897,5818,482,12.78
673,593,482,9.49
6180,6260,482,6.96
1059,979,482,6.52
6179,6260,482,8.58
2621,2702,482,8.57
1215,1135,482,9.49
674,593,482,7.29
1606,1525,482,7.28
2607,2687,482,0.69
2622,2623,483,11.16
5769,5849,483,6.95
6213,6294,483,8.57
5768,5849,483,8.57
744,664,483,9.47
5173,5174,483,2.96
2542,2623,483,8.58
5936,5855,483,8.58
745,664,483,7.28
4775,4776,483,2.96
837,757,483,2.96
6114,6195,483,6.38
1904,1905,484,11.16
1181,1182,484,11.17
1422,1423,484,11.16
1663,1664,484,11.17
594,514,484,9.48
1261,1182,484,12.75
1502,1423,484,12.76
1984,1905,484,12.76
4138,4139,484,8.3
2225,2146,484,12.77
6181,6261,484,6.95
1214,1134,484,6.52
6180,6261,484,8.58
1213,1134,484,7.45
6124,6203,484,3.43
2145,2146,484,11.19
1743,1664,484,12.76
1527,1446,484,7.28
2463,2544,484,8.57
1526,1446,484,9.49
2608,2688,484,0.69
2543,2544,484,11.17
6135,6136,485,11.17
665,585,485,9.48
1212,1132,485,9.49
1060,980,485,6.52
6055,6136,485,8.58
5769,5850,485,8.57
1059,980,485,7.46
1215,1136,485,10.85
981,901,485,6.52
2384,2465,485,8.57
4217,4218,485,2.97
2464,2465,485,11.16
6264,6343,485,6.45
3406,3326,485,1.11
3895,3816,485,1.26
1061,980,485,7.28
982,901,485,5.01
1762,1682,485,9.49
6056,6057,486,11.17
2385,2386,486,11.15
4138,4059,486,9.49
6181,6262,486,8.57
6096,6176,486,6.97
6096,6095,486,6.97
1448,1367,486,7.28
5604,5683,486,6.45
6097,6176,486,6.46
2775,2854,486,6.45
6016,6095,486,6.46
6117,6197,486,3.7
846,766,486,2.97
1447,1367,486,9.48
2305,2386,486,8.57
6288,6368,486,6.96
3813,3733,486,1.11
5976,6057,486,8.58
1583,1584,487,11.16
1101,1021,487,11.18
1101,1102,487,11.18
1904,1825,487,12.76
1181,1102,487,12.77
1422,1343,487,12.76
1663,1584,487,12.77
1824,1825,487,11.17
594,515,487,10.84
2856,2936,487,6.95
5685,5765,487,6.96
6178,6258,487,6.97
5897,5978,487,8.58
1290,1210,487,6.52
5686,5765,487,6.45
6179,6258,487,6.46
1342,1343,487,11.15
6205,6285,487,3.69
2145,2066,487,12.79
5977,5978,487,11.18
2306,2307,487,11.18
2065,2066,487,11.17
5898,5899,488,11.17
665,586,488,10.83
5767,5847,488,6.96
902,822,488,6.52
673,672,488,5.91
5768,5847,488,6.45
6116,6196,488,5.17
5493,5414,488,3.39
6288,6369,488,8.57
1368,1288,488,9.5
6289,6369,488,6.96
2606,2686,488,0.69
2860,2861,489,11.16
2857,2937,489,6.94
2856,2937,489,8.56
2780,2861,489,8.57
1684,1603,489,7.29
744,743,489,5.9
6118,6198,489,3.69
5494,5495,489,2.97
5574,5495,489,3.39
1683,1603,489,9.49
1744,1745,490,11.16
1503,1504,490,11.16
1262,1263,490,11.16
2781,2782,490,11.15
1583,1504,490,12.76
1101,1022,490,12.78
1291,1211,490,6.52
1824,1745,490,12.77
2701,2782,490,8.56
1290,1211,490,7.45
6290,6370,490,6.96
1985,1986,490,11.16
1342,1263,490,12.75
5736,5737,490,2.97
2226,2227,490,11.17
6289,6370,490,8.57
2306,2227,490,12.78
2065,1986,490,12.77
2702,2703,491,11.16
1289,1209,491,9.49
1761,1681,491,9.49
5898,5819,491,12.77
6135,6215,491,6.96
2857,2938,491,8.55
2622,2703,491,8.57
1605,1524,491,7.28
673,592,491,7.29
6193,6274,491,6.37
5253,5254,491,2.96
1604,1524,491,9.49
837,758,491,3.39
5206,5126,491,1.11
827,747,491,2.96
2623,2624,492,11.16
6291,6371,492,6.96
6290,6371,492,8.57
744,663,492,7.27
6122,6202,492,3.69
5614,5694,492,1.85
5856,5775,492,8.58
2543,2624,492,8.58
1182,1183,493,11.17
1664,1665,493,11.16
593,513,493,9.48
1744,1665,493,12.76
979,899,493,9.49
1503,1424,493,12.76
1262,1183,493,12.76
1905,1906,493,11.18
1423,1424,493,11.16
2859,2939,493,6.94
6287,6367,493,6.96
6353,6354,493,5.92
6135,6216,493,8.57
1135,1055,493,9.49
594,513,493,7.28
2146,2147,493,11.18
6096,6175,493,6.46
1985,1906,493,12.76
6118,6199,493,4.55
4934,4935,493,2.96
2464,2545,493,8.57
2544,2545,493,11.17
2226,2147,493,12.77
6288,6367,493,6.45
1526,1445,493,7.28
1525,1445,493,9.49
6136,6137,494,11.17
664,584,494,9.48
2855,2935,494,6.95
6177,6257,494,6.97
6292,6372,494,6.96
5603,5602,494,6.96
5684,5764,494,6.96
6015,6014,494,6.97
1137,1057,494,6.52
6056,6137,494,8.58
2385,2466,494,8.56
6291,6372,494,8.57
665,584,494,7.27
1212,1131,494,7.29
2465,2466,494,11.15
2856,2935,494,6.44
5685,5764,494,6.45
6178,6257,494,6.46
4138,4219,494,6.37
6121,6201,494,3.69
846,767,494,3.39
3407,3327,494,1.11
4725,4724,494,0.69
3688,3769,494,0.85
2386,2387,495,11.16
6057,6058,495,11.18
514,434,495,9.48
1446,1366,495,9.49
2860,2940,495,6.95
5766,5846,495,6.96
6259,6339,495,6.97
2859,2940,495,8.55
1101,1020,495,8.58
5767,5846,495,6.45
1059,978,495,5.01
845,765,495,2.97
1447,1366,495,7.28
5977,6058,495,8.58
2306,2387,495,8.58
1102,1103,496,11.18
1343,1344,496,11.15
1584,1585,496,11.16
2307,2308,496,11.17
585,505,496,9.48
1182,1103,496,12.77
1664,1585,496,12.76
979,900,496,10.85
5848,5928,496,6.96
6293,6373,496,6.96
5935,5934,496,6.97
1905,1826,496,12.78
1423,1344,496,12.76
6292,6373,496,8.57
5603,5522,496,8.58
6015,5934,496,8.59
5898,5979,496,8.57
1136,1056,496,9.49
1825,1826,496,11.17
1135,1056,496,10.85
2146,2067,496,12.78
755,676,496,3.39
5978,5979,496,11.18
1682,1602,496,9.49
2066,2067,496,11.17
2844,2845,496,1.11
5899,5900,497,11.16
4139,4140,497,8.29
6260,6340,497,6.97
1133,1053,497,6.52
2860,2941,497,8.57
6259,6340,497,8.58
673,752,497,5.49
5494,5415,497,3.39
1368,1287,497,7.29
829,749,497,2.96
2861,2862,498,11.16
515,435,498,9.49
515,516,498,9.49
514,435,498,10.84
5848,5929,498,8.57
6293,6374,498,8.57
5935,5854,498,8.58
2781,2862,498,8.56
6204,6284,498,3.69
5736,5657,498,3.39
2449,2530,498,0.85
1263,1264,499,11.16
1745,1746,499,11.17
1504,1505,499,11.16
2782,2783,499,11.16
1986,1987,499,11.17
586,506,499,9.48
586,587,499,9.48
1288,1208,499,9.49
1102,1023,499,12.78
1343,1264,499,12.75
1584,1505,499,12.76
2307,2228,499,12.77
4059,3979,499,8.3
4059,4060,499,8.3
585,506,499,10.84
4139,4060,499,9.48
6261,6341,499,6.96
2702,2783,499,8.57
6260,6341,499,8.58
823,742,499,7.28
1825,1746,499,12.78
4297,4298,499,2.96
2764,2765,499,1.11
827,748,499,3.38
2227,2228,499,11.18
828,748,499,2.96
4616,4617,499,2.96
2066,1987,499,12.77
2703,2704,500,11.16
5899,5820,500,12.75
6343,6342,500,6.96
2623,2704,500,8.57
1134,1054,500,6.52
1133,1054,500,7.45
6287,6366,500,6.45
6263,6342,500,6.45
1604,1523,500,7.28
830,750,500,2.96
1603,1523,500,9.49
515,436,501,10.85
4059,3980,501,9.48
6095,6094,501,6.97
2854,2934,501,6.95
2854,2853,501,6.95
5683,5763,501,6.96
5683,5682,501,6.96
1132,1052,501,6.52
2855,2934,501,6.45
6177,6256,501,6.46
5603,5682,501,6.46
5684,5763,501,6.45
6015,6094,501,6.46
6176,6256,501,6.97
6120,6200,501,3.69
902,821,501,5.01
5014,5015,501,2.96
5333,5334,501,2.97
4536,4537,501,2.96
901,821,501,6.52
2544,2625,501,8.57
2624,2625,501,11.17
840,760,501,2.97
4886,4966,501,0.69
4805,4804,501,0.69
1665,1666,502,11.17
2545,2546,502,11.16
1183,1184,502,11.17
1906,1907,502,11.17
1681,1601,502,9.49
1209,1129,502,9.48
1263,1184,502,12.76
1745,1666,502,12.77
1504,1425,502,12.76
1986,1907,502,12.77
586,507,502,10.84
5765,5845,502,6.96
2936,3016,502,6.95
6136,6217,502,8.57
593,512,502,7.28
592,512,502,9.49
979,898,502,7.28
1424,1425,502,11.17
5766,5845,502,6.46
6259,6338,502,6.46
2465,2546,502,8.56
2147,2148,502,11.18
6258,6338,502,6.97
3928,3848,502,1.11
3927,3848,502,1.26
2227,2148,502,12.78
4644,4643,502,0.69
1525,1444,502,7.28
3929,3848,502,0.85
1524,1444,502,9.49
6137,6138,503,11.17
663,583,503,9.48
5847,5927,503,6.96
2854,2773,503,8.57
2386,2467,503,8.57
6057,6138,503,8.58
664,583,503,7.27
6195,6275,503,5.17
5848,5927,503,6.45
6194,6275,503,6.37
1210,1130,503,6.52
2466,2467,503,11.16
3408,3328,503,1.11
2387,2388,504,11.17
6058,6059,504,11.18
513,433,504,9.49
899,819,504,9.49
1445,1365,504,9.49
2936,3017,504,8.56
2307,2388,504,8.57
514,433,504,7.28
1446,1365,504,7.28
841,761,504,2.96
5978,6059,504,8.58
831,751,504,2.96
1344,1345,505,11.16
1585,1586,505,11.16
1103,1104,505,11.17
5522,5442,505,11.17
584,504,505,9.48
1665,1586,505,12.77
1183,1104,505,12.77
1906,1827,505,12.77
5899,5980,505,8.56
672,671,505,5.91
2308,2309,505,11.17
585,504,505,7.28
1424,1345,505,12.77
1826,1827,505,11.16
2147,2068,505,12.78
5979,5980,505,11.16
2067,2068,505,11.18
2608,2689,505,0.85
5900,5901,506,11.16
434,354,506,9.49
1366,1286,506,9.49
2861,2942,506,8.57
6195,6276,506,6.37
6197,6277,506,5.18
843,763,506,2.97
2941,2942,506,11.16
2862,2863,507,11.16
505,425,507,9.48
4219,4220,507,8.3
899,820,507,10.84
2782,2863,507,8.57
1056,976,507,9.49
515,596,507,7.29
4139,4220,507,6.37
4696,4697,507,2.96
842,762,507,2.97
844,764,507,2.97
675,596,507,3.39
1602,1522,507,9.49
2783,2784,508,11.16
1264,1265,508,11.17
1505,1506,508,11.16
1344,1265,508,12.76
1585,1506,508,12.76
1103,1024,508,12.77
6175,6255,508,6.96
6175,6174,508,6.96
2703,2784,508,8.57
672,591,508,7.29
586,667,508,7.28
1288,1207,508,7.28
2308,2229,508,12.77
6095,6174,508,6.46
2854,2933,508,6.45
5683,5762,508,6.46
4218,4299,508,6.38
1987,1988,508,11.17
1746,1747,508,11.15
592,591,508,5.91
2228,2229,508,11.19
6176,6255,508,6.46
4456,4457,508,2.96
3978,3899,508,3.39
1826,1747,508,12.76
4376,4457,508,2.28
3814,3734,508,1.11
3813,3734,508,1.26
4885,4965,508,0.69
4885,4884,508,0.69
2067,1988,508,12.78
746,667,508,3.39
5820,5740,509,11.16
5820,5821,509,11.16
5900,5821,509,12.76
434,355,509,10.85
2935,3015,509,6.95
5764,5844,509,6.96
5602,5601,509,6.96
663,662,509,5.9
5765,5844,509,6.46
2936,3015,509,6.44
1055,975,509,6.52
5094,5095,509,2.96
743,662,509,7.27
6197,6278,509,6.38
6258,6337,509,6.46
6257,6337,509,6.96
3651,3652,509,1.11
2624,2705,509,8.57
6014,6013,509,6.97
2704,2705,509,11.17
2625,2626,510,11.17
506,426,510,9.48
4140,4141,510,8.29
505,426,510,10.84
5846,5926,510,6.96
2545,2626,510,8.56
6354,6355,510,5.93
5847,5926,510,6.45
1056,977,510,10.85
1131,1051,510,6.52
4855,4856,510,2.96
839,759,510,2.97
2940,3020,510,6.95
1184,1185,511,11.17
2546,2547,511,11.15
2148,2149,511,11.17
6217,6218,511,11.17
1523,1443,511,9.49
1264,1185,511,12.77
1505,1426,511,12.76
5522,5521,511,6.96
1666,1667,511,11.16
5602,5521,511,8.58
6137,6218,511,8.58
1907,1908,511,11.16
1209,1128,511,7.28
1987,1908,511,12.77
1425,1426,511,11.16
1746,1667,511,12.75
592,511,511,7.28
2228,2149,511,12.79
2466,2547,511,8.57
5934,5933,511,6.97
6014,5933,511,8.59
1524,1443,511,7.28
6138,6139,512,11.18
5820,5741,512,12.76
4140,4061,512,9.48
2387,2468,512,8.57
6058,6139,512,8.58
663,582,512,7.28
4060,4061,512,8.29
6203,6283,512,3.69
2467,2468,512,11.16
6204,6283,512,3.42
1171,1091,512,1.11
3571,3572,512,1.11
3409,3329,512,1.11
2941,3021,512,6.95
2940,3021,512,8.57
6059,6060,513,11.17
507,427,513,9.48
507,508,513,9.48
898,818,513,9.49
506,427,513,10.84
1601,1521,513,9.49
512,432,513,9.49
1053,973,513,6.52
5522,5441,513,8.58
513,432,513,7.28
2388,2389,513,11.16
899,818,513,7.28
1445,1364,513,7.29
2308,2389,513,8.58
4377,4378,513,2.96
5934,5853,513,8.59
5979,6060,513,8.57
1104,1105,514,11.17
1586,1587,514,11.15
1184,1105,514,12.77
2148,2069,514,12.77
5900,5981,514,8.57
1666,1587,514,12.76
584,503,514,7.28
3979,3900,514,9.48
583,503,514,9.48
1907,1828,514,12.76
4060,3981,514,9.48
5980,5981,514,11.16
1425,1346,514,12.76
3980,3900,514,8.29
3980,3981,514,8.29
1345,1346,514,11.15
2309,2310,514,11.17
5575,5496,514,3.39
1827,1828,514,11.16
2068,2069,514,11.16
2941,3022,514,8.57
5901,5902,515,11.16
2942,2943,515,11.16
433,353,515,9.49
2862,2943,515,8.57
434,353,515,7.28
6175,6254,515,6.46
1365,1285,515,9.49
1366,1285,515,7.29
978,897,515,7.28
6285,6365,515,3.69
5656,5577,515,3.39
5817,5738,515,3.39
5576,5577,515,2.96
1172,1092,515,1.11
3165,3166,515,1.1
2863,2864,516,11.16
504,424,516,9.48
507,428,516,10.84
2934,3014,516,6.95
2783,2864,516,8.57
5763,5843,516,6.96
1053,974,516,7.46
505,424,516,7.28
2935,3014,516,6.45
5764,5843,516,6.46
5602,5681,516,6.46
1054,974,516,6.52
6094,6093,516,6.97
5682,5681,516,6.96
3980,3901,516,9.48
6257,6336,516,6.46
6256,6336,516,6.97
6014,6093,516,6.47
2229,2230,517,11.19
1747,1748,517,11.17
1506,1507,517,11.16
1265,1266,517,11.16
1104,1025,517,12.77
1586,1507,517,12.75
6217,6297,517,6.96
5820,5739,517,8.57
1052,972,517,6.52
5845,5925,517,6.96
5846,5925,517,6.46
4219,4300,517,6.38
354,274,517,9.49
822,741,517,5.01
4776,4777,517,2.96
757,677,517,2.96
1345,1266,517,12.75
2309,2230,517,12.77
821,741,517,6.52
5174,5175,517,2.96
2784,2785,517,11.18
1827,1748,517,12.76
1988,1989,517,11.16
2068,1989,517,12.76
2704,2785,517,8.57
2940,3019,517,6.45
5821,5822,518,11.17
5740,5660,518,11.17
2705,2706,518,11.17
425,345,518,9.48
5901,5822,518,12.76
1129,1049,518,6.52
2625,2706,518,8.57
976,896,518,9.48
5927,6007,518,6.96
1173,1093,518,1.11
3085,3086,518,1.11
2626,2627,519,11.15
2546,2627,519,8.56
6217,6298,519,8.57
1130,1050,519,6.52
3896,3817,519,1.27
1185,1186,520,11.16
6218,6219,520,11.17
2149,2150,520,11.17
1426,1427,520,11.15
1667,1668,520,11.17
2547,2548,520,11.16
2229,2150,520,12.79
1747,1668,520,12.77
1506,1427,520,12.76
1265,1186,520,12.76
4220,4221,520,8.3
819,739,520,6.52
6138,6219,520,8.58
1523,1442,520,7.29
4140,4221,520,6.37
354,275,520,10.85
6202,6282,520,3.69
766,686,520,2.96
5927,6008,520,8.57
2467,2548,520,8.57
5613,5693,520,1.85
5614,5693,520,1.71
1988,1909,520,12.76
1908,1909,520,11.15
5741,5661,521,11.17
5741,5742,521,11.17
6139,6140,521,11.18
426,346,521,9.48
5821,5742,521,12.77
5740,5661,521,12.77
2468,2469,521,11.16
425,346,521,10.84
6059,6140,521,8.58
6199,6279,521,3.69
2388,2469,521,8.57
6198,6279,521,4.55
1051,971,521,9.48
1174,1094,521,1.11
2609,2610,521,1.1
5441,5361,522,11.17
507,588,522,7.28
898,817,522,7.28
511,431,522,9.48
4298,4379,522,6.37
512,431,522,7.28
6201,6281,522,3.69
5980,6061,522,8.57
2389,2390,522,11.16
2309,2390,522,8.58
1286,1206,522,6.52
6060,6061,522,11.17
2452,2532,522,0.69
5981,5982,523,11.16
1105,1106,523,11.17
2069,2070,523,11.16
3022,3023,523,11.15
582,502,523,9.48
1185,1106,523,12.76
2149,2070,523,12.77
1426,1347,523,12.75
1667,1588,523,12.77
5762,5842,523,6.96
5762,5761,523,6.96
6255,6335,523,6.96
820,740,523,6.52
5901,5982,523,8.57
2942,3023,523,8.57
819,740,523,7.45
2310,2311,523,11.17
2934,3013,523,6.45
5763,5842,523,6.46
1587,1588,523,11.15
6174,6173,523,6.97
583,502,523,7.28
1346,1347,523,11.14
6094,6173,523,6.46
5682,5761,523,6.46
5576,5497,523,3.39
6256,6335,523,6.46
3245,3246,523,1.11
1908,1829,523,12.75
1828,1829,523,11.16
2943,2944,524,11.16
5902,5903,524,11.17
508,509,524,9.48
427,347,524,9.48
818,738,524,9.48
5741,5662,524,12.78
426,347,524,10.84
3015,3095,524,6.95
2863,2944,524,8.56
433,352,524,7.28
6217,6296,524,6.45
5845,5924,524,6.46
5844,5924,524,6.96
432,352,524,9.49
1365,1284,524,7.29
1022,942,524,2.97
1207,1127,524,6.52
2453,2533,524,0.69
2864,2865,525,11.17
503,423,525,9.48
5441,5362,525,12.77
4061,4062,525,8.29
504,423,525,7.28
3020,3100,525,6.95
975,895,525,6.52
5926,6006,525,6.96
6199,6280,525,4.54
5254,5255,525,2.96
758,678,525,2.96
757,678,525,3.39
5927,6006,525,6.45
2784,2865,525,8.58
1266,1267,526,11.15
1025,945,526,11.17
1025,1026,526,11.17
1105,1026,526,12.77
2069,1990,526,12.76
5740,5659,526,8.58
662,661,526,5.91
3015,3096,526,8.57
2705,2786,526,8.57
1507,1508,526,11.16
6277,6357,526,5.18
6275,6356,526,6.37
2310,2231,526,12.77
6284,6364,526,3.69
1989,1990,526,11.16
353,273,526,9.49
1587,1508,526,12.75
354,273,526,7.29
2230,2231,526,11.18
1346,1267,526,12.74
2785,2786,526,11.17
1748,1749,526,11.17
1285,1205,526,9.49
6276,6356,526,5.17
1828,1749,526,12.76
5822,5823,527,11.17
2706,2707,527,11.16
428,348,527,9.48
428,429,527,9.48
5902,5823,527,12.77
3981,3982,527,8.3
508,429,527,10.83
427,348,527,10.84
4061,3982,527,9.48
1443,1363,527,6.52
2626,2707,527,8.56
424,344,527,9.48
425,344,527,7.28
974,894,527,9.48
3020,3101,527,8.56
1128,1048,527,6.52
5660,5580,527,11.18
4935,4936,527,2.96
1010,930,527,1.11
1010,1011,527,1.11
3021,3101,527,6.95
2627,2628,528,11.16
274,194,528,9.5
6218,6299,528,8.58
2547,2628,528,8.57
511,510,528,5.91
767,687,528,2.96
767,768,528,2.96
766,687,528,3.39
5365,5285,528,1.11
1186,1187,529,11.16
6219,6220,529,11.17
2548,2549,529,11.16
1668,1669,529,11.16
1427,1428,529,11.16
345,265,529,9.48
1266,1187,529,12.75
1025,946,529,12.77
3981,3902,529,9.48
3022,3102,529,6.95
582,581,529,5.91
6139,6220,529,8.58
662,581,529,7.28
2468,2549,529,8.57
1507,1428,529,12.76
6277,6358,529,6.38
1989,1910,529,12.76
973,893,529,6.52
765,685,529,2.97
2230,2151,529,12.78
896,816,529,9.48
1521,1441,529,6.52
1748,1669,529,12.77
2150,2151,529,11.16
1909,1910,529,11.16
2451,2531,529,0.69
3021,3102,529,8.56
6140,6141,530,11.17
5822,5743,530,12.77
4300,4301,530,8.3
428,349,530,10.83
5742,5743,530,11.17
5762,5841,530,6.45
6255,6334,530,6.46
4220,4301,530,6.37
6174,6253,530,6.46
5660,5581,530,12.78
5661,5581,530,11.18
5414,5335,530,3.39
2389,2470,530,8.57
5612,5692,530,1.85
6254,6334,530,6.96
6254,6253,530,6.96
1051,970,530,7.28
2469,2470,530,11.16
3814,3735,530,1.27
6060,6141,530,8.57
3014,3094,531,6.95
6093,6092,531,6.97
5981,6062,531,8.57
3022,3103,531,8.56
274,195,531,10.86
3015,3094,531,6.45
5843,5923,531,6.96
2310,2391,531,8.58
511,430,531,7.28
5415,5416,531,2.96
4299,4380,531,6.38
5844,5923,531,6.46
5495,5416,531,3.39
2390,2391,531,11.16
749,669,531,2.96
6061,6062,531,11.16
1588,1589,532,11.16
2070,2071,532,11.16
1106,1107,532,11.17
2311,2312,532,11.17
3023,3024,532,11.16
1186,1107,532,12.76
1668,1589,532,12.76
1427,1348,532,12.76
345,266,532,10.84
5925,6005,532,6.96
346,266,532,9.48
2943,3024,532,8.57
5902,5983,532,8.57
5982,5983,532,11.17
582,501,532,7.28
3020,3099,532,6.45
5926,6005,532,6.46
516,517,532,2.97
1347,1348,532,11.16
1022,943,532,3.39
5737,5658,532,3.39
5657,5658,532,2.96
1829,1830,532,11.17
2150,2071,532,12.76
1909,1830,532,12.76
5854,5774,532,2.97
5662,5582,533,11.17
5662,5663,533,11.17
5903,5904,533,11.17
2944,2945,533,11.16
817,737,533,9.49
6007,6087,533,6.96
431,351,533,9.48
972,892,533,6.52
2864,2945,533,8.57
6093,6012,533,8.59
508,589,533,7.28
818,737,533,7.28
5742,5663,533,12.78
588,589,533,9.47
4221,4222,533,8.29
432,351,533,7.28
5661,5582,533,12.78
758,679,533,3.39
747,668,533,3.39
4378,4458,533,5.17
748,668,533,2.96
3491,3492,533,1.11
4617,4618,533,2.96
2865,2866,534,11.16
502,422,534,9.48
1025,944,534,8.57
503,422,534,7.28
1049,969,534,6.52
750,670,534,2.96
2785,2866,534,8.57
3410,3330,534,1.11
3409,3330,534,1.27
2231,2232,535,11.17
1267,1268,535,11.16
1026,1027,535,11.17
1508,1509,535,11.16
1990,1991,535,11.15
738,658,535,9.48
1588,1509,535,12.76
2070,1991,535,12.76
1106,1027,535,12.77
2311,2232,535,12.77
347,267,535,9.48
2706,2787,535,8.57
6007,6088,535,8.57
346,267,535,10.84
4061,4142,535,6.36
945,865,535,11.16
352,272,535,9.49
5015,5016,535,2.96
760,680,535,2.96
4537,4538,535,2.96
1749,1750,535,11.17
353,272,535,7.29
436,356,535,2.97
436,437,535,2.97
4221,4142,535,9.48
5660,5579,535,8.58
2786,2787,535,11.17
1347,1268,535,12.76
1829,1750,535,12.77
1285,1204,535,7.28
2707,2708,536,11.16
5580,5500,536,11.17
5823,5824,536,11.17
5662,5583,536,12.77
5903,5824,536,12.77
739,659,536,6.52
2627,2708,536,8.57
424,343,536,7.28
423,343,536,9.47
4378,4459,536,6.37
767,688,536,3.39
1442,1362,536,6.53
2628,2629,537,11.16
273,193,537,9.49
971,891,537,6.52
6219,6300,537,8.58
2548,2629,537,8.57
274,193,537,7.29
511,590,537,5.48
1207,1126,537,5.01
6254,6333,537,6.46
6220,6221,538,11.17
946,866,538,11.17
946,947,538,11.17
1187,1188,538,11.16
348,268,538,9.48
344,264,538,9.48
2231,2152,538,12.78
1267,1188,538,12.76
1026,947,538,12.77
1508,1429,538,12.76
1990,1911,538,12.75
6140,6221,538,8.58
347,268,538,10.84
345,264,538,7.28
1428,1429,538,11.16
3014,3093,538,6.45
6093,6172,538,6.46
2151,2152,538,11.16
945,866,538,12.76
6173,6172,538,6.97
5843,5922,538,6.46
1749,1670,538,12.77
1669,1670,538,11.16
894,814,538,9.48
676,597,538,3.39
5842,5922,538,6.96
2549,2550,538,11.16
896,815,538,7.28
761,681,538,2.96
2469,2550,538,8.57
1910,1911,538,11.16
5581,5501,539,11.16
6141,6142,539,11.17
5580,5501,539,12.77
5823,5744,539,12.77
3095,3175,539,6.95
5924,6004,539,6.96
740,660,539,6.52
739,660,539,7.45
5925,6004,539,6.46
194,114,539,9.49
5743,5744,539,11.17
5415,5336,539,3.39
2390,2471,539,8.57
2470,2471,539,11.17
1176,1096,539,1.11
6061,6142,539,8.57
3103,3104,540,11.15
2391,2392,540,11.16
3100,3180,540,6.95
2311,2392,540,8.57
3023,3104,540,8.57
816,736,540,9.48
1127,1047,540,6.52
6007,6086,540,6.45
4300,4381,540,6.38
5982,6063,540,8.57
6283,6363,540,3.69
893,813,540,9.48
6006,6086,540,6.96
763,683,540,2.96
1128,1047,540,5.01
6284,6363,540,3.42
265,185,540,9.48
5657,5578,540,3.39
6062,6063,540,11.17
3005,3006,540,1.11
3085,3006,540,1.26
3024,3025,541,11.16
1107,1108,541,11.16
1348,1349,541,11.16
349,269,541,9.48
349,350,541,9.48
946,867,541,12.77
1187,1108,541,12.76
348,269,541,10.84
429,350,541,10.83
1589,1590,541,11.16
5903,5984,541,8.57
3095,3176,541,8.57
2944,3025,541,8.57
1428,1349,541,12.76
2151,2072,541,12.76
4697,4698,541,2.96
762,682,541,2.97
5983,5984,541,11.17
687,607,541,8.29
2312,2313,541,11.17
1669,1590,541,12.76
764,684,541,2.96
6278,6359,541,4.56
2071,2072,541,11.16
1830,1831,541,11.17
929,849,541,1.11
1910,1831,541,12.76
5904,5905,542,11.17
5582,5502,542,11.16
5663,5664,542,11.17
4618,4619,542,11.17
2945,2946,542,11.16
5581,5502,542,12.76
195,115,542,9.49
195,196,542,9.49
1205,1125,542,6.52
3100,3181,542,8.56
2865,2946,542,8.57
194,115,542,10.85
1364,1283,542,5.01
5743,5664,542,12.78
3101,3181,542,6.95
1177,1097,542,1.11
2866,2867,543,11.17
501,421,543,9.48
266,186,543,9.49
1048,968,543,6.52
4301,4302,543,8.29
502,421,543,7.28
945,864,543,8.57
687,608,543,9.48
436,357,543,3.39
4221,4302,543,6.37
2786,2867,543,8.57
265,186,543,10.84
5095,5096,543,2.96
5364,5284,543,1.11
1174,1095,543,1.27
5579,5499,544,11.17
1268,1269,544,11.16
1750,1751,544,11.16
865,785,544,11.15
1509,1510,544,11.16
737,657,544,9.48
351,271,544,9.49
1107,1028,544,12.76
1348,1269,544,12.76
349,270,544,10.84
3102,3182,544,6.95
1589,1510,544,12.76
2707,2788,544,8.57
5580,5499,544,8.58
6088,6089,544,11.17
738,657,544,7.28
1991,1992,544,11.16
4856,4857,544,2.96
352,271,544,7.28
2232,2233,544,11.18
2787,2788,544,11.16
2312,2233,544,12.77
3101,3182,544,8.56
2071,1992,544,12.76
1830,1751,544,12.77
1027,1028,544,11.16
5500,5420,545,11.16
2708,2709,545,11.17
5824,5825,545,11.17
422,342,545,9.48
5904,5825,545,12.77
5582,5503,545,12.76
5663,5584,545,12.77
4618,4539,545,12.77
6253,6252,545,6.96
1441,1361,545,6.53
2628,2709,545,8.56
195,116,545,10.85
4379,4460,545,6.37
5841,5921,545,6.96
6173,6252,545,6.46
423,342,545,7.27
5842,5921,545,6.45
2629,2630,546,11.16
272,192,546,9.49
658,578,546,9.48
267,187,546,9.48
266,187,546,10.84
3103,3183,546,6.95
6300,6301,546,11.17
6220,6301,546,8.58
3102,3183,546,8.57
581,580,546,5.91
970,890,546,6.52
3094,3174,546,6.95
273,192,546,7.29
661,580,546,7.28
3095,3174,546,6.45
5924,6003,546,6.46
5923,6003,546,6.96
2549,2630,546,8.57
5690,5691,546,1.11
5206,5205,546,0.69
5127,5046,546,0.85
2152,2153,547,11.16
6221,6222,547,11.17
1911,1912,547,11.17
1670,1671,547,11.16
866,786,547,11.17
1188,1189,547,11.16
659,579,547,9.48
1268,1189,547,12.76
1750,1671,547,12.76
865,786,547,12.75
1509,1430,547,12.76
6005,6085,547,6.97
6141,6222,547,8.57
344,263,547,7.28
2550,2551,547,11.17
6088,6009,547,12.77
3100,3179,547,6.45
1991,1912,547,12.76
1429,1430,547,11.17
947,948,547,11.17
6006,6085,547,6.46
2232,2153,547,12.78
343,263,547,9.47
1027,948,547,12.76
2470,2551,547,8.57
5744,5745,548,11.17
6142,6143,548,11.17
193,113,548,9.49
5500,5421,548,12.76
5824,5745,548,12.77
3103,3184,548,8.56
2391,2472,548,8.57
6087,6167,548,6.96
194,113,548,7.29
6282,6362,548,3.69
6062,6143,548,8.57
2471,2472,548,11.16
3104,3105,549,11.17
5578,5498,549,11.17
268,188,549,9.48
267,188,549,10.84
892,812,549,6.52
3024,3105,549,8.57
501,500,549,5.91
581,500,549,7.28
688,689,549,8.29
816,735,549,7.28
2392,2393,549,11.17
893,812,549,7.28
5983,6064,549,8.57
2312,2393,549,8.58
6063,6064,549,11.17
265,184,549,7.28
264,184,549,9.48
1010,931,549,1.26
1108,1109,550,11.16
1831,1832,550,11.17
3025,3026,550,11.16
2313,2314,550,11.17
2152,2073,550,12.76
1911,1832,550,12.77
1670,1591,550,12.76
866,787,550,12.77
1188,1109,550,12.76
1349,1350,550,11.16
969,889,550,6.52
5904,5985,550,8.57
4618,4699,550,8.57
2945,3026,550,8.57
6088,6168,550,6.96
1429,1350,550,12.77
2072,2073,550,11.16
6087,6168,550,8.58
114,34,550,9.49
1590,1591,550,11.16
6281,6361,550,3.69
947,868,550,12.77
867,787,550,11.17
867,868,550,11.17
5984,5985,550,11.17
4698,4699,550,11.16
4619,4620,551,11.17
2946,2947,551,11.16
5664,5665,551,11.17
185,105,551,9.48
5744,5665,551,12.77
1204,1124,551,6.51
2866,2947,551,8.57
195,276,551,7.29
688,609,551,9.48
4777,4778,551,2.96
687,606,551,6.37
355,276,551,3.39
5175,5176,551,2.96
5905,5906,551,11.17
2867,2868,552,11.16
864,784,552,11.16
268,189,552,10.84
6333,6332,552,6.96
865,784,552,8.56
501,420,552,7.28
6300,6380,552,6.96
6253,6332,552,6.46
269,189,552,9.48
6088,6169,552,8.57
2787,2868,552,8.57
1362,1282,552,6.53
5499,5419,553,11.17
785,705,553,11.17
1269,1270,553,11.15
1751,1752,553,11.16
1108,1029,553,12.76
1831,1752,553,12.77
2313,2234,553,12.77
1047,967,553,8.3
4381,4382,553,8.29
5922,6002,553,6.96
891,811,553,6.52
1126,1046,553,6.52
5500,5419,553,8.57
2708,2789,553,8.57
1349,1270,553,12.76
1510,1511,553,11.15
737,656,553,7.28
115,35,553,9.49
3094,3173,553,6.45
4301,4382,553,6.37
1127,1046,553,5.01
6280,6360,553,3.69
5923,6002,553,6.46
2072,1993,553,12.76
114,35,553,10.85
6279,6360,553,4.55
1590,1511,553,12.76
2788,2789,553,11.18
1992,1993,553,11.16
6172,6171,553,6.97
867,788,553,12.77
1022,941,553,2.28
1284,1203,553,5.01
2233,2234,553,11.17
1028,1029,553,11.16
3897,3818,553,1.26
4539,4540,554,11.17
2709,2710,554,11.16
421,341,554,9.48
5825,5826,554,11.17
4619,4540,554,12.77
5664,5585,554,12.77
607,527,554,8.29
185,106,554,10.84
6004,6084,554,6.97
2629,2710,554,8.57
186,106,554,9.49
422,341,554,7.28
6005,6084,554,6.46
4380,4461,554,6.37
6300,6381,554,8.57
814,734,554,6.52
5420,5340,554,11.16
5905,5826,554,12.77
657,577,555,9.48
271,191,555,9.49
3180,3260,555,6.95
6086,6166,555,6.97
270,190,555,9.48
6221,6302,555,8.57
272,191,555,7.28
658,577,555,7.27
2630,2631,555,11.17
269,190,555,10.84
2550,2631,555,8.57
6087,6166,555,6.46
6172,6091,555,8.58
3491,3412,555,1.27
1189,1190,556,11.16
1912,1913,556,11.17
948,949,556,11.17
2551,2552,556,11.16
1671,1672,556,11.16
1361,1281,556,9.49
342,262,556,9.48
785,706,556,12.77
1269,1190,556,12.75
1751,1672,556,12.76
4302,4303,556,8.3
607,528,556,9.48
6142,6223,556,8.57
813,733,556,6.52
1510,1431,556,12.75
115,36,556,10.85
1430,1431,556,11.16
608,528,556,8.29
5496,5417,556,3.39
1992,1913,556,12.76
343,262,556,7.27
2233,2154,556,12.77
1028,949,556,12.76
3411,3331,556,1.11
2153,2154,556,11.16
2471,2552,556,8.57
3410,3331,556,1.27
786,706,556,11.17
5745,5746,557,11.17
578,498,557,9.47
192,112,557,9.49
187,107,557,9.48
5825,5746,557,12.77
3180,3261,557,8.56
3104,3185,557,8.57
193,112,557,7.29
186,107,557,10.84
2472,2473,557,11.16
5420,5341,557,12.75
2392,2473,557,8.57
3181,3261,557,6.96
6063,6144,557,8.57
3184,3185,557,11.17
1099,1019,557,1.11
2393,2394,558,11.16
3105,3106,558,11.16
5498,5418,558,11.17
579,499,558,9.47
4302,4223,558,9.48
864,863,558,6.95
1125,1045,558,6.52
3025,3106,558,8.57
2313,2394,558,8.58
608,529,558,9.48
942,862,558,2.97
6064,6065,558,11.17
264,183,558,7.28
263,183,558,9.48
5984,6065,558,8.57
4698,4779,558,8.57
1832,1833,559,11.17
3026,3027,559,11.16
868,869,559,11.17
1591,1592,559,11.16
4699,4700,559,11.16
2314,2315,559,11.16
1109,1110,559,11.17
1189,1110,559,12.75
1912,1833,559,12.77
948,869,559,12.77
1671,1592,559,12.76
3182,3262,559,6.96
4619,4700,559,8.57
2946,3027,559,8.57
1350,1351,559,11.16
968,888,559,6.52
787,707,559,11.16
6300,6379,559,6.45
1430,1351,559,12.76
5255,5256,559,2.96
678,598,559,2.97
688,769,559,6.37
677,598,559,3.39
114,33,559,7.28
113,33,559,9.49
3181,3262,559,8.57
2073,2074,559,11.16
2153,2074,559,12.76
5905,5986,559,8.57
786,707,559,12.77
5665,5666,560,11.17
2947,2948,560,11.16
4620,4621,560,11.17
188,108,560,9.48
184,104,560,9.48
5745,5666,560,12.77
5921,6001,560,6.96
187,108,560,10.84
2867,2948,560,8.57
864,783,560,8.57
185,104,560,7.28
6252,6251,560,6.96
5922,6001,560,6.46
6172,6251,560,6.46
784,704,561,11.17
6169,6170,561,11.17
2868,2869,561,11.17
3183,3263,561,6.95
785,704,561,8.57
3182,3263,561,8.58
6004,6083,561,6.46
6003,6083,561,6.97
4936,4937,561,2.96
2788,2869,561,8.58
5770,5771,561,1.11
5854,5773,561,2.28
2234,2235,562,11.16
788,708,562,11.17
788,789,562,11.17
1752,1753,562,11.16
1511,1512,562,11.15
105,25,562,9.48
1832,1753,562,12.77
868,789,562,12.77
1591,1512,562,12.76
2314,2235,562,12.76
1109,1030,562,12.77
1270,1271,562,11.17
6085,6165,562,6.97
2709,2790,562,8.57
3180,3259,562,6.45
6086,6165,562,6.47
1350,1271,562,12.76
2789,2790,562,11.17
787,708,562,12.76
890,810,562,6.52
5420,5339,562,8.56
5419,5339,562,11.16
1029,1030,562,11.17
2073,1994,562,12.76
2925,2926,562,1.11
3005,2926,562,1.26
705,625,562,11.16
1993,1994,562,11.17
5585,5505,563,11.17
5585,5586,563,11.17
2710,2711,563,11.16
4540,4541,563,11.17
4461,4462,563,11.17
420,340,563,9.48
189,109,563,9.48
5665,5586,563,12.77
4620,4541,563,12.77
188,109,563,10.84
6167,6247,563,6.97
3183,3264,563,8.57
421,340,563,7.28
1047,966,563,6.38
4381,4462,563,6.37
2630,2711,563,8.57
685,605,563,2.96
5826,5827,563,11.17
3184,3264,563,6.96
929,850,563,1.26
6169,6090,564,12.77
2551,2632,564,8.57
657,576,564,7.28
607,526,564,6.37
2631,2632,564,11.17
1204,1123,564,5
609,610,564,8.29
3815,3736,564,1.27
6091,6011,564,11.19
1913,1914,565,11.17
949,950,565,11.17
1672,1673,565,11.16
2154,2155,565,11.16
5417,5337,565,11.17
1190,1191,565,11.18
341,261,565,9.48
106,26,565,9.48
2234,2155,565,12.76
788,709,565,12.77
1752,1673,565,12.76
1511,1432,565,12.75
105,26,565,10.84
6168,6248,565,6.96
735,655,565,6.52
1270,1191,565,12.77
6167,6248,565,8.58
342,261,565,7.27
812,732,565,6.52
1431,1432,565,11.17
2472,2553,565,8.57
1029,950,565,12.77
3184,3265,565,8.57
5443,5363,565,1.11
706,626,565,11.16
2552,2553,565,11.16
705,626,565,12.76
1993,1914,565,12.77
1098,1018,565,1.11
2473,2474,566,11.17
190,110,566,9.48
577,497,566,9.48
5585,5506,566,12.77
967,887,566,8.3
189,110,566,10.84
2393,2474,566,8.57
3105,3186,566,8.56
578,497,566,7.27
192,111,566,7.28
5746,5747,566,11.17
4302,4383,566,6.37
191,111,566,9.49
4382,4383,566,8.29
517,518,566,2.97
5826,5747,566,12.77
889,809,566,6.52
6064,6145,566,8.57
609,530,566,9.48
3185,3186,566,11.16
2394,2395,567,11.16
4779,4780,567,11.16
262,182,567,9.48
36,37,567,9.48
527,447,567,8.29
6169,6249,567,6.96
1124,1044,567,6.52
3026,3107,567,8.57
6168,6249,567,8.57
4699,4780,567,8.57
2314,2395,567,8.57
6252,6331,567,6.46
679,599,567,2.97
678,599,567,3.39
3106,3107,567,11.16
6332,6331,567,6.96
263,182,567,7.28
4700,4701,568,11.17
2315,2316,568,11.16
869,870,568,11.18
1592,1593,568,11.16
1351,1352,568,11.17
1833,1834,568,11.17
3027,3028,568,11.16
2074,2075,568,11.17
498,418,568,9.47
1913,1834,568,12.77
949,870,568,12.78
1672,1593,568,12.76
2154,2075,568,12.76
5417,5338,568,12.77
1190,1111,568,12.78
707,627,568,11.17
106,27,568,10.84
6002,6082,568,6.96
1282,1202,568,6.52
2947,3028,568,8.57
4620,4701,568,8.57
107,27,568,9.48
6003,6082,568,6.46
1431,1352,568,12.77
113,32,568,7.28
112,32,568,9.48
706,627,568,12.76
1110,1111,568,11.18
5206,5125,568,0.85
4621,4622,569,11.17
5666,5667,569,11.17
499,419,569,9.48
183,103,569,9.48
527,448,569,9.48
6084,6164,569,6.97
420,419,569,5.91
2948,2949,569,11.16
784,703,569,8.58
6169,6250,569,8.57
2868,2949,569,8.57
500,419,569,7.28
184,103,569,7.28
6085,6164,569,6.47
5746,5667,569,12.77
811,731,569,6.52
437,438,569,2.97
680,600,569,2.96
5016,5017,569,2.96
528,448,569,8.3
6166,6246,570,6.97
704,624,570,11.17
6167,6246,570,6.46
3260,3340,570,6.94
734,654,570,6.52
2789,2870,570,8.57
2869,2870,570,11.17
705,624,570,8.57
708,628,571,11.18
789,790,571,11.17
1753,1754,571,11.17
2235,2236,571,11.17
104,24,571,9.48
2315,2236,571,12.76
869,790,571,12.78
1592,1513,571,12.76
1351,1272,571,12.77
1833,1754,571,12.77
2074,1995,571,12.77
2790,2791,571,11.17
108,28,571,9.48
707,628,571,12.77
5585,5504,571,8.57
2710,2791,571,8.57
1512,1513,571,11.17
4461,4542,571,8.57
1271,1272,571,11.18
105,24,571,7.28
1994,1995,571,11.17
107,28,571,10.84
529,449,571,8.29
625,545,571,11.16
1030,1031,571,11.17
5826,5907,571,8.57
5339,5259,571,11.16
528,449,571,9.48
1110,1031,571,12.78
4641,4721,571,0.69
5666,5587,572,12.77
1281,1201,572,6.52
420,339,572,7.28
4462,4463,572,11.16
733,653,572,6.51
3260,3341,572,8.55
2631,2712,572,8.58
2711,2712,572,11.16
3261,3341,572,6.95
6091,6010,572,8.59
681,601,572,2.97
4779,4859,573,6.95
2632,2633,573,11.17
529,450,573,9.48
2552,2633,573,8.57
6011,5931,573,11.18
4642,4722,573,0.69
3265,3266,574,11.16
950,951,574,11.18
2155,2156,574,11.17
1914,1915,574,11.18
340,260,574,9.48
1191,1192,574,11.19
109,29,574,9.48
708,629,574,12.78
789,710,574,12.77
1753,1674,574,12.77
2235,2156,574,12.77
1673,1674,574,11.17
1045,965,574,6.52
2473,2554,574,8.57
626,546,574,11.17
108,29,574,10.84
341,260,574,7.28
1512,1433,574,12.77
1271,1192,574,12.78
1994,1915,574,12.77
683,603,574,2.97
1432,1433,574,11.18
625,546,574,12.75
1030,951,574,12.77
5339,5260,574,12.76
2553,2554,574,11.17
3261,3342,574,8.56
609,690,574,6.37
3185,3266,574,8.57
6294,6295,574,1.11
3262,3342,574,6.95
2474,2475,575,11.17
4383,4384,575,11.16
3186,3187,575,11.17
6001,6081,575,6.96
2394,2475,575,8.57
4779,4860,575,8.57
577,496,575,7.28
6002,6081,575,6.46
684,604,575,2.97
682,602,575,2.97
3106,3187,575,8.57
888,808,575,6.52
4780,4781,576,11.17
2395,2396,576,11.17
3107,3108,576,11.16
261,181,576,9.48
966,886,576,8.3
4700,4781,576,8.57
2315,2396,576,8.57
3027,3108,576,8.57
262,181,576,7.28
36,117,576,7.28
6084,6163,576,6.46
967,886,576,6.37
6083,6163,576,6.96
196,197,576,2.97
5850,5851,576,1.11
6011,5932,576,12.79
3262,3343,576,8.56
3263,3343,576,6.95
3028,3029,577,11.17
4701,4702,577,11.16
627,547,577,11.18
1834,1835,577,11.18
870,871,577,11.17
2316,2317,577,11.17
1593,1594,577,11.17
2075,2076,577,11.18
110,30,577,9.48
497,417,577,9.48
809,729,577,9.49
950,871,577,12.78
2155,2076,577,12.77
1914,1835,577,12.78
526,446,577,8.29
1191,1112,577,12.79
109,30,577,10.84
6165,6245,577,6.97
1673,1594,577,12.77
4621,4702,577,8.57
498,417,577,7.27
626,547,577,12.77
6166,6245,577,6.46
527,446,577,6.37
2948,3029,577,8.57
357,277,577,2.97
357,358,577,2.97
3260,3339,577,6.44
1352,1353,577,11.18
1432,1353,577,12.78
356,277,577,3.39
437,358,577,3.39
5096,5097,577,2.96
112,31,577,7.28
1111,1112,577,11.18
111,31,577,9.48
610,611,577,8.3
3733,3653,577,1.11
4622,4623,578,11.17
2949,2950,578,11.16
703,623,578,11.17
447,367,578,9.47
37,38,578,9.48
182,102,578,9.48
4383,4304,578,12.76
6247,6327,578,6.96
3264,3344,578,6.95
810,730,578,6.53
183,102,578,7.28
704,623,578,8.58
4857,4858,578,2.96
3411,3332,578,1.27
2869,2950,578,8.57
3263,3344,578,8.56
418,338,579,9.48
2790,2871,579,8.57
625,544,579,8.56
5339,5258,579,8.57
887,807,579,8.29
624,544,579,11.16
610,531,579,9.49
2870,2871,579,11.17
530,531,579,8.3
4644,4723,579,0.64
2236,2237,580,11.18
545,465,580,11.17
790,791,580,11.18
628,548,580,11.19
1513,1514,580,11.18
448,368,580,9.47
1272,1273,580,11.18
103,23,580,9.48
1754,1755,580,11.18
2791,2792,580,11.17
627,548,580,12.78
1834,1755,580,12.78
870,791,580,12.78
2316,2237,580,12.77
1593,1514,580,12.78
1044,964,580,8.29
2075,1996,580,12.78
3265,3345,580,6.95
6248,6328,580,6.96
1123,1043,580,6.52
1031,1032,580,11.18
6247,6328,580,8.58
3264,3345,580,8.56
4542,4543,580,11.17
104,23,580,7.28
1995,1996,580,11.18
1124,1043,580,5
5259,5179,580,11.17
4462,4543,580,8.57
1352,1273,580,12.78
2711,2792,580,8.57
1111,1032,580,12.78
4463,4464,581,11.16
2712,2713,581,11.16
6010,5930,581,11.18
2632,2713,581,8.57
5336,5257,581,3.38
732,652,581,6.51
655,575,581,6.52
530,451,581,9.48
6011,5930,581,8.59
6249,6329,582,6.96
6331,6330,582,6.96
3265,3346,582,8.57
6248,6329,582,8.58
1203,1122,582,5
2553,2634,582,8.57
6251,6330,582,6.46
2633,2634,582,11.17
2156,2157,583,11.18
546,466,583,11.19
3266,3267,583,11.16
951,952,583,11.18
1915,1916,583,11.18
339,259,583,9.47
2236,2157,583,12.78
545,466,583,12.77
790,711,583,12.78
628,549,583,12.79
1513,1434,583,12.79
448,369,583,10.83
1272,1193,583,12.78
1754,1675,583,12.78
6082,6162,583,6.96
1192,1193,583,11.18
2474,2555,583,8.57
3186,3267,583,8.57
1031,952,583,12.78
340,259,583,7.28
1995,1916,583,12.78
1433,1434,583,11.19
1674,1675,583,11.18
2554,2555,583,11.17
5259,5180,583,12.77
6083,6162,583,6.46
5260,5180,583,11.17
5260,5261,583,11.17
4384,4385,584,11.17
3187,3188,584,11.16
703,702,584,6.96
4780,4861,584,8.58
2395,2476,584,8.57
3107,3188,584,8.57
709,630,584,7.47
4860,4861,584,11.16
526,525,584,5.17
6164,6244,584,6.96
6165,6244,584,6.46
2475,2476,584,11.17
2925,2846,584,1.27
4781,4782,585,11.17
3108,3109,585,11.17
260,180,585,9.48
6246,6326,585,6.96
3340,3420,585,6.94
731,651,585,6.52
3028,3109,585,8.57
4701,4782,585,8.57
2316,2397,585,8.57
261,180,585,7.28
6247,6326,585,6.46
357,278,585,3.39
3327,3247,585,1.11
2396,2397,585,11.16
5176,5177,585,2.96
4885,4964,585,0.64
5931,5852,585,12.79
4702,4703,586,11.17
2317,2318,586,11.18
3029,3030,586,11.16
871,872,586,11.17
1594,1595,586,11.18
2076,2077,586,11.19
1835,1836,586,11.17
2156,2077,586,12.78
546,467,586,12.79
951,872,586,12.78
1915,1836,586,12.78
4622,4703,586,8.58
2949,3030,586,8.57
703,622,586,8.58
1192,1113,586,12.78
497,416,586,7.28
809,728,586,7.29
966,885,586,6.37
1433,1354,586,12.79
1674,1595,586,12.78
1353,1354,586,11.18
547,467,586,11.18
5260,5181,586,12.77
449,370,586,9.47
1112,1113,586,11.18
654,574,586,6.52
1020,940,586,1.11
450,370,586,8.29
4304,4224,587,11.16
4304,4305,587,11.16
2950,2951,587,11.16
181,101,587,9.48
4384,4305,587,12.77
4623,4624,587,11.16
3340,3421,587,8.56
447,366,587,7.27
37,118,587,7.28
182,101,587,7.28
526,445,587,6.37
3341,3421,587,6.95
942,861,587,2.28
624,543,587,8.57
623,543,587,11.17
3898,3819,587,1.26
610,691,587,6.37
2870,2951,587,8.57
544,464,588,11.16
729,649,588,9.5
4859,4939,588,6.96
1201,1121,588,6.52
545,464,588,8.58
418,337,588,7.27
2791,2872,588,8.57
417,337,588,9.48
2871,2872,588,11.17
5259,5178,588,8.57
653,573,588,6.51
450,371,588,9.48
2237,2238,589,11.19
1514,1515,589,11.19
4543,4544,589,11.16
791,792,589,11.17
1032,1033,589,11.17
465,385,589,11.18
730,650,589,9.49
102,22,589,9.48
38,39,589,9.48
2317,2238,589,12.78
871,792,589,12.77
1594,1515,589,12.78
2076,1997,589,12.79
1835,1756,589,12.77
4463,4544,589,8.57
2712,2793,589,8.57
2792,2793,589,11.16
103,22,589,7.28
1996,1997,589,11.18
3341,3422,589,8.56
1755,1756,589,11.17
1353,1274,589,12.79
1273,1274,589,11.19
547,468,589,12.78
367,287,589,9.47
886,806,589,8.3
887,806,589,6.37
1112,1033,589,12.78
6374,6375,589,1.11
3342,3422,589,6.94
4464,4465,590,11.17
2713,2714,590,11.16
338,258,590,9.47
4304,4225,590,12.76
611,612,590,8.29
6081,6161,590,6.96
4859,4940,590,8.57
6082,6161,590,6.46
1044,963,590,6.37
4860,4940,590,6.96
2633,2714,590,8.57
2765,2766,590,1.11
3346,3347,591,11.15
6163,6243,591,6.96
3266,3347,591,8.57
703,782,591,6.46
6164,6243,591,6.46
2554,2635,591,8.57
2634,2635,591,11.16
368,288,591,9.47
3343,3423,591,6.94
3342,3423,591,8.55
2157,2158,592,11.17
1675,1676,592,11.17
952,953,592,11.17
3267,3268,592,11.17
1434,1435,592,11.18
466,386,592,11.19
1916,1917,592,11.18
2237,2158,592,12.79
1514,1435,592,12.79
791,712,592,12.78
1032,953,592,12.77
465,386,592,12.78
611,532,592,9.48
3187,3268,592,8.57
531,532,592,8.29
6246,6325,592,6.46
3340,3419,592,6.44
6245,6325,592,6.96
1996,1917,592,12.79
4860,4941,592,8.57
1755,1676,592,12.78
1273,1194,592,12.79
2555,2556,592,11.17
5180,5100,592,11.17
2475,2556,592,8.57
1193,1194,592,11.19
3188,3189,593,11.17
3344,3424,593,6.94
4781,4862,593,8.58
3108,3189,593,8.58
710,631,593,7.46
629,550,593,7.47
1123,1042,593,5
576,495,593,5.01
4385,4386,593,11.17
2476,2477,593,11.17
3343,3424,593,8.55
2396,2477,593,8.57
4782,4783,594,11.18
3109,3110,594,11.17
259,179,594,9.47
451,452,594,8.29
4702,4783,594,8.57
2317,2398,594,8.58
3029,3110,594,8.57
260,179,594,7.28
531,452,594,9.48
368,289,594,10.82
3328,3248,594,1.11
2397,2398,594,11.17
1595,1596,595,11.18
2318,2319,595,11.18
3030,3031,595,11.16
872,873,595,11.17
467,387,595,11.18
4703,4704,595,11.15
2077,2078,595,11.18
2157,2078,595,12.77
1675,1596,595,12.78
952,873,595,12.77
1434,1355,595,12.78
466,387,595,12.79
1916,1837,595,12.79
3345,3425,595,6.95
807,727,595,6.52
2950,3031,595,8.57
3344,3425,595,8.55
4859,4938,595,6.45
4623,4704,595,8.57
1836,1837,595,11.18
1113,1114,595,11.17
1354,1355,595,11.18
5181,5101,595,11.17
5181,5182,595,11.17
3017,3018,595,1.1
4937,4938,595,2.96
2773,2693,595,1.1
623,542,595,8.57
5180,5101,595,12.77
622,542,595,11.17
1193,1114,595,12.79
4624,4625,596,11.16
4224,4144,596,11.16
543,463,596,11.16
180,100,596,9.48
451,372,596,9.48
544,463,596,8.57
181,100,596,7.28
4305,4306,596,11.17
4385,4306,596,12.77
2871,2952,596,8.58
2951,2952,596,11.17
964,884,596,6.52
464,384,597,11.17
2872,2873,597,11.17
728,648,597,9.49
3346,3426,597,6.95
3345,3426,597,8.56
465,384,597,8.58
729,648,597,7.29
2792,2873,597,8.57
417,336,597,7.28
416,336,597,9.49
446,365,597,7.28
2689,2690,597,1.1
652,572,597,6.51
2609,2690,597,0.85
385,305,598,11.18
4544,4545,598,11.16
1515,1516,598,11.18
2238,2239,598,11.18
792,793,598,11.17
1756,1757,598,11.18
118,119,598,9.48
101,21,598,9.49
1595,1516,598,12.78
2318,2239,598,12.78
872,793,598,12.77
467,388,598,12.78
2077,1998,598,12.79
6162,6242,598,6.96
4464,4545,598,8.57
2713,2794,598,8.57
102,21,598,7.28
38,119,598,7.28
1997,1998,598,11.18
6163,6242,598,6.45
2793,2794,598,11.16
1836,1757,598,12.78
1113,1034,598,12.77
468,388,598,11.19
468,469,598,11.19
1274,1275,598,11.18
1354,1275,598,12.78
367,286,598,7.27
1033,1034,598,11.17
369,290,598,9.47
5181,5102,598,12.77
366,286,598,9.47
3816,3737,598,1.27
4465,4466,599,11.17
649,569,599,9.48
4224,4145,599,12.76
702,701,599,6.96
6244,6324,599,6.96
3346,3427,599,8.56
338,257,599,7.27
885,805,599,8.3
6245,6324,599,6.46
4225,4145,599,11.17
4225,4226,599,11.17
4305,4226,599,12.77
2634,2715,599,8.57
886,805,599,6.37
2714,2715,599,11.16
3734,3654,599,1.11
3733,3654,599,1.27
337,257,599,9.48
