3967,3887,8,11.18
3967,3968,8,11.18
3967,3888,11,12.78
3967,4047,14,6.96
3967,3966,14,6.96
3967,3886,16,8.58
3967,4048,16,8.58
3968,3969,17,11.18
3887,3807,17,11.18
3888,3808,20,11.18
3888,3889,20,11.18
3968,3889,20,12.78
3887,3808,20,12.78
3967,4046,21,6.46
3888,3809,23,12.78
4048,4049,25,11.16
3886,3806,25,11.18
3968,4049,25,8.58
3887,3806,25,8.58
3807,3727,26,11.18
3808,3728,29,11.19
3807,3728,29,12.78
3966,3965,29,6.96
4047,4127,29,6.96
4048,4128,31,6.95
3886,3885,31,6.96
3966,3885,31,8.57
4047,4128,31,8.57
3808,3729,32,12.79
4048,4129,33,8.57
3886,3805,33,8.58
4049,4050,34,11.17
3806,3726,34,11.17
3807,3726,34,8.58
3727,3647,35,11.17
4046,4126,36,6.96
4046,4045,36,6.96
3966,4045,36,6.45
4047,4126,36,6.45
4049,3970,37,12.77
3728,3648,38,11.18
3727,3648,38,12.77
3728,3649,41,12.78
3805,3725,42,11.18
4049,4130,42,8.58
3806,3725,42,8.58
4050,4051,43,11.17
3726,3646,43,11.17
3727,3646,43,8.58
4046,4125,43,6.45
3647,3567,44,11.17
3965,3964,44,6.96
4127,4207,44,6.96
4050,3971,46,12.77
3885,3884,46,6.96
3965,3884,46,8.57
4127,4208,46,8.58
3648,3568,47,11.18
3647,3568,47,12.77
3805,3804,48,6.96
3885,3804,48,8.58
3648,3569,50,12.78
3805,3724,50,8.58
3725,3645,51,11.17
4045,4044,51,6.96
4126,4206,51,6.96
4050,4131,51,8.58
3726,3645,51,8.58
3965,4044,51,6.45
4127,4206,51,6.46
4051,4052,52,11.18
3646,3566,52,11.17
3647,3566,52,8.58
4129,4209,53,5.17
4051,3972,55,12.78
4129,4210,56,6.37
4125,4205,58,6.95
4125,4124,58,6.95
4045,4124,58,6.45
4126,4205,58,6.45
3724,3644,59,11.18
3964,3963,59,6.96
3725,3644,59,8.58
3645,3565,60,11.17
4051,4132,60,8.58
3646,3565,60,8.57
3884,3883,61,6.96
3964,3883,61,8.57
3804,3803,63,6.97
3884,3803,63,8.58
4207,4287,64,5.17
3724,3723,65,6.97
3804,3723,65,8.58
4125,4204,65,6.45
4130,4211,65,6.37
4044,4043,66,6.96
4206,4286,66,6.96
4208,4288,66,5.17
3964,4043,66,6.45
3724,3643,67,8.58
3644,3564,68,11.18
3645,3564,68,8.58
4208,4289,69,6.37
4124,4123,73,6.96
4205,4285,73,6.95
4044,4123,73,6.45
4206,4285,73,6.45
3963,3962,74,6.96
4131,4212,74,6.37
3643,3563,76,11.18
3883,3882,76,6.96
3963,3882,76,8.57
3644,3563,76,8.58
4210,4290,76,5.17
4209,4290,76,6.36
3803,3802,78,6.96
3883,3802,78,8.58
4210,4291,79,6.37
3723,3722,80,6.96
4204,4284,80,6.96
4204,4203,80,6.96
3803,3722,80,8.58
4124,4203,80,6.45
4205,4284,80,6.45
4286,4366,81,6.96
4043,4042,81,6.96
3963,4042,81,6.45
3643,3642,82,6.96
3723,3642,82,8.58
4286,4367,83,8.58
3643,3562,84,8.58
4288,4368,86,5.17
4052,4053,86,2.96
4204,4283,87,6.46
4123,4122,88,6.96
4285,4365,88,6.96
4286,4365,88,6.46
4043,4122,88,6.45
4211,4292,88,6.37
3962,3961,89,6.96
4289,4369,89,5.16
4288,4369,89,6.37
3972,3892,89,2.97
3972,3973,89,2.97
3882,3881,91,6.96
3962,3881,91,8.58
4289,4370,92,6.36
3802,3801,93,6.97
3882,3801,93,8.58
4132,4133,94,2.96
3722,3721,95,6.96
4203,4202,95,6.96
4284,4364,95,6.96
3802,3721,95,8.58
4123,4202,95,6.46
4285,4364,95,6.46
4042,4041,96,6.96
3962,4041,96,6.46
3722,3641,97,8.58
3972,3893,97,3.39
4291,4371,99,5.17
4290,4371,99,6.37
4366,4446,101,5.17
4283,4363,102,6.96
4283,4282,102,6.96
4203,4282,102,6.46
4284,4363,102,6.46
4291,4372,102,6.37
4365,4445,103,6.97
4122,4121,103,6.96
4367,4447,103,5.18
4042,4121,103,6.45
3961,3960,104,6.96
3881,3880,106,6.96
3961,3880,106,8.58
4368,4448,106,5.17
4367,4448,106,6.38
3801,3800,108,6.97
3881,3800,108,8.58
4212,4213,108,2.97
4369,4449,109,5.17
4283,4362,109,6.46
4368,4449,109,6.37
3721,3720,110,6.97
4202,4201,110,6.96
4364,4444,110,6.96
3801,3720,110,8.59
4365,4444,110,6.46
4122,4201,110,6.45
4041,4040,111,6.96
3961,4040,111,6.46
3889,3890,111,1.11
3721,3640,112,8.58
4370,4450,112,5.17
4369,4450,112,6.37
3809,3810,114,1.11
4370,4451,115,6.36
4446,4526,116,6.97
4282,4281,117,6.96
4363,4443,117,6.96
4202,4281,117,6.46
4364,4443,117,6.46
4445,4525,118,6.97
4121,4120,118,6.96
4446,4527,118,8.58
4041,4120,118,6.45
3972,3891,118,2.28
3960,3959,119,6.96
4053,4054,120,2.96
3880,3879,121,6.96
3960,3879,121,8.58
4292,4293,122,2.96
3800,3799,123,6.97
3880,3799,123,8.58
3973,3974,123,2.97
3729,3730,123,1.11
4362,4442,124,6.96
4362,4361,124,6.96
4282,4361,124,6.46
4363,4442,124,6.46
4444,4524,125,6.96
3720,3719,125,6.97
4201,4200,125,6.96
3800,3719,125,8.59
4445,4524,125,6.46
4121,4200,125,6.45
4040,4039,126,6.96
4448,4528,126,5.18
3960,4039,126,6.46
4447,4528,126,6.38
3720,3639,127,8.59
4133,4134,128,2.96
4449,4529,129,5.17
4448,4529,129,6.38
4526,4606,131,6.96
4362,4441,131,6.46
3973,3894,131,3.39
4281,4280,132,6.96
4443,4523,132,6.96
4450,4530,132,5.17
4444,4523,132,6.46
4201,4280,132,6.46
4449,4530,132,6.37
3649,3650,132,1.11
4525,4605,133,6.96
4527,4607,133,6.96
4120,4119,133,6.96
4526,4607,133,8.58
4040,4119,133,6.46
3959,3958,134,6.96
4527,4608,135,8.58
4450,4531,135,6.37
3567,3487,135,1.11
3639,3559,136,11.19
3879,3878,136,6.96
3959,3878,136,8.58
4372,4373,136,2.96
3799,3798,138,6.97
3879,3798,138,8.58
3568,3488,138,1.11
3639,3560,139,12.79
4361,4360,139,6.96
4442,4522,139,6.96
4281,4360,139,6.46
4443,4522,139,6.46
4524,4604,140,6.96
3719,3718,140,6.97
4200,4199,140,6.96
3799,3718,140,8.58
4525,4604,140,6.46
4120,4199,140,6.46
4039,4038,141,6.96
3959,4038,141,6.46
3569,3489,141,1.11
3569,3570,141,1.11
3639,3638,142,6.97
3719,3638,142,8.58
4213,4214,142,2.97
3566,3486,143,1.11
3639,3558,144,8.59
3559,3479,145,11.18
4606,4686,146,6.96
4441,4521,146,6.96
4441,4440,146,6.96
4361,4440,146,6.46
4442,4521,146,6.46
4523,4603,147,6.96
4280,4279,147,6.96
4524,4603,147,6.45
4200,4279,147,6.46
3559,3480,148,12.79
4608,4609,148,8.31
4605,4685,148,6.96
4607,4687,148,6.96
4119,4118,148,6.96
4606,4687,148,8.58
4039,4118,148,6.46
3958,3957,149,6.96
4451,4452,149,2.96
4607,4688,150,8.58
3878,3877,151,6.96
3958,3877,151,8.58
3565,3485,151,1.11
4530,4610,152,5.18
4529,4610,152,6.38
3558,3478,153,11.2
3798,3797,153,6.96
3559,3478,153,8.59
3878,3797,153,8.58
4441,4520,153,6.46
4360,4359,154,6.96
4522,4602,154,6.96
4523,4602,154,6.45
4280,4359,154,6.46
4054,4055,154,2.96
4604,4684,155,6.96
3718,3717,155,6.97
4199,4198,155,6.96
3798,3717,155,8.58
4605,4684,155,6.45
4119,4198,155,6.46
4530,4611,155,6.38
4038,4037,156,6.96
3958,4037,156,6.46
4293,4294,156,2.97
3638,3637,157,6.97
3718,3637,157,8.58
3974,3975,157,2.97
4608,4689,158,6.38
3558,3557,159,6.98
3638,3557,159,8.59
3564,3484,159,1.11
4686,4766,161,6.95
4440,4439,161,6.96
4521,4601,161,6.96
3558,3477,161,8.6
4360,4439,161,6.45
4522,4601,161,6.45
3478,3398,162,11.2
4603,4683,162,6.96
4279,4278,162,6.96
4604,4683,162,6.45
4199,4278,162,6.46
4134,4135,162,2.96
4685,4765,163,6.95
4118,4117,163,6.96
4686,4767,163,8.57
4038,4117,163,6.46
3569,3490,163,1.27
3957,3956,164,6.96
3478,3399,165,12.81
3974,3895,165,3.39
4372,4453,165,2.28
3877,3876,166,6.96
3957,3876,166,8.58
3563,3483,167,1.11
4611,4612,168,8.3
3797,3796,168,6.96
4520,4600,168,6.96
4520,4519,168,6.96
3877,3796,168,8.57
4440,4519,168,6.45
4521,4600,168,6.46
4602,4682,169,6.96
4359,4358,169,6.96
4603,4682,169,6.45
4279,4358,169,6.46
4531,4532,169,2.96
3477,3397,170,11.19
4684,4764,170,6.95
3717,3716,170,6.97
4198,4197,170,6.96
3478,3397,170,8.6
3797,3716,170,8.58
4688,4768,170,5.17
4685,4764,170,6.45
4118,4197,170,6.46
4373,4374,170,2.97
3398,3318,171,11.21
4689,4690,171,8.31
4037,4036,171,6.96
3957,4036,171,6.46
4609,4690,171,6.38
3637,3636,172,6.97
3717,3636,172,8.59
4688,4769,173,6.37
3398,3319,174,12.81
3557,3556,174,6.97
3637,3556,174,8.59
4611,4691,175,5.17
4520,4599,175,6.46
4610,4691,175,6.38
3562,3482,175,1.11
4766,4846,176,6.96
3477,3476,176,6.97
4439,4438,176,6.96
4601,4681,176,6.96
3557,3476,176,8.59
4602,4681,176,6.45
4359,4438,176,6.46
4214,4215,176,2.96
4683,4763,177,6.96
4278,4277,177,6.96
4684,4763,177,6.45
4198,4277,177,6.46
4765,4845,178,6.96
4117,4116,178,6.96
4766,4847,178,8.57
3477,3396,178,8.59
4037,4116,178,6.45
4611,4692,178,6.37
3397,3317,179,11.2
3956,3955,179,6.96
3398,3317,179,8.6
3892,3812,180,1.11
3876,3875,181,6.96
3956,3875,181,8.58
4689,4770,181,6.38
3796,3795,183,6.96
4519,4518,183,6.96
4600,4680,183,6.96
3876,3795,183,8.58
4439,4518,183,6.46
4601,4680,183,6.46
4682,4762,184,6.96
4358,4357,184,6.96
4683,4762,184,6.46
4278,4357,184,6.45
4764,4844,185,6.96
3716,3715,185,6.96
3796,3715,185,8.57
4765,4844,185,6.45
4117,4196,185,6.45
3956,4035,186,6.46
4767,4848,186,6.36
3396,3316,187,11.19
3636,3635,187,6.96
3397,3316,187,8.6
3716,3635,187,8.58
4055,4056,188,2.96
3641,3561,188,1.11
3893,3813,188,1.11
3556,3555,189,6.96
3636,3555,189,8.58
4599,4679,190,6.96
4599,4598,190,6.96
4519,4598,190,6.46
4600,4679,190,6.46
4294,4295,190,2.96
4846,4926,191,6.97
4681,4761,191,6.96
3476,3475,191,6.97
4438,4437,191,6.96
3556,3475,191,8.58
4682,4761,191,6.45
4358,4437,191,6.45
3975,3976,191,2.97
4763,4843,192,6.96
4764,4843,192,6.46
4845,4925,193,6.97
3396,3395,193,6.97
4846,4927,193,8.59
3476,3395,193,8.59
4769,4849,193,5.17
4768,4849,193,6.36
4770,4771,194,8.3
3955,3954,194,6.96
4690,4771,194,6.38
3396,3315,195,8.59
3316,3236,196,11.2
3875,3874,196,6.96
3955,3874,196,8.58
4769,4850,196,6.37
4135,4136,196,2.96
4599,4678,197,6.46
3795,3794,198,6.96
4518,4517,198,6.96
4680,4760,198,6.96
3875,3794,198,8.58
4681,4760,198,6.46
4438,4517,198,6.45
4691,4772,198,6.38
3316,3237,199,12.8
4762,4842,199,6.96
4357,4356,199,6.96
4763,4842,199,6.46
4453,4454,199,2.97
3975,3896,199,3.39
4373,4454,199,2.28
4844,4924,200,6.97
3715,3714,200,6.96
3795,3714,200,8.58
4845,4924,200,6.46
4357,4276,201,8.57
3955,4034,201,6.46
4847,4928,201,6.37
3635,3634,202,6.95
3715,3634,202,8.57
4612,4613,202,2.96
4532,4533,203,2.96
3315,3235,204,11.16
3555,3554,204,6.95
3316,3235,204,8.6
3635,3554,204,8.57
4770,4851,204,6.37
4374,4375,204,2.96
3236,3156,205,11.19
4598,4597,205,6.96
4679,4759,205,6.96
4518,4597,205,6.45
4680,4759,205,6.46
3810,3811,205,1.11
4926,5006,206,6.97
4761,4841,206,6.96
3475,3474,206,6.95
3555,3474,206,8.57
4762,4841,206,6.45
4357,4436,206,6.45
4116,4115,206,3.69
4843,4923,207,6.96
4844,4923,207,6.46
3236,3157,208,12.8
4925,5005,208,6.96
3395,3394,208,6.96
4926,5007,208,8.59
3475,3394,208,8.57
3954,3953,209,6.96
4848,4929,209,6.37
3315,3314,210,6.96
3395,3314,210,8.57
4215,4216,210,2.96
3893,3814,210,1.26
3874,3873,211,6.96
3954,3873,211,8.57
4678,4758,212,6.96
4678,4677,212,6.96
3315,3234,212,8.57
4598,4677,212,6.45
4679,4758,212,6.46
4692,4693,212,2.96
3235,3155,213,11.16
3794,3793,213,6.96
4760,4840,213,6.96
3236,3155,213,8.59
3874,3793,213,8.58
4761,4840,213,6.46
4196,4195,213,3.69
3156,3076,214,11.19
4356,4355,214,6.95
4842,4922,214,6.96
4843,4922,214,6.46
3730,3731,214,1.11
3714,3713,215,6.97
4924,5004,215,6.96
3237,3238,215,6.53
3794,3713,215,8.58
4925,5004,215,6.46
4356,4275,216,8.57
3954,4033,216,6.45
4927,5008,216,6.39
4849,4930,216,6.37
3156,3077,217,12.79
3634,3633,217,6.96
3714,3633,217,8.58
3237,3158,218,7.47
3554,3553,219,6.96
3634,3553,219,8.57
4678,4757,219,6.45
4759,4839,220,6.96
4760,4839,220,6.46
3234,3154,221,11.15
5006,5086,221,6.96
4841,4921,221,6.96
3474,3473,221,6.95
3235,3154,221,8.57
3554,3473,221,8.57
4356,4435,221,6.45
4842,4921,221,6.46
3155,3075,222,11.17
4923,5003,222,6.96
3156,3075,222,8.59
4924,5003,222,6.46
4056,4057,222,2.97
5005,5085,223,6.96
3394,3393,223,6.95
5006,5087,223,8.58
3474,3393,223,8.56
3650,3651,223,1.11
3953,3952,224,6.96
4928,5009,224,6.38
4295,4296,224,2.96
3314,3313,225,6.95
3394,3313,225,8.56
3976,3977,225,2.97
3873,3872,226,6.96
3953,3872,226,8.57
4517,4516,226,3.69
3487,3407,226,1.11
3234,3233,227,6.95
3314,3233,227,8.56
3157,3078,227,7.47
4759,4838,227,6.46
3793,3792,228,6.96
4840,4920,228,6.96
3873,3792,228,8.57
4841,4920,228,6.46
4035,4114,228,3.43
4453,4534,228,2.28
4922,5002,229,6.96
3234,3153,229,8.56
4355,4354,229,6.96
4923,5002,229,6.46
3488,3408,229,1.11
3154,3074,230,11.16
3713,3712,230,6.97
5004,5084,230,6.96
3076,2996,230,6.54
3793,3712,230,8.58
3155,3074,230,8.58
5005,5084,230,6.45
4136,4137,230,2.96
3075,2995,231,11.18
4355,4274,231,8.57
3953,4032,231,6.45
5007,5088,231,6.37
3633,3632,232,6.96
3713,3632,232,8.59
4929,5010,232,6.38
4772,4773,232,2.96
3570,3571,232,1.11
3489,3409,232,1.11
3077,2997,233,6.54
3076,2997,233,7.47
4454,4455,233,2.96
3976,3897,233,3.39
4597,4596,233,3.69
4374,4455,233,2.28
3553,3552,234,6.96
3633,3552,234,8.58
3486,3406,234,1.11
4839,4919,235,6.96
4840,4919,235,6.46
5086,5166,236,6.96
3473,3472,236,6.96
4921,5001,236,6.96
3553,3472,236,8.57
3077,2998,236,7.47
4922,5001,236,6.46
4355,4434,236,6.45
4613,4614,236,2.96
5003,5083,237,6.96
5004,5083,237,6.45
3153,3073,238,11.16
5085,5165,238,6.96
3393,3392,238,6.96
5086,5167,238,8.57
3473,3392,238,8.57
3154,3073,238,8.57
4375,4376,238,2.96
4851,4852,238,2.96
3074,2994,239,11.16
3952,3951,239,6.96
3075,2994,239,8.58
5008,5089,239,6.37
3480,3400,239,1.11
3480,3481,239,1.11
2995,2915,240,11.18
3313,3312,240,6.96
3393,3312,240,8.58
4677,4676,240,3.69
3872,3871,241,6.96
3952,3871,241,8.57
4195,4194,241,3.69
3233,3232,242,6.95
4838,4918,242,6.96
4838,4837,242,6.96
3313,3232,242,8.57
4839,4918,242,6.46
3485,3405,242,1.11
2995,2916,243,12.78
3792,3791,243,6.96
4920,5000,243,6.96
3078,3079,243,6.53
3872,3791,243,8.57
4921,5000,243,6.46
4034,4113,243,3.43
3153,3152,244,6.95
5002,5082,244,6.96
3233,3152,244,8.56
5003,5082,244,6.45
4216,4217,244,2.96
3894,3815,244,1.26
3712,3711,245,6.97
5084,5164,245,6.96
3792,3711,245,8.58
5085,5164,245,6.45
4032,4112,246,6.96
4032,4031,246,6.96
3153,3072,246,8.57
3078,2999,246,7.47
3952,4031,246,6.45
5087,5168,246,6.37
4693,4694,246,2.96
3073,2993,247,11.16
3632,3631,247,6.97
3712,3631,247,8.59
3074,2993,247,8.57
5009,5090,247,6.37
4757,4756,247,3.69
2994,2914,248,11.15
4596,4595,248,6.95
2995,2914,248,8.58
4436,4515,248,3.42
2915,2835,249,11.18
3552,3551,249,6.96
2997,2917,249,6.54
3632,3551,249,8.59
2996,2917,249,7.48
4838,4917,249,6.45
4919,4999,250,6.96
4920,4999,250,6.46
4930,4931,250,2.97
3484,3404,250,1.11
5166,5246,251,6.97
5001,5081,251,6.96
3472,3471,251,6.96
3552,3471,251,8.58
5002,5081,251,6.46
2915,2836,252,12.78
5083,5163,252,6.96
2998,2918,252,6.54
2997,2918,252,7.48
5084,5163,252,6.45
5165,5245,253,6.97
3392,3391,253,6.96
5166,5247,253,8.59
3472,3391,253,8.57
4032,4111,253,6.45
3570,3491,253,1.27
3951,3950,254,6.95
5088,5169,254,6.37
3490,3410,254,1.11
3489,3410,254,1.27
3072,2992,255,11.16
2999,2919,255,11.2
2999,3000,255,11.2
3312,3311,255,6.97
3392,3311,255,8.58
3073,2992,255,8.57
2998,2919,255,7.48
4596,4675,255,6.45
2993,2913,256,11.16
3871,3870,256,6.95
3951,3870,256,8.57
2994,2913,256,8.56
3078,3159,256,5.02
4057,4058,256,2.97
2914,2834,257,11.16
3232,3231,257,6.96
4918,4998,257,6.96
2915,2834,257,8.58
3312,3231,257,8.58
4919,4998,257,6.46
4837,4836,257,6.96
4354,4353,257,3.69
2835,2755,258,11.16
2999,2920,258,12.8
3791,3790,258,6.96
5000,5080,258,6.96
3871,3790,258,8.57
5001,5080,258,6.46
4296,4297,258,2.96
3483,3403,258,1.11
3152,3151,259,6.96
5082,5162,259,6.97
3232,3151,259,8.57
5083,5162,259,6.46
4274,4273,259,3.69
3977,3978,259,2.97
3711,3710,260,6.97
5164,5244,260,6.97
3791,3710,260,8.58
5165,5244,260,6.46
2835,2756,261,12.76
3072,3071,261,6.95
3152,3071,261,8.57
3951,4030,261,6.45
5167,5248,261,6.37
4772,4853,261,2.28
4031,4030,261,6.96
3480,3401,261,1.27
3631,3630,262,6.97
3711,3630,262,8.59
2916,2837,262,7.47
5089,5170,262,6.37
4534,4535,262,2.96
4454,4535,262,2.28
4595,4594,263,6.96
4515,4514,263,6.95
3072,2991,263,8.57
2999,3080,263,8.6
4274,4193,263,4.55
4435,4514,263,3.42
2992,2912,264,11.15
3551,3550,264,6.97
3631,3550,264,8.59
2993,2912,264,8.57
3000,3001,264,11.2
4918,4997,264,6.45
4917,4997,264,6.96
4917,4916,264,6.96
2919,2839,264,11.18
4434,4433,264,3.69
4137,4138,264,2.96
4837,4916,264,6.45
2913,2833,265,11.15
4999,5079,265,6.96
2914,2833,265,8.57
5000,5079,265,6.46
3319,3239,265,1.11
3319,3320,265,1.11
2834,2754,266,11.16
5246,5326,266,6.97
3471,3470,266,6.96
2835,2754,266,8.57
3551,3470,266,8.58
5081,5161,266,6.96
5082,5161,266,6.46
5010,5011,266,2.97
4773,4774,266,2.96
3482,3402,266,1.11
2920,2840,267,11.19
2920,2921,267,11.19
5163,5243,267,6.97
3000,2921,267,12.81
5164,5243,267,6.46
2919,2840,267,12.79
4455,4456,267,2.96
3977,3898,267,3.39
4375,4456,267,2.27
4851,4932,267,2.28
5245,5325,268,6.97
3391,3390,268,6.97
5246,5327,268,8.59
3471,3390,268,8.57
2917,2838,268,7.46
2918,2838,268,6.53
4031,4110,268,6.45
4111,4191,268,6.96
4111,4110,268,6.96
5168,5249,269,6.37
3950,3949,269,6.96
2920,2841,270,12.79
3311,3310,270,6.97
3391,3310,270,8.58
4595,4674,270,6.46
4614,4615,270,2.96
4111,4192,270,8.57
3870,3869,271,6.95
2836,2757,271,7.46
4917,4996,271,6.45
3950,3869,271,8.57
3812,3732,271,1.11
3080,3081,272,11.19
3231,3230,272,6.97
4998,5078,272,6.96
4836,4835,272,6.96
3311,3230,272,8.59
2992,2911,272,8.56
4999,5078,272,6.46
3000,3081,272,8.6
4376,4377,272,2.96
2991,2911,272,11.18
3001,3002,273,11.19
2912,2832,273,11.13
3790,3789,273,6.96
3870,3789,273,8.57
2913,2832,273,8.56
5081,5160,273,6.46
5080,5160,273,6.96
2833,2753,274,11.15
3151,3150,274,6.97
5162,5242,274,6.97
2755,2675,274,6.51
3231,3150,274,8.59
2834,2753,274,8.57
4836,4755,274,8.57
5163,5242,274,6.46
2754,2674,275,11.16
3710,3709,275,6.97
5244,5324,275,6.97
3790,3709,275,8.57
5245,5324,275,6.46
4111,4190,275,6.45
2840,2760,276,11.19
3001,2922,276,12.79
4030,4029,276,6.96
3151,3070,276,8.59
5247,5328,276,6.38
3071,3070,276,6.97
3950,4029,276,6.45
3490,3411,276,1.27
4138,4139,277,8.3
3630,3629,277,6.97
2756,2676,277,6.53
3710,3629,277,8.59
5169,5250,277,6.37
3080,3160,278,6.97
3071,2990,278,8.58
4217,4218,278,2.97
4434,4513,278,3.42
2991,2990,278,6.96
3895,3816,278,1.26
2841,2761,279,11.18
2841,2842,279,11.18
2840,2761,279,12.8
3550,3549,279,6.97
4138,4059,279,9.49
3630,3549,279,8.59
4998,5077,279,6.45
4836,4915,279,6.45
3813,3733,279,1.11
5079,5159,280,6.96
2839,2759,280,6.53
2756,2677,280,7.46
3080,3161,280,8.59
4694,4695,280,2.96
5080,5159,280,6.46
2991,2910,280,8.58
2911,2831,281,11.15
3470,3469,281,6.96
5326,5406,281,6.97
5161,5241,281,6.96
3550,3469,281,8.59
3001,3082,281,8.59
2837,2758,281,7.46
2912,2831,281,8.55
5162,5241,281,6.47
3081,3082,281,11.18
5090,5091,281,2.96
2841,2762,282,12.78
2833,2752,282,8.56
5244,5323,282,6.46
5243,5323,282,6.97
2675,2595,283,11.17
5325,5405,283,6.97
5327,5407,283,6.97
3390,3389,283,6.97
4110,4109,283,6.96
2754,2673,283,8.57
3470,3389,283,8.58
5326,5407,283,8.59
4030,4109,283,6.45
5248,5329,284,6.38
3949,3948,284,6.95
3310,3309,285,6.97
4674,4754,285,6.96
4674,4673,285,6.96
5327,5408,285,8.59
3390,3309,285,8.58
4353,4352,285,3.69
2676,2596,286,11.19
2675,2596,286,12.77
3869,3868,286,6.95
2674,2594,286,9.47
3949,3868,286,8.57
5078,5158,287,6.96
3310,3229,287,8.59
4674,4593,287,8.57
5079,5158,287,6.45
4138,4219,287,6.37
3230,3229,287,6.97
4273,4272,287,3.69
3319,3240,287,1.27
2761,2681,288,11.16
3789,3788,288,6.96
5160,5240,288,6.96
3869,3788,288,8.56
5161,5240,288,6.46
2677,2597,289,11.17
2677,2678,289,11.17
2910,2830,289,11.16
2676,2597,289,12.79
5242,5322,289,6.97
2911,2830,289,8.56
3161,3162,289,11.18
3230,3149,289,8.59
3081,3162,289,8.58
5243,5322,289,6.46
3150,3149,289,6.97
2831,2751,290,11.16
4139,4140,290,8.29
5324,5404,290,6.97
3709,3708,290,6.96
4190,4270,290,6.96
4190,4189,290,6.96
3789,3708,290,8.57
5325,5404,290,6.46
4110,4189,290,6.46
2761,2682,291,12.76
4029,4028,291,6.96
3070,3069,291,6.97
3150,3069,291,8.59
3949,4028,291,6.45
2677,2598,292,12.78
4059,3979,292,8.3
4059,4060,292,8.3
4139,4060,292,9.48
3629,3628,292,6.97
2760,2680,292,6.53
3709,3628,292,8.58
4190,4271,292,8.57
4674,4753,292,6.45
5249,5330,292,6.38
4433,4432,292,3.69
4297,4298,292,2.96
2758,2679,293,12.79
2990,2989,293,6.97
5328,5409,293,8.59
3070,2989,293,8.59
2673,2593,294,9.47
4059,3980,294,9.48
3549,3548,294,6.97
2595,2515,294,9.49
3629,3548,294,8.59
5078,5157,294,6.45
2910,2909,295,6.96
5159,5239,295,6.96
2990,2909,295,8.58
5160,5239,295,6.46
3161,3241,295,6.97
4853,4854,295,2.96
4773,4854,295,2.27
5406,5486,296,6.97
3469,3468,296,6.97
5241,5321,296,6.96
3549,3468,296,8.59
4755,4834,296,6.45
5242,5321,296,6.46
5170,5171,296,2.96
4535,4536,296,2.96
4996,5076,296,4.06
4996,4995,296,4.06
4455,4536,296,2.28
2681,2601,297,11.18
2596,2516,297,9.49
2910,2829,297,8.57
2595,2516,297,10.85
5324,5403,297,6.46
4190,4269,297,6.45
3161,3242,297,8.58
5323,5403,297,6.96
2594,2514,297,9.47
2830,2750,298,11.15
2597,2517,298,11.17
3162,3163,298,11.18
5405,5485,298,6.97
3389,3388,298,6.97
5407,5487,298,6.97
4109,4108,298,6.96
2831,2750,298,8.56
5406,5487,298,8.58
3469,3388,298,8.59
4029,4108,298,6.45
2751,2671,299,11.16
3948,3947,299,6.96
2681,2602,300,12.78
4219,4220,300,8.3
4673,4672,300,6.96
5408,5488,300,6.97
2673,2672,300,5.9
3389,3308,300,8.58
5407,5488,300,8.58
4139,4220,300,6.37
3309,3308,300,6.96
5011,5012,300,2.96
4774,4775,300,2.96
2598,2518,301,11.18
2598,2599,301,11.18
2680,2600,301,11.17
2678,2599,301,12.78
2597,2518,301,12.77
3162,3083,301,12.78
3868,3867,301,6.96
4218,4299,301,6.38
4932,4933,301,2.96
4456,4457,301,2.96
3978,3899,301,3.39
4376,4457,301,2.28
4852,4933,301,2.28
3948,3867,301,8.57
3814,3734,301,1.11
3813,3734,301,1.26
4593,4592,302,6.96
5158,5238,302,6.96
4673,4592,302,8.58
5408,5489,302,8.59
5159,5238,302,6.45
3309,3228,302,8.58
3229,3228,302,6.97
4140,4141,303,8.29
3788,3787,303,6.96
5240,5320,303,6.96
3868,3787,303,8.57
2673,2592,303,7.27
5241,5320,303,6.45
2598,2519,304,12.78
5322,5402,304,6.96
3149,3148,304,6.97
4593,4512,304,8.58
4915,4914,304,4.06
5323,5402,304,6.46
4615,4616,304,2.96
3229,3148,304,8.59
2593,2513,305,9.47
2515,2435,305,9.49
4060,4061,305,8.29
4140,4061,305,9.48
3708,3707,305,6.96
4189,4188,305,6.96
3788,3707,305,8.57
5404,5484,305,6.97
5405,5484,305,6.47
4109,4188,305,6.45
2601,2521,306,11.18
2829,2749,306,11.16
3069,3068,306,6.97
4028,4027,306,6.96
2830,2749,306,8.56
3162,3243,306,8.58
3149,3068,306,8.59
3242,3243,306,11.18
4377,4378,306,2.96
3948,4027,306,6.45
2750,2670,307,11.17
3980,3900,307,8.29
3980,3981,307,8.29
4060,3981,307,9.48
3979,3900,307,9.48
3628,3627,307,6.96
4432,4431,307,6.95
2517,2437,307,11.18
3708,3627,307,8.58
4673,4752,307,6.46
4754,4833,307,6.45
2751,2670,307,8.57
2514,2434,308,9.48
2515,2436,308,10.85
2989,2988,308,6.97
3069,2988,308,8.59
2516,2436,308,9.49
2602,2522,309,11.16
2602,2603,309,11.16
2601,2522,309,12.78
5157,5237,309,6.96
5157,5156,309,6.96
3980,3901,309,9.48
3548,3547,309,6.96
3628,3547,309,8.58
4432,4351,309,8.57
5158,5237,309,6.45
4996,5075,309,3.77
2600,2520,310,11.18
2518,2438,310,11.19
2909,2908,310,6.97
5239,5319,310,6.96
2989,2908,310,8.59
2517,2438,310,12.79
5240,5319,310,6.45
4219,4300,310,6.38
3241,3321,310,6.96
5486,5566,311,6.97
5321,5401,311,6.96
3548,3467,311,8.58
5322,5401,311,6.46
3468,3467,311,6.96
5250,5251,311,2.97
2602,2523,312,12.76
4269,4349,312,6.95
4269,4268,312,6.95
2829,2828,312,6.95
5403,5483,312,6.96
2909,2828,312,8.58
4189,4268,312,6.45
5404,5483,312,6.46
3241,3322,312,8.58
3242,3322,312,6.97
3896,3817,312,1.27
2519,2439,313,11.2
2518,2439,313,12.79
5485,5565,313,6.97
4108,4107,313,6.96
5487,5567,313,6.97
5486,5567,313,8.58
4028,4107,313,6.45
4140,4221,313,6.37
4220,4221,313,8.3
3468,3387,313,8.58
3388,3387,313,6.96
2592,2512,314,9.47
4269,4350,314,8.57
2829,2748,314,8.57
2593,2512,314,7.27
4432,4511,314,6.45
3242,3323,314,8.59
4695,4696,314,2.96
3947,3946,314,6.96
3651,3652,314,1.11
2521,2441,315,11.17
2749,2669,315,11.16
5488,5568,315,6.97
2750,2669,315,8.58
5487,5568,315,8.58
4298,4379,315,6.37
5091,5092,315,2.96
3388,3307,315,8.58
3308,3307,315,6.96
2435,2355,316,9.49
2519,2440,316,12.8
3867,3866,316,6.96
2670,2590,316,11.17
5157,5236,316,6.45
3947,3866,316,8.57
4592,4591,317,6.96
5238,5318,317,6.96
3228,3227,317,6.97
2602,2683,317,8.57
5488,5569,317,8.59
2514,2433,317,7.28
5239,5318,317,6.45
4915,4994,317,3.77
3308,3227,317,8.58
3407,3327,317,1.11
2522,2442,318,11.16
2521,2442,318,12.77
4061,4062,318,8.29
3787,3786,318,6.96
5320,5400,318,6.95
3867,3786,318,8.57
5321,5400,318,6.45
2437,2357,318,9.5
2434,2354,319,9.48
2436,2356,319,9.49
2435,2356,319,10.85
2438,2358,319,11.19
3148,3147,319,6.97
5402,5482,319,6.96
3228,3147,319,8.59
4269,4348,319,6.45
5403,5482,319,6.46
2670,2591,319,12.77
3981,3982,320,8.3
4061,3982,320,9.48
4188,4187,320,6.96
3787,3706,320,8.57
5485,5564,320,6.46
4108,4187,320,6.45
3707,3706,320,6.96
5484,5564,320,6.96
3408,3328,320,1.11
2523,2443,321,11.16
2523,2524,321,11.16
2522,2443,321,12.76
4027,4026,321,6.96
3068,3067,321,6.97
3148,3067,321,8.59
3947,4026,321,6.45
2439,2359,322,11.18
3981,3902,322,9.48
4752,4832,322,6.96
4752,4751,322,6.96
2438,2359,322,12.79
3707,3626,322,8.57
3627,3626,322,6.96
2748,2668,323,11.16
4300,4301,323,8.3
2988,2987,323,6.97
3068,2987,323,8.59
2749,2668,323,8.57
2592,2511,323,7.27
4220,4301,323,6.37
3571,3572,323,1.11
3409,3329,323,1.11
3814,3735,323,1.27
2441,2361,324,11.17
2523,2444,324,12.76
5237,5317,324,6.96
4752,4671,324,8.57
4592,4671,324,6.45
5238,5317,324,6.45
4299,4380,324,6.38
2670,2589,324,8.58
3627,3546,324,8.58
3547,3546,324,6.96
4853,4934,324,2.27
5156,5155,324,6.96
2440,2360,325,11.16
2439,2360,325,12.79
2908,2907,325,6.97
5319,5399,325,6.96
2988,2907,325,8.59
5320,5399,325,6.45
3406,3326,325,1.11
4221,4222,326,8.29
5401,5481,326,6.96
3467,3466,326,6.96
4378,4458,326,5.17
5402,5481,326,6.45
5330,5331,326,2.97
5566,5646,326,6.96
3547,3466,326,8.58
2442,2362,327,11.17
2355,2275,327,9.49
2441,2362,327,12.77
4268,4267,327,6.96
5483,5563,327,6.96
4349,4429,327,6.96
2828,2827,327,6.96
2908,2827,327,8.59
4188,4267,327,6.45
5409,5410,327,2.97
5484,5563,327,6.46
5565,5645,328,6.96
4107,4106,328,6.96
4221,4142,328,9.48
3387,3386,328,6.96
3467,3386,328,8.58
2434,2353,328,7.28
2358,2278,328,11.18
4027,4106,328,6.45
4061,4142,328,6.36
5566,5647,328,8.58
5567,5647,328,6.96
2357,2277,329,9.51
4350,4430,329,6.96
2748,2747,329,6.95
2523,2604,329,8.57
4349,4430,329,8.57
2828,2747,329,8.58
4752,4831,329,6.45
4378,4459,329,6.37
4914,4913,329,4.06
4854,4855,329,2.96
4774,4855,329,2.27
3946,3945,329,6.96
2443,2363,330,11.16
2356,2276,330,9.5
2442,2363,330,12.77
2355,2276,330,10.85
3307,3306,330,6.96
3387,3306,330,8.58
5171,5172,330,2.96
4536,4537,330,2.96
4932,5013,330,2.28
4456,4537,330,2.28
5567,5648,330,8.58
5568,5648,330,6.97
2359,2279,331,11.17
2748,2667,331,8.57
5237,5316,331,6.45
2358,2279,331,12.79
3866,3865,331,6.96
5236,5316,331,6.96
5236,5235,331,6.96
5156,5235,331,6.45
3946,3865,331,8.57
2668,2588,332,11.16
5318,5398,332,6.96
4591,4590,332,6.96
3227,3226,332,6.96
3307,3226,332,8.58
5319,5398,332,6.45
5568,5649,332,8.59
2361,2281,333,11.17
2443,2364,333,12.76
5400,5480,333,6.95
5401,5480,333,6.45
4300,4381,333,6.38
3866,3785,333,8.58
3786,3785,333,6.96
3405,3325,333,1.11
2360,2280,334,11.16
2511,2431,334,9.48
2359,2280,334,12.77
4348,4428,334,6.96
4348,4347,334,6.96
3147,3146,334,6.96
5482,5562,334,6.96
4591,4510,334,8.58
3227,3146,334,8.58
4268,4347,334,6.45
5483,5562,334,6.45
4349,4428,334,6.45
5075,5074,334,4.06
4775,4776,334,2.96
4995,5074,334,3.77
4187,4186,335,6.96
5564,5644,335,6.96
5565,5644,335,6.46
4107,4186,335,6.45
3786,3705,335,8.58
3706,3705,335,6.96
2362,2282,336,11.16
2361,2282,336,12.77
4301,4302,336,8.29
3067,3066,336,6.96
4026,4025,336,6.96
3147,3066,336,8.58
2355,2274,336,7.29
4221,4302,336,6.37
5489,5490,336,2.97
3946,4025,336,6.45
2511,2432,337,10.84
4751,4750,337,6.96
3626,3625,337,6.97
2278,2198,337,11.18
3706,3625,337,8.58
2987,2986,338,6.96
3067,2986,338,8.57
4379,4460,338,6.37
4616,4617,338,2.96
5236,5315,338,6.45
2275,2195,338,9.49
2363,2283,339,11.15
2362,2283,339,12.76
5317,5397,339,6.96
3546,3545,339,6.96
4751,4670,339,8.57
3626,3545,339,8.59
5318,5397,339,6.45
4591,4670,339,6.46
2907,2906,340,6.96
5399,5479,340,6.96
2511,2510,340,5.91
2987,2906,340,8.58
2279,2199,340,11.17
2668,2587,340,8.57
5400,5479,340,6.45
2278,2199,340,12.78
2277,2197,340,9.5
2588,2508,341,11.17
5646,5726,341,6.96
5481,5561,341,6.96
3466,3465,341,6.97
3546,3465,341,8.58
5649,5650,341,11.18
4348,4427,341,6.46
5482,5561,341,6.45
2276,2196,341,9.49
2275,2196,341,10.85
3404,3324,341,1.11
2281,2201,342,11.17
2364,2284,342,11.17
2364,2365,342,11.17
2363,2284,342,12.75
5563,5643,342,6.96
4267,4266,342,6.96
2827,2826,342,6.96
2907,2826,342,8.58
4187,4266,342,6.45
5564,5643,342,6.45
4994,4993,342,4.06
4914,4993,342,3.77
2280,2200,343,11.16
3386,3385,343,6.96
5645,5725,343,6.96
4106,4105,343,6.96
5647,5727,343,6.96
5646,5727,343,8.57
3466,3385,343,8.58
2511,2430,343,7.28
2279,2200,343,12.77
4026,4105,343,6.46
2588,2509,344,12.77
2747,2746,344,6.96
2827,2746,344,8.58
4751,4830,344,6.45
5649,5570,344,12.78
3945,3944,344,6.96
3491,3492,344,1.11
2282,2202,345,11.14
2281,2202,345,12.77
2364,2285,345,12.77
3306,3305,345,6.96
5648,5728,345,6.96
3386,3305,345,8.58
5647,5728,345,8.57
5251,5252,345,2.96
4833,4912,345,3.77
3410,3330,345,1.11
3409,3330,345,1.27
2198,2118,346,11.17
4381,4382,346,8.29
5235,5234,346,6.96
3865,3864,346,6.96
2747,2666,346,8.58
4458,4538,346,5.17
5317,5396,346,6.45
4301,4382,346,6.37
5316,5396,346,6.96
3945,3864,346,8.58
3897,3818,346,1.26
5398,5478,347,6.96
3226,3225,347,6.96
3306,3225,347,8.58
5648,5729,347,8.58
5399,5478,347,6.45
4380,4461,347,6.37
5649,5729,347,6.96
5075,5154,347,3.77
2275,2194,347,7.29
2274,2194,347,9.48
2283,2203,348,11.14
2282,2203,348,12.74
5480,5560,348,6.95
3785,3784,348,6.96
3865,3784,348,8.58
5481,5560,348,6.45
4696,4697,348,2.96
2199,2119,349,11.16
2195,2115,349,9.5
2198,2119,349,12.77
4302,4303,349,8.3
5562,5642,349,6.96
3146,3145,349,6.96
4428,4508,349,6.96
4347,4346,349,6.96
2588,2507,349,8.57
3226,3145,349,8.58
4459,4539,349,5.17
5563,5642,349,6.45
4267,4346,349,6.45
4458,4539,349,6.37
2587,2507,349,11.16
5649,5730,349,8.58
5092,5093,349,2.96
5650,5651,350,11.17
2508,2428,350,11.17
5644,5724,350,6.96
4186,4185,350,6.96
3705,3704,350,6.96
2364,2445,350,8.57
3785,3704,350,8.58
5645,5724,350,6.46
4106,4185,350,6.45
2201,2121,351,11.15
2284,2204,351,11.16
2365,2366,351,11.18
2197,2117,351,9.49
2283,2204,351,12.74
3066,3065,351,6.96
4302,4223,351,9.48
3146,3065,351,8.57
4428,4509,351,8.57
4025,4024,351,6.96
3945,4024,351,6.46
2200,2120,352,11.15
2196,2116,352,9.49
2199,2120,352,12.76
2195,2116,352,10.86
4750,4749,352,6.95
3625,3624,352,6.97
3705,3624,352,8.58
4459,4540,352,6.37
5650,5571,353,12.78
2508,2429,353,12.77
2986,2985,353,6.96
5315,5395,353,6.96
5315,5314,353,6.96
3066,2985,353,8.57
5235,5314,353,6.45
5316,5395,353,6.45
2274,2273,353,5.91
2202,2122,354,11.14
2201,2122,354,12.75
2284,2205,354,12.76
2285,2205,354,11.18
2285,2286,354,11.18
2365,2286,354,12.78
3545,3544,354,6.97
5397,5477,354,6.96
4670,4669,354,6.95
4750,4669,354,8.57
3625,3544,354,8.59
5398,5477,354,6.45
4831,4911,354,4.06
2118,2038,355,11.16
2666,2586,355,11.18
2906,2905,355,6.97
5479,5559,355,6.96
2986,2905,355,8.58
5480,5559,355,6.45
2587,2586,355,6.95
4994,5073,355,3.77
5330,5411,355,2.28
4461,4462,356,11.17
5726,5806,356,6.96
3465,3464,356,6.97
4427,4507,356,6.95
4427,4426,356,6.95
5561,5641,356,6.96
3545,3464,356,8.58
4670,4589,356,8.57
5562,5641,356,6.45
4428,4507,356,6.45
4347,4426,356,6.45
4381,4462,356,6.37
2274,2193,356,7.28
2203,2123,357,11.16
2202,2123,357,12.74
2285,2206,357,12.78
2826,2825,357,6.97
4266,4265,357,6.96
5643,5723,357,6.96
2906,2825,357,8.59
5644,5723,357,6.45
4186,4265,357,6.45
2587,2506,357,8.57
3815,3736,357,1.27
2119,2039,358,11.16
2507,2427,358,11.16
5730,5731,358,11.17
2118,2039,358,12.76
5727,5807,358,6.96
5725,5805,358,6.96
3385,3384,358,6.97
4105,4104,358,6.96
5726,5807,358,8.57
5650,5731,358,8.58
3465,3384,358,8.59
2508,2427,358,8.58
2195,2114,358,7.29
4025,4104,358,6.46
4934,4935,358,2.96
2194,2114,358,9.49
4854,4935,358,2.27
5651,5652,359,11.17
4382,4383,359,8.29
2746,2745,359,6.97
4830,4910,359,6.95
4830,4829,359,6.95
3944,3943,359,6.96
2826,2745,359,8.59
2365,2446,359,8.58
2445,2446,359,11.17
4750,4829,359,6.45
4302,4383,359,6.37
2121,2041,360,11.16
2366,2367,360,11.17
2117,2037,360,11.17
2204,2124,360,11.18
2203,2124,360,12.76
3305,3304,360,6.97
5727,5808,360,8.57
3385,3304,360,8.59
5728,5808,360,6.96
5315,5394,360,6.45
5331,5332,360,2.97
2120,2040,361,11.15
4540,4541,361,11.17
2119,2040,361,12.76
2746,2665,361,8.59
2666,2665,361,6.96
3944,3863,361,8.57
5397,5476,361,6.45
4460,4541,361,6.37
5396,5476,361,6.96
3864,3863,361,6.96
5651,5572,362,12.77
3225,3224,362,6.97
5478,5558,362,6.96
3305,3224,362,8.58
5728,5809,362,8.58
5479,5558,362,6.45
5729,5809,362,6.96
2122,2042,363,11.16
2286,2287,363,11.17
2121,2042,363,12.75
2366,2287,363,12.77
2204,2125,363,12.78
5560,5640,363,6.95
2205,2125,363,11.18
2666,2585,363,8.58
4427,4506,363,6.45
5561,5640,363,6.45
4855,4856,363,2.96
3784,3783,363,6.96
4775,4856,363,2.27
3864,3783,363,8.58
2038,1958,364,11.16
4346,4345,364,6.96
5642,5722,364,6.96
4539,4619,364,6.96
4508,4588,364,6.96
5730,5810,364,6.96
3225,3144,364,8.59
4461,4542,364,8.57
4266,4345,364,6.45
5643,5722,364,6.45
5013,5014,364,2.96
5172,5173,364,2.96
3145,3144,364,6.96
5729,5810,364,8.58
4933,5014,364,2.28
3002,3003,364,1.11
4462,4463,365,11.16
4185,4184,365,6.96
5724,5804,365,6.96
2115,2035,365,6.52
5725,5804,365,6.45
4105,4184,365,6.45
2445,2525,365,6.96
3784,3703,365,8.58
3704,3703,365,6.96
2123,2043,366,11.17
2506,2426,366,11.17
2122,2043,366,12.76
2286,2207,366,12.77
2206,2126,366,11.16
2206,2207,366,11.16
4024,4023,366,6.96
4539,4620,366,8.57
2507,2426,366,8.57
5730,5811,366,8.58
4538,4618,366,5.17
2205,2126,366,12.78
4830,4909,366,6.44
3944,4023,366,6.45
3145,3064,366,8.58
3065,3064,366,6.96
3491,3412,366,1.27
5731,5732,367,11.17
2039,1959,367,11.16
2038,1959,367,12.76
5651,5732,367,8.58
4993,4992,367,4.06
2445,2526,367,8.57
4913,4992,367,3.77
2194,2113,367,7.29
3624,3623,367,6.97
3704,3623,367,8.58
3411,3331,367,1.11
2922,2923,367,1.11
3410,3331,367,1.27
5652,5653,368,11.17
2446,2447,368,11.17
4383,4384,368,11.16
5314,5313,368,6.95
2116,2036,368,6.52
2366,2447,368,8.57
2117,2036,368,8.58
2115,2036,368,7.45
2431,2351,368,2.96
5396,5475,368,6.45
2985,2984,368,6.97
4776,4777,368,2.96
3065,2984,368,8.58
5395,5475,368,6.96
2041,1961,369,11.15
2367,2368,369,11.15
2124,2044,369,11.17
2427,2347,369,9.48
2114,2034,369,9.48
2123,2044,369,12.77
5477,5557,369,6.96
3544,3543,369,6.97
2206,2127,369,12.76
4540,4621,369,8.57
5478,5557,369,6.46
3624,3543,369,8.58
2040,1960,370,11.14
2039,1960,370,12.76
5559,5639,370,6.96
2905,2904,370,6.97
5314,5233,370,8.57
5560,5639,370,6.45
5490,5491,370,2.97
2985,2904,370,8.58
2842,2843,370,1.11
3733,3653,370,1.11
2037,1957,371,9.48
5652,5573,371,12.77
4383,4304,371,12.76
5806,5886,371,6.96
5641,5721,371,6.96
3464,3463,371,6.97
4426,4425,371,6.95
4507,4587,371,6.95
3544,3463,371,8.58
4346,4425,371,6.45
5642,5721,371,6.45
4508,4587,371,6.45
2432,2352,371,2.96
2287,2288,372,11.16
2042,1962,372,11.16
2041,1962,372,12.75
2367,2288,372,12.75
2124,2045,372,12.77
2427,2348,372,10.84
5723,5803,372,6.96
2825,2824,372,6.96
4265,4264,372,6.96
2506,2505,372,6.96
2905,2824,372,8.58
2585,2505,372,11.17
4185,4264,372,6.45
5724,5803,372,6.45
5154,5153,372,4.06
2125,2045,372,11.18
2586,2505,372,8.58
5074,5153,372,3.77
4542,4543,373,11.17
5805,5885,373,6.96
3384,3383,373,6.97
5807,5887,373,6.96
5806,5887,373,8.57
3464,3383,373,8.59
4462,4543,373,8.57
4024,4103,373,6.45
4104,4103,373,6.96
2762,2763,373,1.11
4463,4464,374,11.16
3943,3942,374,6.96
4829,4828,374,6.95
2825,2744,374,8.58
2506,2425,374,8.57
2745,2744,374,6.97
2126,2046,375,11.17
5811,5812,375,11.17
2426,2346,375,11.16
2043,1963,375,11.18
1958,1878,375,9.48
2287,2208,375,12.76
2042,1963,375,12.76
5394,5474,375,6.96
5394,5393,375,6.96
3304,3303,375,6.97
3384,3303,375,8.59
5731,5812,375,8.57
5807,5888,375,8.57
5314,5393,375,6.45
5808,5888,375,6.96
2207,2208,375,11.16
2125,2046,375,12.78
5395,5474,375,6.45
5732,5733,376,11.17
1959,1879,376,11.16
3863,3862,376,6.96
5652,5733,376,8.58
3943,3862,376,8.57
2665,2664,376,6.96
4829,4748,376,8.56
2446,2527,376,8.57
5477,5556,376,6.45
2745,2664,376,8.58
4384,4385,377,11.17
2447,2448,377,11.15
5809,5889,377,6.96
5558,5638,377,6.96
2367,2448,377,8.56
3304,3223,377,8.59
5559,5638,377,6.45
5808,5889,377,8.58
2430,2350,377,2.96
3224,3223,377,6.98
1961,1881,378,11.17
2127,2047,378,11.17
2127,2128,378,11.17
4621,4622,378,11.17
2126,2047,378,12.77
2043,1964,378,12.78
4506,4586,378,6.95
4506,4505,378,6.95
5640,5720,378,6.95
3783,3782,378,6.96
4541,4622,378,8.57
3863,3782,378,8.58
2665,2584,378,8.58
2114,2033,378,7.28
2113,2033,378,9.49
5641,5720,378,6.45
4426,4505,378,6.45
4507,4586,378,6.45
2368,2369,378,11.16
2044,1964,378,11.18
2585,2584,378,6.96
2207,2128,378,12.76
1960,1880,379,11.15
2036,1956,379,9.48
2351,2271,379,9.48
1959,1880,379,12.76
4345,4344,379,6.96
4619,4699,379,6.96
5722,5802,379,6.96
5810,5890,379,6.96
5809,5890,379,8.58
5723,5802,379,6.45
4265,4344,379,6.45
4669,4668,379,4.06
4911,4991,379,4.06
5252,5253,379,2.96
3224,3143,379,8.6
3144,3143,379,6.98
4304,4224,380,11.16
4304,4305,380,11.16
2034,1954,380,9.48
2347,2267,380,9.48
4384,4305,380,12.77
5804,5884,380,6.96
3703,3702,380,6.97
3783,3702,380,8.58
5805,5884,380,6.45
4184,4183,380,6.96
5073,5072,380,4.06
2585,2504,380,8.57
4104,4183,380,6.45
4993,5072,380,3.77
3898,3819,380,1.26
1962,1882,381,11.18
1961,1882,381,12.77
2127,2048,381,12.77
4618,4698,381,6.96
4620,4700,381,6.96
5811,5891,381,6.96
3064,3063,381,6.96
4023,4022,381,6.96
2035,1955,381,6.52
4542,4623,381,8.57
4619,4700,381,8.57
5810,5891,381,8.58
3943,4022,381,6.45
4829,4908,381,6.44
2368,2289,381,12.76
2044,1965,381,12.78
2288,2289,381,11.16
2045,1965,381,11.19
3144,3063,381,8.59
4543,4544,382,11.16
1957,1877,382,9.48
2351,2272,382,10.84
3623,3622,382,6.97
4463,4544,382,8.57
3703,3622,382,8.58
5394,5473,382,6.45
4464,4465,383,11.17
2348,2268,383,9.49
2348,2349,383,9.49
4304,4225,383,12.76
2347,2268,383,10.84
2984,2983,383,6.97
4620,4701,383,8.57
5811,5892,383,8.57
2426,2345,383,8.57
3064,2983,383,8.58
2425,2345,383,11.17
5093,5094,383,2.96
1963,1883,384,11.2
2046,1966,384,11.18
2208,2209,384,11.16
5812,5813,384,11.16
1962,1883,384,12.78
3543,3542,384,6.97
5732,5813,384,8.58
3623,3542,384,8.58
5558,5637,384,6.46
2113,2112,384,5.91
4910,4990,384,4.05
2288,2209,384,12.76
2045,1966,384,12.79
1879,1799,385,11.16
5733,5734,385,11.17
2527,2528,385,11.15
5639,5719,385,6.96
2904,2903,385,6.97
2984,2903,385,8.58
2447,2528,385,8.56
4506,4585,385,6.45
5640,5719,385,6.45
1878,1798,386,9.47
2346,2266,386,9.48
4385,4386,386,11.17
2348,2269,386,10.85
4587,4667,386,6.95
5886,5966,386,6.96
3463,3462,386,6.97
4425,4424,386,6.96
5721,5801,386,6.95
4621,4702,386,8.57
3543,3462,386,8.58
4345,4424,386,6.45
5722,5801,386,6.45
2368,2449,386,8.57
2047,1967,387,11.18
1881,1801,387,11.17
2128,2129,387,11.17
1963,1884,387,12.8
2046,1967,387,12.78
2208,2129,387,12.76
2824,2823,387,6.96
4264,4263,387,6.96
5803,5883,387,6.95
2904,2823,387,8.59
5804,5883,387,6.45
4184,4263,387,6.46
2113,2032,387,7.28
1964,1884,387,11.18
4934,5015,387,2.27
1880,1800,388,11.16
2350,2270,388,9.47
1879,1800,388,12.76
5733,5654,388,12.77
5885,5965,388,6.96
4103,4102,388,6.96
5887,5967,388,6.96
5886,5967,388,8.57
3463,3382,388,8.59
2351,2270,388,7.28
4023,4102,388,6.45
3383,3382,388,6.97
4224,4144,389,11.16
2033,1953,389,9.48
4305,4306,389,11.17
2504,2424,389,11.18
4385,4306,389,12.77
3942,3941,389,6.96
2744,2743,389,6.97
2824,2743,389,8.58
2034,1953,389,7.28
2425,2424,389,6.96
5411,5412,389,2.97
2505,2424,389,8.58
5331,5412,389,2.28
3163,3164,389,1.11
3411,3332,389,1.27
2048,1968,390,11.18
2048,2049,390,11.18
1965,1885,390,11.19
2289,2290,390,11.16
4623,4624,390,11.16
2271,2191,390,9.48
1956,1876,390,9.49
2047,1968,390,12.79
1881,1802,390,12.77
2128,2049,390,12.77
3303,3302,390,6.97
5474,5554,390,6.96
4543,4624,390,8.57
5887,5968,390,8.57
1882,1802,390,11.18
5888,5968,390,6.96
1964,1885,390,12.78
3383,3302,390,8.59
4544,4545,391,11.16
2267,2187,391,9.48
3862,3861,391,6.96
2527,2607,391,6.95
3942,3861,391,8.57
4464,4545,391,8.57
2664,2663,391,6.97
2744,2663,391,8.59
2425,2344,391,8.58
4909,4989,391,4.06
3816,3737,391,1.27
2345,2265,392,11.17
5892,5893,392,11.16
4224,4145,392,12.76
4225,4145,392,11.17
4225,4226,392,11.17
5889,5969,392,6.96
4305,4226,392,12.77
3223,3222,392,6.97
3303,3222,392,8.58
5812,5893,392,8.57
5474,5555,392,8.57
5639,5718,392,6.45
4935,4936,392,2.96
5888,5969,392,8.57
4855,4936,392,2.27
3083,3084,392,1.11
3734,3654,392,1.11
4465,4466,392,11.17
3733,3654,392,1.27
2209,2210,393,11.16
5813,5814,393,11.17
1966,1886,393,11.18
1877,1797,393,9.48
2048,1969,393,12.78
1965,1886,393,12.79
2289,2210,393,12.76
2271,2192,393,10.83
3782,3781,393,6.96
4505,4504,393,6.96
5720,5800,393,6.95
4586,4666,393,6.95
5733,5814,393,8.58
3862,3781,393,8.58
2527,2608,393,8.56
2664,2583,393,8.58
1882,1803,393,12.78
4587,4666,393,6.45
4425,4504,393,6.46
5721,5800,393,6.45
5313,5312,393,4.06
2584,2583,393,6.96
1883,1803,393,11.2
2113,2192,393,5.48
5073,5152,393,3.76
1799,1719,394,11.16
5734,5735,394,11.18
2267,2188,394,10.84
5802,5882,394,6.95
4344,4343,394,6.95
4699,4779,394,6.95
5890,5970,394,6.97
3143,3142,394,6.97
5889,5970,394,8.58
3223,3142,394,8.59
4264,4343,394,6.45
5803,5882,394,6.45
5332,5333,394,2.97
4702,4703,395,11.17
1798,1718,395,11.16
5884,5964,395,6.95
4183,4182,395,6.96
3702,3701,395,6.96
4225,4146,395,12.77
3782,3701,395,8.58
4622,4703,395,8.58
2504,2503,395,6.97
5885,5964,395,6.45
4103,4182,395,6.45
5233,5232,395,4.06
2584,2503,395,8.58
4386,4387,395,11.16
5571,5492,395,3.39
2129,2130,396,11.18
1967,1887,396,11.19
2209,2130,396,12.76
1966,1887,396,12.78
4022,4021,396,6.96
4698,4778,396,6.96
4700,4780,396,6.96
5891,5971,396,6.96
3063,3062,396,6.96
1954,1874,396,6.52
4699,4780,396,8.57
5890,5971,396,8.58
3143,3062,396,8.58
3942,4021,396,6.45
1883,1804,396,12.8
1884,1804,396,11.18
2266,2186,397,9.48
1799,1720,397,12.76
5734,5655,397,12.78
3622,3621,397,6.96
5473,5553,397,6.96
5473,5472,397,6.96
1955,1875,397,6.52
4224,4143,397,8.57
3702,3621,397,8.58
1800,1720,397,11.17
2504,2423,397,8.59
5474,5553,397,6.45
4856,4857,397,2.96
4776,4857,397,2.27
3243,3244,397,1.11
1801,1721,398,9.49
2032,1952,398,9.48
4701,4781,398,6.96
5892,5972,398,6.95
2983,2982,398,6.96
4700,4781,398,8.57
5891,5972,398,8.58
2289,2370,398,8.57
4623,4704,398,8.57
3063,2982,398,8.58
2033,1952,398,7.28
2527,2606,398,6.44
5173,5174,398,2.96
4386,4307,398,12.76
4306,4307,398,11.16
3900,3820,398,1.11
2290,2291,399,11.16
2049,2050,399,11.18
1968,1888,399,11.17
1885,1805,399,11.19
2129,2050,399,12.78
1967,1888,399,12.79
4624,4625,399,11.16
3542,3541,399,6.96
3622,3541,399,8.58
4544,4625,399,8.57
5473,5392,399,8.57
2271,2190,399,7.27
4828,4827,399,4.06
5557,5636,399,4.79
1884,1805,399,12.78
2344,2264,400,11.18
4545,4546,400,11.17
1953,1873,400,9.48
2903,2902,400,6.97
4701,4782,400,8.57
2345,2264,400,8.57
5892,5973,400,8.57
2983,2902,400,8.58
4585,4665,400,6.95
4585,4584,400,6.95
4505,4584,400,6.45
5720,5799,400,6.44
4586,4665,400,6.45
3901,3821,400,1.11
4465,4546,400,8.58
5893,5894,401,11.17
1876,1796,401,9.48
1802,1722,401,9.49
1801,1722,401,10.85
4667,4747,401,6.95
5801,5881,401,6.94
5966,6046,401,6.96
4424,4423,401,6.96
5813,5894,401,8.58
3542,3461,401,8.58
3462,3461,401,6.96
5802,5881,401,6.45
4344,4423,401,6.45
4748,4747,401,4.06
4466,4467,401,11.17
2112,2111,401,5.91
4306,4227,401,12.76
4226,4227,401,11.16
5814,5815,402,11.17
2210,2211,402,11.17
1969,1889,402,11.16
1969,1970,402,11.16
1797,1717,402,11.16
1886,1806,402,11.18
1803,1723,402,11.2
2290,2211,402,12.76
2049,1970,402,12.78
1968,1889,402,12.77
1885,1806,402,12.8
2823,2822,402,6.96
5883,5963,402,6.95
5734,5815,402,8.58
2903,2822,402,8.58
5884,5963,402,6.45
4183,4262,402,6.46
4263,4262,402,6.96
2265,2185,403,9.48
5965,6045,403,6.96
4102,4101,403,6.96
5966,6047,403,8.57
4702,4783,403,8.57
1719,1639,403,11.18
3462,3381,403,8.58
4022,4101,403,6.45
5967,6047,403,6.96
3382,3381,403,6.96
4387,4388,404,11.17
1718,1638,404,11.17
2743,2742,404,6.97
3941,3940,404,6.96
2823,2742,404,8.58
2032,2031,404,5.91
5637,5717,404,5.17
5473,5552,404,6.45
4991,5071,404,4.05
5572,5493,404,3.39
4909,4988,404,3.76
2112,2031,404,7.28
4226,4147,404,12.76
1887,1807,405,11.18
2130,2131,405,11.18
2188,2108,405,9.48
2188,2189,405,9.48
2210,2131,405,12.77
1969,1890,405,12.76
1886,1807,405,12.79
1803,1724,405,12.8
5968,6048,405,6.96
3302,3301,405,6.97
1804,1724,405,11.17
5967,6048,405,8.57
3382,3301,405,8.58
5573,5574,405,2.97
2423,2343,406,11.19
2344,2343,406,6.96
3861,3860,406,6.96
2663,2662,406,6.97
2743,2662,406,8.59
3941,3860,406,8.57
1719,1640,406,12.78
4908,4907,406,4.06
2424,2343,406,8.59
4307,4308,407,11.17
1874,1794,407,9.49
4387,4308,407,12.77
5969,6049,407,6.96
3222,3221,407,6.96
2290,2371,407,8.57
5968,6049,407,8.57
3302,3221,407,8.58
2032,1951,407,7.28
4624,4705,407,8.57
4704,4705,407,11.15
4585,4664,407,6.45
4625,4626,408,11.17
2050,2051,408,11.17
1888,1808,408,11.16
2291,2292,408,11.16
1805,1725,408,11.18
1875,1795,408,9.48
2186,2106,408,9.48
1887,1808,408,12.78
2130,2051,408,12.78
2188,2109,408,10.84
3781,3780,408,6.96
4666,4746,408,6.95
2583,2582,408,6.96
2344,2263,408,8.58
4545,4626,408,8.58
3861,3780,408,8.58
2663,2582,408,8.58
4667,4746,408,6.44
5801,5880,408,6.44
4424,4503,408,6.45
4504,4503,408,6.96
1804,1725,408,12.77
2683,2684,408,1.1
3327,3247,408,1.11
1721,1641,409,9.5
1952,1872,409,9.48
5973,5974,409,11.17
4779,4859,409,6.95
5970,6050,409,6.96
5893,5974,409,8.57
5969,6050,409,8.57
3222,3141,409,8.58
1953,1872,409,7.28
5883,5962,409,6.45
4343,4342,409,6.95
4990,5070,409,4.05
3142,3141,409,6.96
4263,4342,409,6.45
4466,4547,409,8.58
4546,4547,409,11.18
4062,4063,409,1.1
4467,4468,410,11.16
5894,5895,410,11.17
1796,1716,410,11.16
4307,4228,410,12.77
3701,3700,410,6.96
4182,4181,410,6.96
5814,5895,410,8.58
3781,3700,410,8.58
2583,2502,410,8.57
1797,1716,410,8.57
5965,6044,410,6.45
4102,4181,410,6.45
2503,2502,410,6.96
4227,4228,410,11.17
1970,1971,411,11.16
1806,1726,411,11.18
1889,1809,411,11.16
5815,5816,411,11.17
1717,1637,411,11.18
2211,2212,411,11.17
1873,1793,411,9.48
2264,2184,411,9.49
2050,1971,411,12.77
1888,1809,411,12.76
2291,2212,411,12.76
1805,1726,411,12.78
2186,2107,411,10.84
4780,4860,411,6.96
5971,6051,411,6.96
4021,4020,411,6.96
4779,4860,411,8.57
5970,6051,411,8.58
3941,4020,411,6.45
3062,3061,411,6.97
3142,3061,411,8.58
3982,3983,411,1.11
3328,3248,411,1.11
1722,1642,412,9.51
1721,1642,412,10.86
2423,2422,412,6.97
3701,3620,412,8.58
3621,3620,412,6.96
4703,4784,412,8.56
5718,5798,412,5.17
2503,2422,412,8.58
4388,4389,413,11.18
1723,1643,413,9.5
5972,6052,413,6.96
2982,2981,413,6.97
4781,4861,413,6.96
4780,4861,413,8.58
5971,6052,413,8.58
3062,2981,413,8.58
5253,5254,413,2.96
5573,5494,413,3.39
4227,4148,413,12.77
3902,3822,413,1.11
3902,3903,413,1.11
2131,2132,414,11.16
1890,1810,414,11.16
1890,1891,414,11.16
1807,1727,414,11.17
1970,1891,414,12.76
1806,1727,414,12.78
1889,1810,414,12.76
5815,5736,414,12.78
2211,2132,414,12.77
3541,3540,414,6.96
2185,2105,414,9.48
2423,2342,414,8.59
3621,3540,414,8.58
5637,5716,414,4.79
1639,1559,414,9.5
5556,5635,414,3.77
3735,3655,414,1.11
3572,3573,414,1.11
3329,3249,414,1.11
3083,3004,414,1.27
3734,3655,414,1.27
4584,4583,415,6.95
4665,4745,415,6.95
4782,4862,415,6.96
2902,2901,415,6.97
2190,2110,415,6.51
5972,6053,415,8.57
2982,2901,415,8.59
4781,4862,415,8.58
5973,6053,415,6.96
4666,4745,415,6.44
5554,5634,415,4.06
1638,1558,415,9.49
4504,4583,415,6.45
4704,4785,415,8.56
4308,4309,416,11.18
4705,4706,416,11.17
2108,2028,416,9.48
4388,4309,416,12.78
3461,3460,416,6.96
1723,1644,416,10.86
4625,4706,416,8.57
3541,3460,416,8.58
2291,2372,416,8.57
6046,6126,416,6.96
4423,4422,416,6.96
4779,4858,416,6.45
1724,1644,416,9.49
4989,5069,416,4.06
4343,4422,416,6.45
3326,3246,416,1.11
2051,2052,417,11.16
1808,1728,417,11.17
1725,1645,417,11.19
1795,1715,417,11.16
2292,2293,417,11.17
2131,2052,417,12.76
1890,1811,417,12.76
1807,1728,417,12.77
2822,2821,417,6.97
4262,4261,417,6.95
4782,4863,417,8.58
2902,2821,417,8.59
5973,6054,417,8.57
4182,4261,417,6.45
1640,1560,417,9.49
5094,5095,417,2.96
1639,1560,417,10.86
4546,4627,417,8.58
4626,4627,417,11.17
4547,4548,418,11.17
1951,1871,418,9.48
1794,1714,418,9.48
4101,4100,418,6.96
3381,3380,418,6.96
6045,6125,418,6.96
3461,3380,418,8.58
4467,4548,418,8.57
5894,5975,418,8.58
1952,1871,418,7.28
4021,4100,418,6.45
6046,6127,418,8.57
5152,5151,418,4.06
5974,5975,418,11.17
5312,5311,418,4.06
6047,6127,418,6.96
5072,5151,418,3.76
1716,1636,419,11.17
4468,4469,419,11.18
4228,4229,419,11.16
2109,2029,419,9.48
4308,4229,419,12.78
5895,5896,419,11.18
2108,2029,419,10.84
2742,2741,419,6.97
3940,3939,419,6.96
5552,5632,419,6.96
5552,5551,419,6.96
5815,5896,419,8.58
1717,1636,419,8.58
2822,2741,419,8.58
2106,2026,419,9.48
4908,4987,419,3.76
1726,1646,420,11.18
1971,1972,420,11.16
1809,1729,420,11.16
2212,2213,420,11.17
2051,1972,420,12.76
1808,1729,420,12.77
1725,1646,420,12.79
2292,2213,420,12.77
3301,3300,420,6.97
3381,3300,420,8.58
5799,5879,420,5.16
1873,1792,420,7.28
2264,2183,420,7.28
6048,6128,420,6.96
1641,1561,420,9.5
1640,1561,420,10.85
6047,6128,420,8.57
5232,5231,420,4.06
2604,2605,420,1.1
2662,2661,421,6.97
3860,3859,421,6.96
2742,2661,421,8.58
3940,3859,421,8.57
5552,5471,421,8.57
5552,5633,421,8.57
2031,2030,421,5.91
5015,5016,421,2.96
4935,5016,421,2.27
4389,4390,422,11.17
1793,1713,422,9.49
4228,4149,422,12.76
3221,3220,422,6.97
4664,4744,422,6.96
4664,4663,422,6.96
3301,3220,422,8.58
4584,4663,422,6.45
4665,4744,422,6.44
6049,6129,422,6.96
6048,6129,422,8.57
1643,1563,422,11.18
2184,2104,422,9.48
2106,2027,422,10.84
5718,5797,422,4.79
1637,1557,422,9.49
4148,4068,422,11.16
4148,4149,422,11.16
1810,1730,423,11.15
1891,1892,423,11.15
1727,1647,423,11.17
2132,2133,423,11.17
2342,2262,423,11.19
1642,1562,423,9.5
1726,1647,423,12.78
1971,1892,423,12.76
1809,1730,423,12.76
2212,2133,423,12.77
3780,3779,423,6.96
4503,4502,423,6.96
4746,4826,423,6.94
2582,2581,423,6.96
2662,2581,423,8.58
3860,3779,423,8.58
2343,2262,423,8.59
4423,4502,423,6.45
4747,4826,423,6.45
1641,1562,423,10.86
5412,5413,423,2.97
5332,5413,423,2.28
4785,4786,424,11.17
3141,3140,424,6.96
4859,4939,424,6.96
1951,1950,424,5.91
4705,4786,424,8.57
3221,3140,424,8.58
4262,4341,424,6.45
6050,6130,424,6.96
5392,5391,424,4.06
6049,6130,424,8.57
2031,1950,424,7.28
4342,4341,424,6.95
3325,3245,424,1.11
4706,4707,425,11.17
2372,2373,425,11.15
4309,4310,425,11.17
1559,1479,425,9.49
2105,2025,425,9.49
4389,4310,425,12.77
4181,4180,425,6.95
3780,3699,425,8.58
2292,2373,425,8.57
2582,2501,425,8.58
4101,4180,425,6.45
6045,6124,425,6.45
3700,3699,425,6.96
1644,1564,425,11.19
1643,1564,425,12.78
2502,2501,425,6.96
4148,4069,425,12.76
4626,4707,425,8.57
3817,3738,425,1.26
1811,1731,426,11.15
1811,1812,426,11.15
2293,2294,426,11.17
2052,2053,426,11.18
1728,1648,426,11.16
1558,1478,426,9.49
1810,1731,426,12.75
1891,1812,426,12.75
1727,1648,426,12.77
2132,2053,426,12.77
4627,4628,426,11.16
6054,6055,426,11.17
4020,4019,426,6.95
4860,4940,426,6.96
3141,3060,426,8.57
4859,4940,426,8.57
4547,4628,426,8.57
3940,4019,426,6.45
5552,5631,426,6.45
6050,6131,426,8.57
6051,6131,426,6.96
3061,3060,426,6.96
1645,1565,426,11.18
4936,4937,426,2.96
5974,6055,426,8.58
4856,4937,426,2.27
4548,4549,427,11.18
5975,5976,427,11.18
3620,3619,427,6.96
2422,2421,427,6.97
1716,1635,427,8.57
4468,4549,427,8.58
1951,1870,427,7.28
5895,5976,427,8.58
3700,3619,427,8.58
2502,2421,427,8.58
4469,4470,428,11.18
1560,1480,428,9.49
4309,4230,428,12.77
1559,1480,428,10.85
4860,4941,428,8.57
2981,2980,428,6.96
5896,5897,428,11.18
6051,6132,428,8.58
4229,4230,428,11.16
3061,2980,428,8.57
5333,5334,428,2.97
6052,6132,428,6.96
2213,2214,429,11.17
1729,1649,429,11.16
1972,1973,429,11.16
1714,1634,429,9.47
1811,1732,429,12.75
2293,2214,429,12.77
2052,1973,429,12.78
1728,1649,429,12.76
3540,3539,429,6.96
2342,2341,429,6.97
3620,3539,429,8.58
2422,2341,429,8.59
4664,4743,429,6.45
4988,5068,429,4.06
5881,5961,429,3.69
5636,5715,429,4.79
1645,1566,429,12.78
1646,1566,429,11.17
4989,5068,429,3.76
4745,4825,430,6.95
4583,4582,430,6.96
4785,4865,430,6.96
2901,2900,430,6.97
2981,2900,430,8.58
4503,4582,430,6.45
6053,6133,430,6.96
4746,4825,430,6.44
5963,6043,430,3.69
5799,5878,430,4.79
1636,1556,430,9.49
6052,6133,430,8.58
5654,5575,430,3.39
4148,4067,430,8.57
2029,1949,430,9.48
1563,1483,431,11.17
4068,3988,431,11.17
1792,1712,431,9.48
1561,1481,431,9.5
1560,1481,431,10.85
2372,2452,431,6.95
3460,3459,431,6.96
3540,3459,431,8.58
2342,2261,431,8.59
1793,1712,431,7.28
4859,4938,431,6.45
5896,5817,431,12.78
6126,6206,431,6.96
4422,4421,431,6.95
4229,4150,431,12.76
4390,4391,431,11.16
5655,5656,431,2.97
2184,2103,431,7.28
4907,4906,431,4.06
4342,4421,431,6.45
4149,4150,431,11.16
2133,2134,432,11.17
1730,1650,432,11.15
1892,1893,432,11.15
1562,1482,432,11.18
2213,2134,432,12.77
1729,1650,432,12.76
1972,1893,432,12.76
1647,1567,432,11.16
4261,4260,432,6.95
4785,4866,432,8.57
2821,2820,432,6.96
6054,6134,432,6.96
2901,2820,432,8.58
4181,4260,432,6.45
6053,6134,432,8.57
5174,5175,432,2.96
1646,1567,432,12.78
4786,4787,433,11.17
1713,1633,433,9.48
2027,1947,433,9.48
4100,4099,433,6.95
3380,3379,433,6.96
6127,6207,433,6.96
4706,4787,433,8.57
2372,2453,433,8.56
3460,3379,433,8.58
4020,4099,433,6.45
6126,6207,433,8.57
1557,1477,433,9.48
4310,4311,434,11.16
2373,2374,434,11.15
1563,1484,434,12.77
4068,3989,434,12.77
3939,3938,434,6.95
5551,5550,434,6.96
2741,2740,434,6.96
1871,1791,434,6.52
4069,3989,434,11.17
4069,4070,434,11.17
2293,2374,434,8.57
5716,5796,434,5.17
1564,1484,434,11.17
2105,2024,434,7.28
4627,4708,434,8.57
2821,2740,434,8.58
6054,6135,434,8.57
5070,5150,434,4.06
5717,5796,434,4.79
4390,4311,434,12.76
4707,4708,434,11.16
4149,4070,434,12.76
2294,2295,435,11.17
1812,1813,435,11.15
4628,4629,435,11.17
1731,1651,435,11.15
2053,2054,435,11.17
1648,1568,435,11.16
1565,1485,435,11.17
2133,2054,435,12.77
1730,1651,435,12.75
1892,1813,435,12.75
3300,3299,435,6.96
6128,6208,435,6.96
3380,3299,435,8.58
4548,4629,435,8.58
1647,1568,435,12.76
5975,6056,435,8.58
6127,6208,435,8.57
6055,6056,435,11.17
3492,3493,435,1.11
3902,3823,435,1.26
4549,4550,436,11.18
5976,5977,436,11.18
1479,1399,436,9.49
2027,1948,436,10.84
2661,2660,436,6.97
3859,3858,436,6.96
3939,3858,436,8.57
5551,5470,436,8.57
4469,4550,436,8.58
2741,2660,436,8.58
5896,5977,436,8.58
5880,5960,436,3.69
3330,3250,436,1.11
3735,3656,436,1.26
3329,3250,436,1.27
4470,4471,437,11.17
5897,5898,437,11.17
1478,1398,437,9.5
4310,4231,437,12.76
3220,3219,437,6.97
4663,4662,437,6.96
4744,4824,437,6.96
3300,3219,437,8.58
6128,6209,437,8.57
4069,3990,437,12.77
4745,4824,437,6.45
4583,4662,437,6.45
4785,4864,437,6.45
6129,6209,437,6.96
5962,6042,437,3.69
2263,2182,437,5.01
4230,4231,437,11.15
1732,1652,438,11.15
1732,1733,438,11.15
1973,1974,438,11.17
2214,2215,438,11.18
1566,1486,438,11.18
1649,1569,438,11.16
2294,2215,438,12.77
1812,1733,438,12.75
1731,1652,438,12.75
2053,1974,438,12.78
1648,1569,438,12.76
1565,1486,438,12.77
2661,2580,438,8.58
3859,3778,438,8.57
4502,4501,438,6.95
2372,2451,438,6.44
2581,2580,438,6.96
3779,3778,438,6.96
6126,6205,438,6.45
1635,1555,438,9.49
4422,4501,438,6.45
1480,1400,439,9.49
1479,1400,439,10.85
3140,3139,439,6.96
6130,6210,439,6.96
3220,3139,439,8.58
4068,3987,439,8.57
4261,4340,439,6.45
6129,6210,439,8.57
5655,5576,439,3.39
4341,4340,439,6.95
4150,4151,440,11.16
4391,4392,440,11.16
1483,1403,440,11.16
2261,2181,440,11.18
5897,5818,440,12.78
2501,2500,440,6.96
3699,3698,440,6.96
4180,4179,440,6.95
1792,1711,440,7.28
4100,4179,440,6.45
2581,2500,440,8.58
5634,5714,440,4.06
3779,3698,440,8.58
1634,1554,440,9.48
3988,3908,440,11.17
4230,4151,440,12.75
1567,1487,441,11.17
4866,4867,441,11.17
1893,1894,441,11.16
1650,1570,441,11.15
2134,2135,441,11.18
1732,1653,441,12.75
1973,1894,441,12.77
2214,2135,441,12.78
1566,1487,441,12.78
1649,1570,441,12.76
3060,3059,441,6.96
4019,4018,441,6.96
5631,5711,441,6.96
5631,5630,441,6.96
6131,6211,441,6.96
4786,4867,441,8.57
3140,3059,441,8.58
6130,6211,441,8.57
3939,4018,441,6.45
5551,5630,441,6.45
1556,1476,441,9.49
5069,5149,441,4.06
1712,1632,442,9.48
1481,1401,442,9.48
1480,1401,442,10.85
3619,3618,442,6.96
2421,2420,442,6.96
2501,2420,442,8.58
3699,3618,442,8.58
2373,2454,442,8.56
2103,2023,442,9.49
1713,1632,442,7.28
2027,1946,442,7.28
5797,5877,442,5.17
5798,5877,442,4.8
4988,5067,442,3.76
4707,4788,442,8.57
4787,4788,442,11.16
4708,4709,443,11.17
4070,4071,443,11.16
6135,6136,443,11.17
2374,2375,443,11.17
4311,4312,443,11.16
1482,1402,443,9.48
4150,4071,443,12.76
4391,4312,443,12.76
1483,1404,443,12.76
6132,6212,443,6.96
1870,1790,443,6.51
2294,2375,443,8.57
3060,2979,443,8.58
4628,4709,443,8.58
5631,5712,443,8.57
6131,6212,443,8.57
1484,1404,443,11.17
6055,6136,443,8.58
3988,3909,443,12.77
3989,3909,443,11.17
5311,5310,443,4.06
2054,2055,444,11.18
1651,1571,444,11.16
4629,4630,444,11.18
1813,1814,444,11.17
6056,6057,444,11.17
2295,2296,444,11.18
1477,1397,444,9.49
1947,1867,444,9.48
1567,1488,444,12.77
1893,1814,444,12.76
1650,1571,444,12.75
2134,2055,444,12.78
3539,3538,444,6.96
1633,1553,444,9.48
4743,4823,444,6.95
4743,4742,444,6.95
3619,3538,444,8.58
2421,2340,444,8.57
4549,4630,444,8.58
5976,6057,444,8.58
4663,4742,444,6.45
4744,4823,444,6.45
2341,2340,444,6.97
1485,1405,444,11.17
4987,4986,444,4.06
1950,1869,444,7.27
5716,5795,444,4.8
1568,1488,444,11.16
4907,4986,444,3.76
5470,5390,445,11.16
2024,1944,445,9.5
4582,4581,445,6.95
4865,4945,445,6.96
6133,6213,445,6.96
5977,5978,445,11.18
4470,4551,445,8.57
5897,5978,445,8.58
6132,6213,445,8.57
4825,4905,445,6.95
4550,4551,445,11.17
4502,4581,445,6.45
4826,4905,445,6.44
5231,5230,445,4.06
5898,5899,446,11.17
3990,3910,446,11.16
3990,3991,446,11.16
4471,4472,446,11.16
4070,3991,446,12.76
4311,4232,446,12.76
3459,3458,446,6.96
2261,2260,446,6.96
3539,3458,446,8.58
5633,5713,446,4.06
2341,2260,446,8.59
4421,4420,446,6.95
3989,3910,446,12.77
4341,4420,446,6.44
4231,4232,446,11.17
5493,5414,446,3.39
2215,2216,447,11.19
1974,1975,447,11.17
1652,1572,447,11.16
1733,1734,447,11.17
1399,1319,447,9.49
1948,1868,447,9.48
2054,1975,447,12.78
1651,1572,447,12.76
1813,1734,447,12.77
2295,2216,447,12.78
1947,1868,447,10.84
4866,4946,447,6.96
4260,4259,447,6.95
2900,2899,447,5.92
4865,4946,447,8.57
6133,6214,447,8.57
1569,1489,447,11.16
4180,4259,447,6.45
1486,1406,447,11.18
1485,1406,447,12.77
5254,5255,447,2.96
1568,1489,447,12.75
5574,5495,447,3.39
5494,5495,447,2.97
1398,1318,448,9.5
3379,3378,448,6.96
4099,4098,448,6.96
3459,3378,448,8.58
2024,1945,448,10.86
2261,2180,448,8.58
4019,4098,448,6.45
5631,5710,448,6.45
2103,2102,448,5.91
5879,5959,448,3.69
3988,3907,448,8.57
5736,5737,448,2.97
4392,4393,449,11.16
3908,3828,449,11.16
5898,5819,449,12.77
3990,3911,449,12.76
3938,3937,449,6.96
6135,6215,449,6.96
4866,4947,449,8.58
1555,1475,449,9.49
4151,4152,449,11.17
4231,4152,449,12.77
2820,2819,449,5.92
1653,1573,450,11.16
1653,1654,450,11.16
1894,1895,450,11.17
2135,2136,450,11.17
1487,1407,450,11.17
1400,1320,450,9.5
2215,2136,450,12.79
1974,1895,450,12.77
1652,1573,450,12.76
1733,1654,450,12.77
1570,1490,450,11.15
1399,1320,450,10.85
3299,3298,450,6.96
3379,3298,450,8.58
5878,5958,450,5.18
1569,1490,450,12.76
6208,6288,450,6.96
1486,1407,450,12.78
4867,4868,450,11.17
4787,4868,450,8.57
5015,5096,450,2.27
4788,4789,451,11.17
1403,1323,451,9.49
1554,1474,451,9.48
1711,1631,451,9.48
5470,5469,451,6.95
2660,2659,451,6.97
3938,3857,451,8.57
4708,4789,451,8.57
6135,6216,451,8.57
2374,2455,451,8.57
1712,1631,451,7.27
4743,4822,451,6.45
3858,3857,451,6.96
2103,2022,451,7.28
2740,2739,451,5.91
5962,6041,451,3.43
4312,4313,452,11.16
2375,2376,452,11.18
3909,3829,452,11.16
4709,4710,452,11.17
1404,1324,452,11.18
6136,6137,452,11.17
1476,1396,452,9.49
4392,4313,452,12.76
3908,3829,452,12.76
4864,4944,452,6.95
4662,4661,452,6.95
3219,3218,452,6.96
6209,6289,452,6.96
4824,4904,452,6.96
3299,3218,452,8.58
4629,4710,452,8.58
6056,6137,452,8.58
2295,2376,452,8.58
4582,4661,452,6.45
4865,4944,452,6.46
6208,6289,452,8.57
5797,5876,452,4.8
4825,4904,452,6.45
6044,6123,452,3.43
4071,4072,452,11.17
4151,4072,452,12.77
1814,1815,453,11.17
1571,1491,453,11.15
2296,2297,453,11.18
2055,2056,453,11.17
6057,6058,453,11.18
4630,4631,453,11.18
1405,1325,453,11.18
1401,1321,453,9.49
1653,1574,453,12.76
1894,1815,453,12.77
2135,2056,453,12.77
1487,1408,453,12.77
1400,1321,453,10.86
3778,3777,453,6.96
1570,1491,453,12.75
1632,1552,453,9.47
5470,5389,453,8.57
2660,2579,453,8.58
1947,1866,453,7.28
2023,1943,453,9.49
1633,1552,453,7.28
5977,6058,453,8.58
3858,3777,453,8.57
4501,4500,453,6.95
6124,6204,453,3.69
2580,2579,453,6.96
4550,4631,453,8.58
4421,4500,453,6.45
1488,1408,453,11.16
5978,5979,454,11.18
1402,1322,454,9.49
1790,1710,454,9.48
3139,3138,454,6.96
6210,6290,454,6.96
5898,5979,454,8.57
3219,3138,454,8.58
6209,6290,454,8.57
4471,4552,454,8.57
1791,1710,454,7.28
4260,4339,454,6.45
5068,5148,454,4.06
4551,4552,454,11.17
5069,5148,454,3.77
4340,4339,454,6.95
4472,4473,455,11.16
3991,3992,455,11.16
3910,3830,455,11.16
4232,4233,455,11.16
1553,1473,455,9.48
5899,5900,455,11.16
1397,1317,455,9.5
1867,1787,455,9.48
4312,4233,455,12.76
3909,3830,455,12.76
3698,3697,455,6.96
4179,4178,455,6.96
2500,2499,455,6.96
3778,3697,455,8.57
4099,4178,455,6.45
2580,2499,455,8.58
5016,5017,455,2.96
4936,5017,455,2.27
4071,3992,455,12.77
5494,5415,455,3.39
1975,1976,456,11.17
2216,2217,456,11.17
1734,1735,456,11.17
1814,1735,456,12.77
1571,1492,456,12.75
2296,2217,456,12.78
2055,1976,456,12.77
1405,1326,456,12.78
3059,3058,456,6.96
6211,6291,456,6.96
5630,5629,456,6.96
4018,4017,456,6.96
2181,2101,456,6.52
3139,3058,456,8.58
6210,6291,456,8.57
3938,4017,456,6.45
1406,1326,456,11.18
1870,1789,456,5
1489,1409,456,11.17
1572,1492,456,11.15
5736,5657,456,3.39
1488,1409,456,12.76
3907,3827,457,11.17
3618,3617,457,6.96
3698,3617,457,8.57
3908,3827,457,8.57
2500,2419,457,8.58
2420,2419,457,6.95
6208,6287,457,6.45
4987,5066,457,3.76
3412,3413,457,1.11
3492,3413,457,1.27
4393,4394,458,11.16
3828,3748,458,11.16
3911,3831,458,11.17
3911,3912,458,11.17
4947,4948,458,11.17
4152,4153,458,11.16
1319,1239,458,9.49
1868,1788,458,9.47
3991,3912,458,12.76
3910,3831,458,12.76
4232,4153,458,12.76
5899,5820,458,12.75
1867,1788,458,10.83
6212,6292,458,6.96
3059,2978,458,8.58
6211,6292,458,8.57
5630,5549,458,8.57
5470,5549,458,6.45
4867,4948,458,8.57
3331,3251,458,1.11
2923,2924,458,1.11
3330,3251,458,1.27
1895,1896,459,11.17
1407,1327,459,11.17
2136,2137,459,11.16
1318,1238,459,9.49
1975,1896,459,12.77
2216,2137,459,12.77
1734,1655,459,12.77
2340,2339,459,6.96
4742,4741,459,6.94
3538,3537,459,6.96
1945,1865,459,9.48
3618,3537,459,8.57
4788,4869,459,8.57
4864,4943,459,6.45
4662,4741,459,6.45
4824,4903,459,6.45
1406,1327,459,12.79
2420,2339,459,8.57
4868,4869,459,11.17
6206,6286,459,3.69
1490,1410,459,11.16
1573,1493,459,11.16
1489,1410,459,12.77
1572,1493,459,12.75
1654,1655,459,11.16
3818,3739,459,1.26
2455,2456,460,11.15
4789,4790,460,11.17
1475,1395,460,9.49
4945,5025,460,6.96
4581,4580,460,6.96
6213,6293,460,6.96
6212,6293,460,8.57
2375,2456,460,8.58
4709,4790,460,8.58
6136,6217,460,8.57
1711,1630,460,7.28
5878,5957,460,4.8
4501,4580,460,6.45
4905,4985,460,6.95
6137,6138,461,11.17
4710,4711,461,11.18
4313,4314,461,11.16
3829,3749,461,11.17
1320,1240,461,9.5
4393,4314,461,12.76
3828,3749,461,12.76
3911,3832,461,12.77
4152,4073,461,12.76
1319,1240,461,10.85
2260,2259,461,6.97
2376,2377,461,11.19
3458,3457,461,6.96
2340,2259,461,8.58
2296,2377,461,8.58
6057,6138,461,8.58
3538,3457,461,8.57
4630,4711,461,8.58
4420,4419,461,6.96
4340,4419,461,6.45
4072,4073,461,11.16
2843,2844,461,1.11
6058,6059,462,11.18
2056,2057,462,11.16
2297,2298,462,11.17
1815,1816,462,11.17
1323,1243,462,9.5
1895,1816,462,12.77
1407,1328,462,12.78
2136,2057,462,12.76
1631,1551,462,9.47
4946,5026,462,6.96
4631,4632,462,11.17
4945,5026,462,8.57
5978,6059,462,8.58
6213,6294,462,8.57
1474,1394,462,9.49
4179,4258,462,6.45
4259,4258,462,6.96
1632,1551,462,7.27
2023,1942,462,7.29
5334,5335,462,2.96
1574,1494,462,11.16
1574,1575,462,11.16
4551,4632,462,8.57
1491,1411,462,11.16
1490,1411,462,12.76
1573,1494,462,12.76
1654,1575,462,12.76
1408,1328,462,11.17
4552,4553,463,11.16
5979,5980,463,11.16
1324,1244,463,9.49
1396,1316,463,9.5
4098,4097,463,6.96
5710,5790,463,6.95
5710,5709,463,6.95
3907,3906,463,6.96
2260,2179,463,8.59
3458,3377,463,8.58
4472,4553,463,8.57
5899,5980,463,8.56
3378,3377,463,6.96
1790,1709,463,7.28
2979,2898,463,7.29
5630,5709,463,6.45
4018,4097,463,6.45
4233,4234,464,11.16
3830,3750,464,11.17
4473,4474,464,11.16
1321,1241,464,9.49
1552,1472,464,9.47
1866,1786,464,9.48
1325,1245,464,9.49
4313,4234,464,12.76
3829,3750,464,12.77
1320,1241,464,10.86
3937,3936,464,6.96
4947,5027,464,6.96
2180,2100,464,6.53
4946,5027,464,8.58
1553,1472,464,7.28
1867,1786,464,7.27
5960,6040,464,3.69
5796,5875,464,4.79
4072,3993,464,12.76
3992,3993,464,11.16
2763,2764,464,1.11
5900,5901,464,11.16
1735,1736,465,11.16
2217,2218,465,11.16
1976,1977,465,11.16
1322,1242,465,9.49
2056,1977,465,12.76
2297,2218,465,12.77
1815,1736,465,12.77
6288,6368,465,6.96
5710,5791,465,8.56
3907,3826,465,8.57
3298,3297,465,6.96
3378,3297,465,8.58
1326,1246,465,11.19
5714,5794,465,4.06
6042,6122,465,3.7
1492,1412,465,11.16
1574,1495,465,12.76
1409,1329,465,11.17
1491,1412,465,12.76
1408,1329,465,12.77
3827,3747,466,11.17
1787,1707,466,9.47
1317,1237,466,9.49
1473,1393,466,9.48
4822,4902,466,6.94
4822,4821,466,6.94
2455,2535,466,6.95
5469,5468,466,6.95
3828,3747,466,8.57
3937,3856,466,8.57
2819,2818,466,5.92
4947,5028,466,8.57
4742,4821,466,6.44
6205,6285,466,3.69
5149,5229,466,4.06
3857,3856,466,6.96
5175,5176,466,2.96
4153,4154,467,11.17
4948,4949,467,11.17
4394,4395,467,11.16
3831,3751,467,11.18
3748,3668,467,11.17
3912,3913,467,11.17
4233,4154,467,12.76
3830,3751,467,12.77
4944,5024,467,6.96
4661,4660,467,6.95
6289,6369,467,6.96
6288,6369,467,8.57
3218,3217,467,6.96
3298,3217,467,8.58
4945,5024,467,6.46
4581,4660,467,6.45
5067,5147,467,4.06
5820,5740,467,11.16
5820,5821,467,11.16
5068,5147,467,3.77
6124,6203,467,3.43
4868,4949,467,8.58
4905,4984,467,6.45
4904,4984,467,6.95
3992,3913,467,12.76
5900,5821,467,12.76
1493,1413,468,11.17
1327,1247,468,11.18
1410,1330,468,11.16
2137,2138,468,11.15
1896,1897,468,11.16
1735,1656,468,12.76
2217,2138,468,12.76
1976,1897,468,12.76
2579,2578,468,6.96
3777,3776,468,6.96
4500,4499,468,6.96
2455,2536,468,8.56
4789,4870,468,8.57
5469,5388,468,8.57
2659,2658,468,5.91
1326,1247,468,12.79
5712,5792,468,4.06
1945,1864,468,7.28
1492,1413,468,12.76
4420,4499,468,6.45
3857,3776,468,8.57
4869,4870,468,11.17
1409,1330,468,12.77
5310,5309,468,4.06
2739,2738,468,5.91
1655,1656,468,11.15
6217,6218,469,11.17
4790,4791,469,11.18
1239,1159,469,9.5
1787,1708,469,10.83
6290,6370,469,6.96
4339,4338,469,6.96
3138,3137,469,6.96
6137,6218,469,8.58
4710,4791,469,8.58
6289,6370,469,8.57
3218,3137,469,8.58
2376,2457,469,8.59
2456,2457,469,11.18
4259,4338,469,6.45
1788,1708,469,9.47
2377,2378,470,11.17
4314,4315,470,11.16
4073,4074,470,11.17
6138,6139,470,11.18
3832,3752,470,11.18
3832,3833,470,11.18
3749,3669,470,11.17
4711,4712,470,11.17
1238,1158,470,9.49
4153,4074,470,12.77
4394,4315,470,12.76
3831,3752,470,12.78
3748,3669,470,12.77
3912,3833,470,12.77
3697,3696,470,6.96
4178,4177,470,6.96
2499,2498,470,6.96
6058,6139,470,8.58
2579,2498,470,8.58
3777,3696,470,8.57
2297,2378,470,8.57
1865,1785,470,9.48
4098,4177,470,6.45
5710,5789,470,6.45
3907,3986,470,6.45
4631,4712,470,8.58
5820,5741,470,12.76
3736,3657,470,1.27
1494,1414,471,11.16
1411,1331,471,11.16
2057,2058,471,11.15
6059,6060,471,11.17
2298,2299,471,11.16
1816,1817,471,11.16
1395,1315,471,9.49
1575,1576,471,11.16
1493,1414,471,12.77
1327,1248,471,12.78
1410,1331,471,12.76
2137,2058,471,12.75
1896,1817,471,12.76
6291,6371,471,6.96
5629,5628,471,6.96
4017,4016,471,6.96
3058,3057,471,6.96
4552,4633,471,8.57
6290,6371,471,8.57
5979,6060,471,8.57
3138,3057,471,8.58
1630,1550,471,9.5
3937,4016,471,6.45
1631,1550,471,7.27
5713,5793,471,4.06
4632,4633,471,11.17
1655,1576,471,12.75
1328,1248,471,11.16
5980,5981,472,11.16
4553,4554,472,11.16
1240,1160,472,9.5
1239,1160,472,10.86
3617,3616,472,6.96
2101,2021,472,6.52
4473,4554,472,8.57
3697,3616,472,8.57
2499,2418,472,8.58
6288,6367,472,6.45
5877,5956,472,4.8
6287,6367,472,6.96
5575,5496,472,3.39
2419,2418,472,6.96
5900,5981,472,8.57
3750,3670,473,11.17
4234,4235,473,11.16
4474,4475,473,11.16
1394,1314,473,9.5
1551,1471,473,9.46
1243,1163,473,9.49
4314,4235,473,12.76
4073,3994,473,12.77
3832,3753,473,12.78
3749,3670,473,12.77
6292,6372,473,6.96
2978,2977,473,6.96
5549,5548,473,6.96
6291,6372,473,8.57
5629,5548,473,8.58
3058,2977,473,8.58
1552,1471,473,7.27
4822,4901,473,6.44
2455,2534,473,6.45
5469,5548,473,6.45
3993,3994,473,11.17
5901,5902,473,11.16
5817,5738,473,3.39
5576,5577,473,2.96
5656,5577,473,3.39
1736,1737,474,11.16
1977,1978,474,11.18
1412,1332,474,11.16
2218,2219,474,11.17
3826,3746,474,11.16
2179,2099,474,9.49
1244,1164,474,9.49
1316,1236,474,9.49
1494,1415,474,12.76
1411,1332,474,12.76
2057,1978,474,12.75
2298,2219,474,12.76
1816,1737,474,12.76
1575,1496,474,12.76
1495,1415,474,11.16
1495,1496,474,11.16
4741,4740,474,6.94
3617,3536,474,8.57
3827,3746,474,8.57
1710,1629,474,7.29
4944,5023,474,6.46
4661,4740,474,6.44
3537,3536,474,6.96
1329,1249,474,11.17
2419,2338,474,8.57
4904,4983,474,6.45
1709,1629,474,9.48
1328,1249,474,12.76
3747,3667,475,11.17
1241,1161,475,9.5
1245,1165,475,9.5
1240,1161,475,10.86
6217,6297,475,6.96
6293,6373,475,6.96
5025,5105,475,6.96
4948,5029,475,8.57
6292,6373,475,8.57
2978,2897,475,8.58
3748,3667,475,8.57
1787,1706,475,7.27
1473,1392,475,7.28
4500,4579,475,6.45
5820,5739,475,8.57
4949,4950,476,11.17
4154,4155,476,11.17
3751,3671,476,11.18
3913,3914,476,11.18
3668,3588,476,11.18
4395,4396,476,11.17
1242,1162,476,9.49
5740,5660,476,11.17
3750,3671,476,12.77
4234,4155,476,12.76
3457,3456,476,6.96
5821,5822,476,11.17
1246,1166,476,9.5
4339,4418,476,6.45
3537,3456,476,8.57
5959,6039,476,3.7
4419,4418,476,6.96
4869,4950,476,8.57
3993,3914,476,12.77
5901,5822,476,12.76
1897,1898,477,11.18
2536,2537,477,11.15
5388,5308,477,11.16
1330,1250,477,11.15
2138,2139,477,11.15
1413,1333,477,11.17
1707,1627,477,9.48
1237,1157,477,9.48
1736,1657,477,12.76
1977,1898,477,12.78
1412,1333,477,12.76
2218,2139,477,12.77
6217,6298,477,8.57
6293,6374,477,8.57
4790,4871,477,8.58
1495,1416,477,12.76
5025,5106,477,8.57
5026,5106,477,6.96
4178,4257,477,6.45
1393,1313,477,9.48
4258,4257,477,6.96
2456,2537,477,8.58
1329,1250,477,12.77
4870,4871,477,11.18
1656,1657,477,11.16
2528,2529,477,1.1
2457,2458,478,11.18
4791,4792,478,11.18
6218,6219,478,11.17
3906,3905,478,6.96
3377,3376,478,6.96
4097,4096,478,6.96
1942,1862,478,6.53
2377,2458,478,8.57
6138,6219,478,8.58
2259,2258,478,5.91
4711,4792,478,8.58
3457,3376,478,8.58
5629,5708,478,6.46
4017,4096,478,6.45
5958,6038,478,3.69
5709,5708,478,6.95
2449,2450,478,1.1
3669,3589,479,11.17
4315,4316,479,11.17
2378,2379,479,11.16
3752,3672,479,11.18
6139,6140,479,11.18
3833,3834,479,11.19
1864,1784,479,9.49
5741,5661,479,11.17
5741,5742,479,11.17
4154,4075,479,12.77
3751,3672,479,12.78
3913,3834,479,12.78
3668,3589,479,12.78
4395,4316,479,12.77
4712,4713,479,11.17
5740,5661,479,12.77
3936,3935,479,6.96
6059,6140,479,8.58
2298,2379,479,8.57
5027,5107,479,6.96
5821,5742,479,12.77
5026,5107,479,8.58
1246,1167,479,10.86
5148,5228,479,4.06
1865,1784,479,7.28
6041,6121,479,3.69
4632,4713,479,8.57
6287,6366,479,6.45
4074,4075,479,11.17
6042,6121,479,3.43
1247,1167,479,9.48
5149,5228,479,3.77
3412,3333,479,1.27
4633,4634,480,11.16
1331,1251,480,11.16
1817,1818,480,11.17
6060,6061,480,11.17
2058,2059,480,11.15
2299,2300,480,11.16
1159,1079,480,9.49
1897,1818,480,12.78
1330,1251,480,12.75
2138,2059,480,12.75
1413,1334,480,12.77
1414,1334,480,11.16
1707,1628,480,10.84
3297,3296,480,6.97
3826,3825,480,6.95
2100,2020,480,6.52
3906,3825,480,8.58
3377,3296,480,8.58
2179,2178,480,5.92
5980,6061,480,8.57
4553,4634,480,8.57
5957,6037,480,5.17
1576,1577,480,11.17
2022,1941,480,5.01
1630,1549,480,7.29
5067,5146,480,3.77
6205,6284,480,3.42
1656,1577,480,12.76
3332,3252,480,1.11
4144,4064,480,1.1
3164,3165,480,1.1
1708,1628,480,9.48
3331,3252,480,1.26
4554,4555,481,11.16
5981,5982,481,11.16
1158,1078,481,9.49
5468,5467,481,6.96
4474,4555,481,8.57
3936,3855,481,8.57
1942,1863,481,7.46
5027,5108,481,8.57
4741,4820,481,6.44
5255,5256,481,2.96
3856,3855,481,6.96
5901,5982,481,8.57
5576,5497,481,3.39
3670,3590,482,11.17
4235,4236,482,11.17
3753,3673,482,11.18
3753,3754,482,11.18
1550,1470,482,9.47
1315,1235,482,9.48
3669,3590,482,12.77
4315,4236,482,12.77
3752,3673,482,12.78
3833,3754,482,12.79
5741,5662,482,12.78
3217,3216,482,6.96
5024,5104,482,6.96
3297,3216,482,8.58
3826,3745,482,8.57
1551,1470,482,7.26
6217,6296,482,6.45
5025,5104,482,6.45
5066,5065,482,4.06
4986,5065,482,3.76
4074,3995,482,12.77
1247,1168,482,10.84
5902,5903,482,11.17
4475,4476,482,11.17
5795,5874,482,3.76
3994,3995,482,11.17
1248,1168,482,9.48
1737,1738,483,11.17
2219,2220,483,11.17
1332,1252,483,11.16
1978,1979,483,11.18
1160,1080,483,9.5
1331,1252,483,12.76
1817,1738,483,12.77
2058,1979,483,12.75
2299,2220,483,12.76
1159,1080,483,10.85
2536,2616,483,6.95
5388,5387,483,6.96
3776,3775,483,6.95
1496,1497,483,11.17
1414,1335,483,12.76
5468,5387,483,8.58
3747,3666,483,8.57
2818,2817,483,5.91
2179,2098,483,7.29
2898,2817,483,7.28
1415,1335,483,11.16
1576,1497,483,12.77
1249,1169,483,11.16
4419,4498,483,6.46
3856,3775,483,8.57
3084,3085,483,1.11
3654,3574,483,1.11
4145,4065,483,1.11
3653,3574,483,1.26
3667,3587,484,11.17
1314,1234,484,9.49
1163,1083,484,9.49
4338,4337,484,6.96
3137,3136,484,6.96
4949,5030,484,8.57
3217,3136,484,8.58
3668,3587,484,8.58
5740,5659,484,8.58
5096,5097,484,2.96
4258,4337,484,6.46
5016,5097,484,2.28
3671,3591,485,11.18
4155,4156,485,11.17
3914,3915,485,11.19
1164,1084,485,9.5
5660,5580,485,11.18
1236,1156,485,9.48
3670,3591,485,12.77
4235,4156,485,12.77
3753,3674,485,12.78
3696,3695,485,6.95
2536,2617,485,8.56
5388,5307,485,8.57
3776,3695,485,8.57
2578,2577,485,5.91
2498,2497,485,6.96
4177,4176,485,6.96
3906,3985,485,6.46
4097,4176,485,6.45
5822,5823,485,11.17
3588,3508,485,11.17
2658,2657,485,5.91
4396,4397,485,11.17
5902,5823,485,12.77
5709,5788,485,6.44
4870,4951,485,8.58
3994,3915,485,12.77
2738,2737,485,5.91
5789,5869,485,6.95
5789,5788,485,6.95
2608,2609,485,1.1
2537,2538,486,11.15
1250,1170,486,11.15
1898,1899,486,11.17
2139,2140,486,11.15
1165,1085,486,9.49
1706,1626,486,9.48
1333,1253,486,11.16
1737,1658,486,12.77
2219,2140,486,12.77
1332,1253,486,12.76
1978,1899,486,12.78
1160,1081,486,10.86
3057,3056,486,6.96
4016,4015,486,6.96
5628,5627,486,6.96
2457,2538,486,8.59
4791,4872,486,8.58
3137,3056,486,8.57
6218,6299,486,8.58
1496,1417,486,12.77
1416,1336,486,11.16
1416,1417,486,11.16
1707,1626,486,7.28
3936,4015,486,6.45
1161,1081,486,9.49
1415,1336,486,12.76
1393,1312,486,7.28
1249,1170,486,12.76
4938,5018,486,1.85
1657,1658,486,11.17
4146,4066,486,1.11
4871,4872,486,11.18
4792,4793,487,11.17
6219,6220,487,11.17
2458,2459,487,11.19
3616,3615,487,6.96
2378,2459,487,8.57
3696,3615,487,8.57
6139,6220,487,8.58
1162,1082,487,9.49
2498,2417,487,8.58
1166,1086,487,9.5
4712,4793,487,8.57
2418,2417,487,6.96
5789,5870,487,8.56
3672,3592,488,11.17
3834,3835,488,11.18
2379,2380,488,11.15
4316,4317,488,11.17
6140,6141,488,11.17
1313,1233,488,9.48
1157,1077,488,9.49
3671,3592,488,12.78
4155,4076,488,12.77
3914,3835,488,12.79
5661,5581,488,11.18
5660,5581,488,12.78
5548,5547,488,6.97
2977,2976,488,6.96
4633,4714,488,8.57
3057,2976,488,8.57
5628,5547,488,8.58
6060,6141,488,8.57
2299,2380,488,8.57
1864,1783,488,7.28
5742,5743,488,11.17
5468,5547,488,6.46
5822,5743,488,12.77
3589,3509,488,11.17
3588,3509,488,12.77
1627,1547,488,9.49
4075,4076,488,11.17
4396,4317,488,12.77
4713,4714,488,11.16
1818,1819,489,11.16
1251,1171,489,11.16
1577,1578,489,11.17
6061,6062,489,11.16
2059,2060,489,11.16
2300,2301,489,11.17
1250,1171,489,12.75
1898,1819,489,12.77
2139,2060,489,12.75
1333,1254,489,12.76
5023,5103,489,6.96
5023,5022,489,6.96
1471,1391,489,6.51
3616,3535,489,8.57
4554,4635,489,8.57
5981,6062,489,8.57
1416,1337,489,12.76
5024,5103,489,6.46
5875,5955,489,4.06
5415,5416,489,2.96
3536,3535,489,6.96
2418,2337,489,8.57
4634,4635,489,11.16
1657,1578,489,12.77
3820,3740,489,1.1
5495,5416,489,3.39
5982,5983,490,11.17
1784,1704,490,9.5
5105,5185,490,6.96
2099,2019,490,6.52
2977,2896,490,8.58
2536,2615,490,6.44
1166,1087,490,10.86
5791,5871,490,4.06
5957,6036,490,4.79
4555,4556,490,11.17
5657,5658,490,2.96
5902,5983,490,8.57
4475,4556,490,8.57
5737,5658,490,3.39
1167,1087,490,9.49
3590,3510,491,11.17
4236,4237,491,11.17
3995,3996,491,11.17
3673,3593,491,11.16
3754,3755,491,11.17
1549,1469,491,9.47
1079,999,491,9.5
3672,3593,491,12.77
3834,3755,491,12.78
4316,4237,491,12.77
3456,3455,491,6.96
5661,5582,491,12.78
5023,4942,491,8.58
1550,1469,491,7.27
4338,4417,491,6.46
5742,5663,491,12.78
1942,1861,491,5.01
3589,3510,491,12.77
5662,5582,491,11.17
5662,5663,491,11.17
5903,5904,491,11.17
4476,4477,491,11.17
1628,1548,491,9.5
4418,4417,491,6.96
3536,3455,491,8.57
1627,1548,491,10.85
4075,3996,491,12.77
3821,3741,491,1.11
1979,1980,492,11.18
2220,2221,492,11.17
1078,998,492,9.49
1818,1739,492,12.76
1251,1172,492,12.76
1577,1498,492,12.77
2059,1980,492,12.76
2300,2221,492,12.77
1497,1498,492,11.17
1252,1172,492,11.16
1169,1089,492,11.16
5106,5186,492,6.96
4257,4256,492,6.96
5105,5186,492,8.58
1706,1705,492,5.91
3667,3586,492,8.58
5147,5227,492,4.06
1738,1739,492,11.18
6040,6120,492,3.69
4177,4256,492,6.45
5148,5227,492,3.77
5789,5868,492,6.44
3587,3507,493,11.17
1470,1390,493,9.47
1235,1155,493,9.49
3376,3375,493,6.96
4096,4095,493,6.96
5708,5707,493,6.95
3456,3375,493,8.57
5660,5579,493,8.58
4016,4095,493,6.45
5628,5707,493,6.46
6122,6202,493,3.69
3588,3507,493,8.58
5792,5872,493,4.06
1168,1088,493,9.48
1167,1088,493,10.85
3508,3428,494,11.18
4156,4157,494,11.17
2617,2618,494,11.14
3674,3594,494,11.16
3674,3675,494,11.16
5823,5824,494,11.17
3915,3916,494,11.18
1080,1000,494,9.49
3590,3511,494,12.77
4236,4157,494,12.77
3591,3511,494,11.17
3995,3916,494,12.77
3673,3594,494,12.76
3754,3675,494,12.77
1079,1000,494,10.86
5580,5500,494,11.17
1862,1782,494,6.52
5106,5187,494,8.58
2537,2618,494,8.56
2338,2257,494,7.27
6285,6365,494,3.69
5662,5583,494,12.77
5903,5824,494,12.77
3935,3934,494,6.95
4397,4398,494,11.17
4938,5019,494,2.28
4871,4952,494,8.58
2538,2539,495,11.16
2140,2141,495,11.16
1234,1154,495,9.48
1979,1900,495,12.79
2220,2141,495,12.77
3296,3295,495,6.96
1497,1418,495,12.77
1252,1173,495,12.76
4792,4873,495,8.58
1169,1090,495,12.76
3376,3295,495,8.57
6219,6300,495,8.58
2458,2539,495,8.59
2897,2816,495,7.28
1706,1625,495,7.28
1738,1659,495,12.78
1253,1173,495,11.17
6203,6283,495,3.69
5066,5145,495,3.76
1417,1418,495,11.17
6204,6283,495,3.42
1336,1256,495,11.17
4872,4873,495,11.17
1658,1659,495,11.17
1899,1900,495,11.17
1083,1003,495,9.49
2459,2460,496,11.19
6220,6221,496,11.17
5467,5466,496,6.96
2020,1940,496,6.52
2379,2460,496,8.56
6140,6221,496,8.58
5023,5102,496,6.46
4793,4794,496,11.17
5793,5873,496,4.06
1156,1076,496,9.49
3935,3854,496,8.57
5335,5336,496,2.96
3855,3854,496,6.96
4820,4900,496,6.96
4820,4819,496,6.96
4713,4794,496,8.57
1084,1004,496,9.5
2380,2381,497,11.15
3835,3836,497,11.17
6141,6142,497,11.17
4317,4318,497,11.17
3508,3429,497,12.78
4156,4077,497,12.77
3674,3595,497,12.76
5823,5744,497,12.77
3915,3836,497,12.78
1080,1001,497,10.86
5104,5184,497,6.96
3591,3512,497,12.77
3216,3215,497,6.96
2178,2177,497,5.91
3296,3215,497,8.58
6061,6142,497,8.57
2300,2381,497,8.57
5580,5501,497,12.77
1313,1232,497,7.28
5105,5184,497,6.46
3592,3512,497,11.16
5581,5501,497,11.16
5743,5744,497,11.17
3509,3429,497,11.17
1627,1546,497,7.29
4714,4715,497,11.16
4076,4077,497,11.17
4397,4318,497,12.77
1081,1001,497,9.49
1626,1546,497,9.49
1085,1005,497,9.49
4634,4715,497,8.56
2604,2685,497,0.85
1578,1579,498,11.16
1337,1257,498,11.17
1337,1338,498,11.17
6062,6063,498,11.17
2060,2061,498,11.17
2301,2302,498,11.16
2140,2061,498,12.76
5387,5386,498,6.96
2616,2696,498,6.95
5467,5386,498,8.58
5982,6063,498,8.57
4635,4636,498,11.16
1253,1174,498,12.77
1417,1338,498,12.77
4418,4497,498,6.46
4555,4636,498,8.57
1086,1006,498,9.5
1336,1257,498,12.77
5657,5578,498,3.39
3855,3774,498,8.57
4820,4739,498,8.57
1082,1002,498,9.49
1658,1579,498,12.77
1819,1820,498,11.17
1899,1820,498,12.77
1233,1153,499,9.48
1077,997,499,9.5
3136,3135,499,6.96
4337,4336,499,6.95
4556,4557,499,11.17
2098,2018,499,6.52
3216,3135,499,8.58
1784,1703,499,7.29
4257,4336,499,6.45
1783,1703,499,9.5
1547,1467,499,9.47
5903,5984,499,8.57
4476,4557,499,8.57
3247,3167,499,1.11
5983,5984,499,11.17
3755,3756,500,11.17
3996,3997,500,11.17
4237,4238,500,11.17
5904,5905,500,11.17
3835,3756,500,12.77
4317,4238,500,12.77
5788,5787,500,6.95
2617,2697,500,6.94
5387,5306,500,8.58
2616,2697,500,8.56
2178,2097,500,7.29
1549,1468,500,7.27
1391,1311,500,9.47
4096,4175,500,6.45
5708,5787,500,6.44
3593,3513,500,11.16
3592,3513,500,12.76
4176,4175,500,6.96
5176,5177,500,2.96
5581,5502,500,12.76
4477,4478,500,11.17
5743,5664,500,12.78
5582,5502,500,11.16
3510,3430,500,11.17
3509,3430,500,12.77
5663,5664,500,11.17
4076,3997,500,12.77
6037,6117,500,5.17
1980,1981,501,11.18
1498,1499,501,11.16
1089,1009,501,11.17
1578,1499,501,12.76
1337,1258,501,12.77
2060,1981,501,12.77
2301,2222,501,12.76
3056,3055,501,6.96
5627,5626,501,6.95
3136,3055,501,8.58
3587,3506,501,8.57
4015,4014,501,6.95
2221,2222,501,11.16
3935,4014,501,6.45
1087,1007,501,9.48
1086,1007,501,10.86
1739,1740,501,11.19
1819,1740,501,12.77
3507,3427,502,11.17
3508,3427,502,8.58
3615,3614,502,6.96
2617,2698,502,8.55
2577,2576,502,5.91
1470,1389,502,7.27
1469,1389,502,9.48
5579,5499,502,11.17
5580,5499,502,8.58
5875,5954,502,3.76
2657,2656,502,5.91
5956,6035,502,4.79
2497,2496,502,5.91
3983,3984,502,1.11
3332,3253,502,1.27
3248,3168,502,1.11
2737,2736,502,5.91
3675,3676,503,11.16
2618,2619,503,11.15
5824,5825,503,11.17
3428,3348,503,11.18
3916,3917,503,11.17
3755,3676,503,12.77
3996,3917,503,12.77
4237,4158,503,12.77
5904,5825,503,12.77
2976,2975,503,6.96
5547,5546,503,6.96
3056,2975,503,8.57
3594,3514,503,11.16
2538,2619,503,8.57
5627,5546,503,8.57
5467,5546,503,6.46
3593,3514,503,12.76
4952,4953,503,11.17
4157,4158,503,11.17
5582,5503,503,12.76
3511,3431,503,11.16
5500,5420,503,11.16
3510,3431,503,12.77
5663,5584,503,12.77
1336,1255,503,8.57
4820,4899,503,6.45
4398,4399,503,11.17
4872,4953,503,8.58
6037,6118,503,6.37
1418,1419,504,11.16
1256,1176,504,11.19
6300,6301,504,11.17
2539,2540,504,11.16
1980,1901,504,12.78
1498,1419,504,12.76
1089,1010,504,12.77
1155,1075,504,9.5
5103,5183,504,6.96
2459,2540,504,8.59
6220,6301,504,8.58
3615,3534,504,8.57
2141,2142,504,11.16
5104,5183,504,6.46
2221,2142,504,12.76
1900,1901,504,11.17
6039,6119,504,3.69
4793,4874,504,8.58
1088,1008,504,9.47
1087,1008,504,10.84
2417,2416,504,5.91
4873,4874,504,11.18
3535,3534,504,6.96
1659,1660,504,11.17
1739,1660,504,12.79
3903,3904,504,1.11
3822,3742,504,1.11
3737,3658,504,1.26
6221,6222,505,11.17
2460,2461,505,11.18
2380,2461,505,8.56
2976,2895,505,8.58
6141,6222,505,8.57
1000,920,505,9.5
2616,2695,505,6.44
5146,5226,505,4.06
5147,5226,505,3.77
1782,1702,505,9.49
4794,4795,505,11.17
4714,4795,505,8.57
3249,3169,505,1.11
3655,3575,505,1.11
3004,3005,505,1.1
3084,3005,505,1.26
3654,3575,505,1.27
4318,4319,506,11.17
3429,3349,506,11.17
3512,3432,506,11.16
3836,3837,506,11.16
3595,3515,506,11.17
3595,3596,506,11.17
3675,3596,506,12.77
5824,5745,506,12.77
3428,3349,506,12.78
3916,3837,506,12.77
1003,923,506,9.5
3455,3454,506,6.96
6142,6143,506,11.17
2019,1939,506,6.52
2337,2336,506,5.91
6062,6143,506,8.57
2301,2382,506,8.57
3594,3515,506,12.76
2381,2382,506,11.16
4337,4416,506,6.45
4715,4716,506,11.16
4157,4078,506,12.77
5744,5745,506,11.17
4635,4716,506,8.57
4417,4416,506,6.95
3511,3432,506,12.76
5500,5421,506,12.76
4077,4078,506,11.17
3535,3454,506,8.57
4398,4319,506,12.77
1154,1074,506,9.48
1626,1545,506,7.29
1257,1177,507,11.18
5578,5498,507,11.17
1579,1580,507,11.15
1820,1821,507,11.18
2302,2303,507,11.16
3774,3694,507,11.16
1338,1339,507,11.16
1076,996,507,9.5
1004,924,507,9.51
1418,1339,507,12.76
1256,1177,507,12.79
4636,4637,507,11.17
1940,1860,507,9.48
4256,4255,507,6.95
5788,5867,507,6.44
2061,2062,507,11.17
4556,4637,507,8.57
2141,2062,507,12.76
6063,6064,507,11.17
1900,1821,507,12.77
1861,1781,507,6.52
6121,6201,507,3.69
1862,1781,507,5.01
4176,4255,507,6.45
6122,6201,507,3.42
4739,4659,507,11.18
1659,1580,507,12.77
3246,3166,507,1.11
5065,5064,507,4.06
5983,6064,507,8.57
4557,4558,508,11.17
3375,3374,508,6.96
5707,5706,508,6.95
4095,4094,508,6.95
3455,3374,508,8.57
5904,5985,508,8.57
1233,1152,508,7.28
5627,5706,508,6.45
1000,921,508,10.86
4015,4094,508,6.45
1001,921,508,9.5
1005,925,508,9.49
6285,6364,508,3.42
1547,1466,508,7.27
4477,4558,508,8.57
6284,6364,508,3.69
5984,5985,508,11.17
3513,3433,509,11.17
3430,3350,509,11.18
3997,3998,509,11.17
3756,3757,509,11.16
4318,4239,509,12.77
3429,3350,509,12.77
3512,3433,509,12.76
3836,3757,509,12.76
3595,3516,509,12.77
3934,3933,509,6.95
4478,4479,509,11.17
1390,1310,509,6.51
4238,4239,509,11.17
1002,922,509,9.49
2337,2256,509,7.28
5905,5906,509,11.17
1391,1310,509,7.27
4952,5032,509,6.96
5744,5665,509,12.77
1006,926,509,9.49
6203,6282,509,3.42
4077,3998,509,12.77
5664,5665,509,11.17
2222,2223,510,11.16
1258,1178,510,11.17
1258,1259,510,11.17
1499,1500,510,11.16
1740,1741,510,11.18
1467,1387,510,9.47
997,917,510,9.5
1257,1178,510,12.78
1579,1500,510,12.75
1820,1741,510,12.78
2302,2223,510,12.76
1338,1259,510,12.76
3295,3294,510,6.96
6300,6380,510,6.96
3375,3294,510,8.57
3507,3426,510,8.57
1981,1982,510,11.18
2896,2815,510,7.28
2061,1982,510,12.77
1153,1073,510,9.48
6037,6116,510,4.8
6036,6116,510,5.17
2698,2699,511,11.16
3427,3347,511,11.18
5102,5182,511,6.96
5102,5101,511,6.96
3854,3853,511,6.96
5466,5465,511,6.96
3934,3853,511,8.56
2618,2699,511,8.56
3428,3347,511,8.58
5103,5182,511,6.45
1469,1388,511,7.27
4900,4980,511,6.96
4952,5033,511,8.58
5499,5419,511,11.17
5500,5419,511,8.57
1468,1388,511,9.47
4819,4818,511,6.97
5420,5340,512,11.16
3348,3268,512,11.16
3917,3918,512,11.16
5825,5826,512,11.17
3514,3434,512,11.17
3431,3351,512,11.17
2619,2620,512,11.15
4953,4954,512,11.18
3513,3434,512,12.77
3430,3351,512,12.78
3997,3918,512,12.77
3676,3677,512,11.16
3756,3677,512,12.76
3215,3214,512,6.96
5184,5264,512,6.96
3295,3214,512,8.57
1256,1175,512,8.59
6300,6381,512,8.57
2539,2620,512,8.57
4238,4159,512,12.77
2098,2017,512,5.01
5870,5950,512,4.06
5905,5826,512,12.77
1006,927,512,10.85
4158,4159,512,11.17
1007,927,512,9.48
4873,4954,512,8.58
5664,5585,512,12.77
4399,4400,512,11.17
2540,2541,513,11.17
1660,1661,513,11.18
2142,2143,513,11.18
1419,1420,513,11.16
2222,2143,513,12.76
1258,1179,513,12.77
1499,1420,513,12.76
1740,1661,513,12.78
997,918,513,10.86
3774,3773,513,6.95
2696,2776,513,6.95
5102,5021,513,8.57
3854,3773,513,8.57
5466,5385,513,8.58
6221,6302,513,8.57
2460,2541,513,8.59
1981,1902,513,12.78
5386,5385,513,6.96
5869,5949,513,3.69
4900,4981,513,8.58
1901,1902,513,11.18
1389,1309,513,9.48
4417,4496,513,6.45
4739,4738,513,6.96
4874,4875,513,11.17
4794,4875,513,8.57
4819,4738,513,8.59
3135,3134,514,6.96
2177,2176,514,5.91
3215,3134,514,8.58
5184,5265,514,8.57
4336,4335,514,6.95
2257,2176,514,7.28
2461,2462,514,11.18
4256,4335,514,6.45
6142,6223,514,8.57
2381,2462,514,8.57
1000,919,514,7.29
4715,4796,514,8.57
4795,4796,514,11.16
1782,1701,514,7.28
5496,5417,514,3.39
3515,3435,515,11.17
3349,3269,515,11.17
2382,2383,515,11.16
3837,3838,515,11.17
5745,5746,515,11.17
4078,4079,515,11.16
3432,3352,515,11.17
5420,5341,515,12.75
3348,3269,515,12.76
3917,3838,515,12.76
5825,5746,515,12.77
3514,3435,515,12.77
3431,3352,515,12.77
1075,995,515,9.5
3596,3597,515,11.17
2697,2777,515,6.95
2018,1938,515,6.52
3676,3597,515,12.76
2302,2383,515,8.57
3774,3693,515,8.57
4319,4320,515,11.17
2696,2777,515,8.57
5707,5786,515,6.44
4636,4717,515,8.57
4095,4174,515,6.45
5871,5951,515,4.05
2816,2735,515,7.28
5306,5305,515,6.95
1312,1231,515,5
5386,5305,515,8.58
6063,6144,515,8.57
4716,4717,515,11.17
4175,4174,515,6.95
5256,5257,515,2.96
1008,928,515,9.48
4739,4658,515,8.58
4158,4079,515,12.77
1007,928,515,10.84
4399,4320,515,12.77
6064,6065,516,11.17
2062,2063,516,11.19
1339,1340,516,11.17
1821,1822,516,11.18
1580,1581,516,11.16
1660,1581,516,12.78
2142,2063,516,12.78
1419,1340,516,12.76
4014,4013,516,6.95
3055,3054,516,6.96
4557,4638,516,8.57
3135,3054,516,8.58
3934,4013,516,6.45
1940,1859,516,7.28
5626,5625,516,6.95
4637,4638,516,11.17
5498,5418,516,11.17
4952,5031,516,6.46
1901,1822,516,12.78
2303,2304,516,11.16
5984,6065,516,8.57
2698,2778,517,6.95
1074,994,517,9.49
2697,2778,517,8.56
2177,2096,517,7.28
6300,6379,517,6.45
4478,4559,517,8.57
5306,5225,517,8.57
4558,4559,517,11.17
5905,5986,517,8.57
3433,3353,518,11.18
4239,4240,518,11.17
3350,3270,518,11.17
4479,4480,518,11.17
3998,3999,518,11.16
5665,5666,518,11.17
3757,3758,518,11.16
3515,3436,518,12.77
3349,3270,518,12.77
3837,3758,518,12.77
5745,5666,518,12.77
4078,3999,518,12.76
3432,3353,518,12.78
5546,5545,518,6.96
4899,4979,518,6.97
4899,4898,518,6.97
996,916,518,9.5
3596,3517,518,12.77
3055,2974,518,8.58
4319,4240,518,12.77
5102,5181,518,6.45
5466,5545,518,6.46
3516,3436,518,11.16
3516,3517,518,11.16
5872,5952,518,4.06
5626,5545,518,8.57
5097,5098,518,2.96
4900,4979,518,6.46
1008,929,518,10.84
5017,5098,518,2.28
4819,4898,518,6.46
1500,1501,519,11.17
1259,1260,519,11.16
3426,3346,519,11.17
1982,1983,519,11.19
2062,1983,519,12.79
1339,1260,519,12.77
1821,1742,519,12.78
1580,1501,519,12.76
5183,5263,519,6.96
2698,2779,519,8.57
3427,3346,519,8.59
1467,1386,519,7.27
5184,5263,519,6.45
1741,1742,519,11.19
2496,2495,519,5.91
2576,2575,519,5.91
2303,2224,519,12.76
2223,2224,519,11.17
5955,6034,519,4.79
3534,3533,519,6.96
1153,1072,519,7.28
2656,2655,519,5.91
1152,1072,519,9.48
5419,5339,520,11.16
3347,3267,520,11.16
5420,5339,520,8.56
3348,3267,520,8.57
2619,2700,520,8.56
4953,5034,520,8.58
926,846,520,9.49
2696,2775,520,6.45
2695,2775,520,6.96
2695,2694,520,6.96
2699,2700,520,11.16
5868,5948,520,3.69
6120,6200,520,3.69
1861,1780,520,5.01
5874,5953,520,3.77
5065,5144,520,3.76
5145,5144,520,4.06
6036,6115,520,4.8
3351,3271,521,11.17
5826,5827,521,11.17
3434,3354,521,11.17
4159,4160,521,11.17
5585,5505,521,11.17
5585,5586,521,11.17
3918,3919,521,11.16
3677,3678,521,11.16
3268,3188,521,11.17
1387,1307,521,9.48
3433,3354,521,12.78
4239,4160,521,12.77
3350,3271,521,12.77
3998,3919,521,12.76
5665,5586,521,12.77
3757,3678,521,12.76
3454,3453,521,6.96
2540,2621,521,8.57
2620,2621,521,11.16
1073,993,521,9.48
3516,3437,521,12.76
4336,4415,521,6.45
4416,4415,521,6.95
2416,2415,521,5.91
4874,4955,521,8.58
3534,3453,521,8.57
4902,4982,521,1.85
4954,4955,521,11.17
1902,1903,522,11.19
1420,1421,522,11.16
1179,1099,522,11.17
1179,1180,522,11.17
1388,1308,522,9.48
1500,1421,522,12.77
1259,1180,522,12.76
1982,1903,522,12.79
4255,4254,522,6.95
2541,2542,522,11.18
2695,2614,522,8.57
2461,2542,522,8.58
5867,5947,522,6.95
5867,5866,522,6.95
2895,2894,522,5.91
4175,4254,522,6.45
1661,1662,522,11.18
4795,4876,522,8.57
1741,1662,522,12.79
1389,1308,522,7.28
4875,4876,522,11.16
6284,6363,522,3.42
2223,2144,522,12.77
2143,2144,522,11.18
2462,2463,523,11.17
927,847,523,9.49
3374,3373,523,6.96
2382,2463,523,8.57
3454,3373,523,8.57
4014,4093,523,6.45
4796,4797,523,11.17
926,847,523,10.85
5706,5705,523,6.95
5417,5337,523,11.17
5626,5705,523,6.45
4716,4797,523,8.57
4094,4093,523,6.95
2336,2335,523,5.91
4658,4578,524,11.18
4079,4080,524,11.17
4717,4718,524,11.17
5746,5747,524,11.17
3435,3355,524,11.17
3838,3839,524,11.16
3269,3189,524,11.16
3352,3272,524,11.16
3597,3598,524,11.16
3351,3272,524,12.77
5826,5747,524,12.77
3434,3355,524,12.77
4159,4080,524,12.77
5585,5506,524,12.77
3918,3839,524,12.76
3677,3598,524,12.76
3268,3189,524,12.77
6064,6145,524,8.57
4659,4578,524,8.58
1309,1229,524,9.49
4637,4718,524,8.57
1704,1624,524,2.97
2303,2384,524,8.57
2383,2384,524,11.16
2304,2305,525,11.16
1340,1341,525,11.16
2063,2064,525,11.18
4638,4639,525,11.17
1822,1823,525,11.18
1902,1823,525,12.79
1420,1341,525,12.76
1179,1100,525,12.77
3294,3293,525,6.96
3426,3425,525,6.96
3374,3293,525,8.57
4899,4978,525,6.46
2895,2814,525,7.28
4558,4639,525,8.57
1310,1230,525,6.52
1581,1582,525,11.15
1661,1582,525,12.78
1152,1151,525,5.9
2143,2064,525,12.78
4559,4560,526,11.17
995,915,526,9.5
927,848,526,10.84
5465,5464,526,6.96
5182,5262,526,6.96
4479,4560,526,8.57
5183,5262,526,6.45
2256,2255,526,5.91
5417,5338,526,12.77
4980,5060,526,6.96
2336,2255,526,7.28
3534,3613,526,6.45
3493,3494,526,1.11
3823,3743,526,1.11
3823,3824,526,1.11
3903,3824,526,1.26
3822,3743,526,1.26
3270,3190,527,11.16
3758,3759,527,11.15
5666,5667,527,11.17
3353,3273,527,11.15
3999,4000,527,11.17
4079,4000,527,12.77
5746,5667,527,12.77
3435,3356,527,12.77
3838,3759,527,12.76
3269,3190,527,12.76
3352,3273,527,12.76
3597,3518,527,12.76
3214,3213,527,6.96
3294,3213,527,8.58
3426,3345,527,8.57
1781,1700,527,7.29
2695,2774,527,6.45
3517,3518,527,11.16
3436,3356,527,11.16
3656,3576,527,1.11
3250,3170,527,1.11
3249,3170,527,1.27
3655,3576,527,1.27
3004,2925,527,1.26
1742,1743,528,11.18
1260,1261,528,11.15
2224,2225,528,11.17
2779,2780,528,11.16
1501,1502,528,11.16
3346,3266,528,11.15
1983,1984,528,11.18
2096,2016,528,9.48
994,914,528,9.5
2304,2225,528,12.76
1340,1261,528,12.76
2063,1984,528,12.78
1822,1743,528,12.78
5385,5384,528,6.97
2017,1937,528,6.52
5465,5384,528,8.57
3347,3266,528,8.57
6117,6197,528,3.7
2018,1937,528,5
2699,2780,528,8.57
4980,5061,528,8.58
4981,5061,528,6.96
1581,1502,528,12.75
4416,4495,528,6.45
4738,4737,528,6.97
2776,2856,528,6.95
1152,1071,528,7.27
3267,3187,529,11.17
2700,2701,529,11.16
5339,5259,529,11.16
916,836,529,9.49
5826,5907,529,8.57
5585,5504,529,8.57
3214,3133,529,8.57
3268,3187,529,8.57
3134,3133,529,6.96
4255,4334,529,6.45
926,845,529,7.29
2620,2701,529,8.57
2256,2175,529,7.28
5867,5946,529,6.45
4335,4334,529,6.95
4983,5063,529,1.85
4954,5035,529,8.58
3437,3357,530,11.16
3437,3438,530,11.16
4955,4956,530,11.17
3271,3191,530,11.16
3188,3108,530,11.17
3919,3920,530,11.17
3678,3679,530,11.16
3354,3274,530,11.16
1386,1306,530,9.48
3270,3191,530,12.76
3758,3679,530,12.75
5666,5587,530,12.77
3353,3274,530,12.75
3999,3920,530,12.77
4658,4657,530,6.97
5385,5304,530,8.59
1179,1098,530,8.57
1387,1306,530,7.28
2815,2734,530,7.28
6116,6196,530,5.17
2541,2622,530,8.58
1073,992,530,7.28
5706,5785,530,6.45
2621,2622,530,11.16
3517,3438,530,12.76
3436,3357,530,12.76
4981,5062,530,8.57
4174,4173,530,6.95
4094,4173,530,6.45
4875,4956,530,8.57
4738,4657,530,8.59
2776,2857,530,8.57
2777,2857,530,6.94
1421,1422,531,11.16
1903,1904,531,11.17
1662,1663,531,11.17
1180,1181,531,11.16
1742,1663,531,12.78
1260,1181,531,12.75
2224,2145,531,12.77
1501,1422,531,12.76
1983,1904,531,12.78
4013,4012,531,6.95
5625,5624,531,6.95
2542,2543,531,11.18
2462,2543,531,8.57
3134,3053,531,8.57
4796,4877,531,8.57
1938,1858,531,6.52
2144,2145,531,11.19
4876,4877,531,11.17
6118,6198,531,3.69
1307,1227,532,9.48
5339,5260,532,12.76
916,837,532,10.85
2778,2858,532,6.95
1859,1779,532,6.52
4658,4577,532,8.58
4717,4798,532,8.57
3426,3505,532,6.45
6035,6114,532,4.79
6119,6199,532,3.69
4797,4798,532,11.17
2383,2464,532,8.57
2777,2858,532,8.56
5954,6033,532,4.79
2463,2464,532,11.16
3839,3840,533,11.17
3355,3275,533,11.16
4718,4719,533,11.17
3272,3192,533,11.15
3598,3599,533,11.16
3189,3109,533,11.17
2384,2385,533,11.16
3437,3358,533,12.76
3271,3192,533,12.76
3188,3109,533,12.77
3919,3840,533,12.77
3678,3599,533,12.76
3354,3275,533,12.76
5181,5261,533,6.96
5181,5180,533,6.96
5545,5544,533,6.95
4898,4897,533,6.97
2304,2385,533,8.57
1308,1228,533,9.48
4013,3932,533,8.57
5625,5544,533,8.56
4638,4719,533,8.58
5465,5544,533,6.45
5182,5261,533,6.45
4979,5059,533,6.97
1309,1228,533,7.29
1703,1623,533,2.97
4980,5059,533,6.46
5145,5224,533,3.77
1823,1824,534,11.17
1341,1342,534,11.16
2305,2306,534,11.16
4639,4640,534,11.17
1421,1342,534,12.76
1903,1824,534,12.77
1662,1583,534,12.77
1180,1101,534,12.76
2779,2859,534,6.96
2096,2095,534,5.91
2778,2859,534,8.56
4559,4640,534,8.58
2176,2095,534,7.28
2144,2065,534,12.79
5177,5178,534,2.96
1582,1583,534,11.15
2064,2065,534,11.18
5181,5100,535,8.57
4898,4817,535,8.59
6201,6281,535,3.69
2974,2973,535,5.91
2735,2654,535,7.28
6202,6281,535,3.42
1231,1150,535,7.27
4738,4817,535,6.47
2776,2855,535,6.45
2775,2855,535,6.95
3273,3193,536,11.15
3759,3760,536,11.17
3190,3110,536,11.16
3345,3265,536,11.15
3839,3760,536,12.77
3355,3276,536,12.76
3272,3193,536,12.75
3598,3519,536,12.76
3189,3110,536,12.77
3453,3452,536,6.96
1386,1385,536,5.91
2779,2860,536,8.57
3346,3265,536,8.56
3518,3519,536,11.16
3356,3276,536,11.16
2495,2494,536,5.9
4335,4414,536,6.45
4415,4414,536,6.95
2575,2574,536,5.91
3266,3186,537,11.16
1984,1985,537,11.16
2780,2781,537,11.16
1743,1744,537,11.16
2225,2226,537,11.17
915,835,537,9.49
1823,1744,537,12.77
1261,1262,537,11.16
1341,1262,537,12.76
2305,2226,537,12.76
5947,6027,537,6.96
3267,3186,537,8.57
2700,2781,537,8.57
5339,5258,537,8.57
2096,2015,537,7.28
994,913,537,7.29
6282,6362,537,3.69
1502,1503,537,11.16
4174,4253,537,6.45
4254,4253,537,6.95
1582,1503,537,12.75
6283,6362,537,3.42
2064,1985,537,12.79
3187,3107,538,11.16
1700,1620,538,9.49
5259,5179,538,11.17
4093,4092,538,6.95
3373,3372,538,6.96
2701,2702,538,11.15
4955,5036,538,8.57
3188,3107,538,8.57
3453,3372,538,8.57
4013,4092,538,6.45
5625,5704,538,6.44
2974,2893,538,7.28
2621,2702,538,8.57
2415,2414,538,5.91
3738,3659,538,1.26
2607,2687,538,0.69
2622,2623,539,11.16
3274,3194,539,11.17
3679,3680,539,11.17
3191,3111,539,11.16
3108,3028,539,11.17
914,834,539,9.5
3273,3194,539,12.75
3759,3680,539,12.77
3190,3111,539,12.76
5947,6028,539,8.57
1386,1305,539,7.28
2542,2623,539,8.58
3518,3439,539,12.75
3356,3277,539,12.76
3438,3439,539,11.16
1702,1622,539,2.97
4876,4957,539,8.57
3357,3277,539,11.17
4956,4957,539,11.17
920,840,539,2.97
1904,1905,540,11.16
1663,1664,540,11.17
2145,2146,540,11.19
1984,1905,540,12.76
1743,1664,540,12.76
2225,2146,540,12.77
1181,1182,540,11.17
1261,1182,540,12.75
3425,3424,540,6.95
3293,3292,540,6.96
1229,1149,540,6.52
3373,3292,540,8.57
1780,1699,540,7.29
4898,4977,540,6.47
5950,6030,540,3.69
6115,6195,540,5.17
4979,5058,540,6.46
6116,6195,540,4.8
923,843,540,2.97
1545,1465,540,2.96
4877,4878,540,11.17
1422,1423,540,11.16
4797,4878,540,8.57
1502,1423,540,12.76
2335,2334,540,5.91
2463,2544,540,8.57
2543,2544,540,11.17
2608,2688,540,0.69
1306,1226,541,9.49
1700,1621,541,10.86
5464,5463,541,6.95
4718,4799,541,8.58
2384,2465,541,8.57
1307,1226,541,7.28
4798,4799,541,11.17
5949,6029,541,3.69
2017,1936,541,5.01
924,844,541,2.97
2464,2465,541,11.16
3109,3029,542,11.17
3599,3600,542,11.17
3192,3112,542,11.16
3358,3278,542,11.17
3358,3359,542,11.17
2385,2386,542,11.15
4719,4720,542,11.17
3274,3195,542,12.77
3679,3600,542,12.77
3191,3112,542,12.76
3108,3029,542,12.77
3213,3212,542,6.96
3345,3344,542,6.95
3425,3344,542,8.57
3293,3212,542,8.57
2305,2386,542,8.57
4639,4720,542,8.58
2814,2813,542,5.91
3275,3195,542,11.16
2894,2813,542,7.28
3438,3359,542,12.76
3357,3278,542,12.77
921,841,542,2.96
2775,2854,542,6.45
1101,1021,543,11.18
1101,1102,543,11.18
2306,2307,543,11.18
1824,1825,543,11.17
1583,1584,543,11.16
1904,1825,543,12.76
1663,1584,543,12.77
2145,2066,543,12.79
2856,2936,543,6.95
5384,5383,543,6.96
1181,1102,543,12.77
5464,5383,543,8.56
3453,3532,543,6.45
5951,6031,543,3.69
922,842,543,2.96
5061,5141,543,6.96
1342,1343,543,11.15
2255,2254,543,5.91
1422,1343,543,12.76
4415,4494,543,6.45
2335,2254,543,7.28
4495,4575,543,6.95
4495,4494,543,6.95
2065,2066,543,11.17
1937,1857,544,6.52
3213,3132,544,8.58
3345,3264,544,8.56
5947,6026,544,6.45
1071,991,544,6.51
3133,3132,544,6.96
1938,1857,544,5.01
4254,4333,544,6.45
4334,4333,544,6.95
2606,2686,544,0.69
3110,3030,545,11.16
3193,3113,545,11.16
3519,3520,545,11.16
2860,2861,545,11.16
3276,3196,545,11.17
3265,3185,545,11.16
3109,3030,545,12.77
3599,3520,545,12.77
3192,3113,545,12.76
3358,3279,545,12.77
4173,4172,545,6.95
5304,5303,545,6.96
3266,3185,545,8.57
2856,2937,545,8.56
2780,2861,545,8.57
5384,5303,545,8.58
2814,2733,545,7.28
4093,4172,545,6.45
3275,3196,545,12.76
1859,1778,545,5.01
2857,2937,545,6.94
5061,5142,545,8.57
4657,4656,545,6.96
4495,4576,545,8.57
1262,1263,546,11.16
3186,3106,546,11.17
2226,2227,546,11.17
1503,1504,546,11.16
1744,1745,546,11.16
1985,1986,546,11.16
2781,2782,546,11.15
1101,1022,546,12.78
2306,2227,546,12.78
1824,1745,546,12.77
1583,1504,546,12.76
5624,5623,546,6.96
3187,3106,546,8.57
2701,2782,546,8.56
4012,4011,546,6.95
5952,6032,546,3.69
3133,3052,546,8.58
2175,2174,546,5.91
1342,1263,546,12.75
2255,2174,546,7.28
2065,1986,546,12.77
3107,3027,547,11.16
2622,2703,547,8.57
5304,5223,547,8.58
3108,3027,547,8.58
1700,1619,547,7.29
3425,3504,547,6.45
3505,3585,547,6.95
3505,3504,547,6.95
2702,2703,547,11.16
2857,2938,547,8.55
918,838,547,2.97
4956,5037,547,8.57
3028,2948,548,11.17
2623,2624,548,11.16
3111,3031,548,11.16
3277,3197,548,11.17
3110,3031,548,12.76
3193,3114,548,12.76
3519,3440,548,12.76
3276,3197,548,12.77
3194,3114,548,11.17
5544,5543,548,6.95
2015,1935,548,9.48
1227,1147,548,6.52
5624,5543,548,8.57
4897,4896,548,6.96
914,833,548,7.29
6197,6277,548,5.18
5464,5543,548,6.45
4012,3931,548,8.57
6200,6280,548,3.69
3439,3440,548,11.16
919,839,548,2.97
4877,4958,548,8.57
4957,4958,548,11.17
3413,3414,548,1.11
3493,3414,548,1.27
3823,3744,548,1.26
2543,2624,548,8.58
1423,1424,549,11.16
1905,1906,549,11.18
1664,1665,549,11.16
1182,1183,549,11.17
4878,4879,549,11.17
2146,2147,549,11.18
1262,1183,549,12.76
2226,2147,549,12.77
1503,1424,549,12.76
1744,1665,549,12.76
1985,1906,549,12.76
2859,2939,549,6.94
4798,4879,549,8.58
1228,1148,549,6.52
2175,2094,549,7.28
2464,2545,549,8.57
5018,5099,549,2.28
2544,2545,549,11.17
3251,3171,549,1.11
3656,3577,549,1.27
3250,3171,549,1.27
2465,2466,550,11.15
4799,4800,550,11.18
1305,1225,550,9.48
834,754,550,9.5
5224,5143,550,8.57
2385,2466,550,8.56
4719,4800,550,8.58
4897,4816,550,8.58
1306,1225,550,7.28
6196,6276,550,5.17
2856,2935,550,6.44
2734,2653,550,7.28
6115,6194,550,4.8
5061,5140,550,6.45
5866,5865,550,3.69
2855,2935,550,6.95
4495,4574,550,6.45
3029,2949,551,11.16
3112,3032,551,11.17
3359,3360,551,11.16
3278,3198,551,11.17
2386,2387,551,11.16
3028,2949,551,12.77
3111,3032,551,12.76
3277,3198,551,12.77
2860,2940,551,6.95
3452,3451,551,6.96
1150,1070,551,6.51
3194,3115,551,12.77
1101,1020,551,8.58
2859,2940,551,8.55
2306,2387,551,8.58
6197,6278,551,6.38
4414,4413,551,6.96
3439,3360,551,12.76
3195,3115,551,11.17
6282,6361,551,3.43
3053,2972,551,7.29
4334,4413,551,6.45
1825,1826,552,11.17
1343,1344,552,11.15
2307,2308,552,11.17
1584,1585,552,11.16
1423,1344,552,12.76
1905,1826,552,12.78
1664,1585,552,12.76
1182,1103,552,12.77
2146,2067,552,12.78
4253,4252,552,6.95
1779,1698,552,7.29
6033,6113,552,5.17
4173,4252,552,6.45
1102,1103,552,11.18
6114,6113,552,5.18
4657,4736,552,6.46
2844,2845,552,1.11
2066,2067,552,11.17
834,755,553,10.86
3372,3371,553,6.96
2860,2941,553,8.57
3452,3371,553,8.57
3265,3184,553,8.57
5624,5703,553,6.45
3264,3184,553,11.16
4012,4091,553,6.45
2494,2493,553,5.91
4092,4091,553,6.95
6294,6295,553,1.11
2574,2573,553,5.91
3030,2950,554,11.16
3196,3116,554,11.18
3113,3033,554,11.18
3279,3199,554,11.16
3279,3280,554,11.16
3185,3105,554,11.16
3029,2950,554,12.76
3112,3033,554,12.77
3359,3280,554,12.76
3278,3199,554,12.77
3186,3105,554,8.57
2781,2862,554,8.56
2015,2014,554,5.91
2861,2862,554,11.16
6028,6108,554,6.97
3505,3584,554,6.45
2095,2014,554,7.28
3195,3116,554,12.77
846,766,554,2.97
2449,2530,554,0.85
1504,1505,555,11.16
2227,2228,555,11.18
3106,3026,555,11.16
1745,1746,555,11.17
1263,1264,555,11.16
1986,1987,555,11.17
1825,1746,555,12.78
1343,1264,555,12.75
2307,2228,555,12.77
1584,1505,555,12.76
3424,3423,555,6.95
4977,5057,555,6.96
4977,4976,555,6.96
3292,3291,555,6.96
2893,2892,555,5.91
3372,3291,555,8.57
3107,3026,555,8.57
2973,2892,555,7.29
4897,4976,555,6.46
1102,1023,555,12.78
2782,2783,555,11.16
2702,2783,555,8.57
2414,2413,555,5.9
2764,2765,555,1.11
2066,1987,555,12.77
3027,2947,556,11.16
5037,5038,556,11.17
5463,5462,556,6.95
1149,1069,556,6.52
1305,1304,556,5.91
3028,2947,556,8.57
2623,2704,556,8.57
6028,6109,556,8.58
6029,6109,556,6.97
2703,2704,556,11.16
4957,5038,556,8.57
2948,2868,557,11.16
3031,2951,557,11.17
3197,3117,557,11.18
3030,2951,557,12.76
3196,3117,557,12.78
3113,3034,557,12.78
3279,3200,557,12.76
3344,3343,557,6.94
3212,3211,557,6.96
1226,1146,557,6.52
1936,1856,557,6.52
3424,3343,557,8.57
2334,2333,557,5.91
4878,4959,557,8.58
3292,3211,557,8.57
2015,1934,557,7.28
1937,1856,557,5.01
3114,3034,557,11.18
1071,990,557,5
5946,5945,557,3.69
2855,2934,557,6.45
2624,2625,557,11.17
4958,4959,557,11.17
2854,2934,557,6.95
2854,2853,557,6.95
2544,2625,557,8.57
1183,1184,558,11.17
1665,1666,558,11.17
1906,1907,558,11.17
1424,1425,558,11.17
2545,2546,558,11.16
1619,1539,558,9.5
1504,1425,558,12.76
2227,2148,558,12.78
1745,1666,558,12.77
4879,4880,558,11.18
1263,1184,558,12.76
1986,1907,558,12.77
5383,5382,558,6.96
5463,5382,558,8.56
2465,2546,558,8.56
4799,4880,558,8.58
2147,2148,558,11.18
2893,2812,558,7.28
3452,3531,558,6.45
2936,3016,558,6.95
4414,4493,558,6.45
5785,5784,558,3.69
1624,1544,558,2.97
5141,5221,558,6.97
6029,6110,558,8.59
4494,4493,558,6.96
4575,4655,558,6.96
1625,1544,558,2.28
3132,3131,559,6.96
3344,3263,559,8.55
3212,3131,559,8.58
2386,2467,559,8.57
2466,2467,559,11.16
1305,1224,559,7.28
834,753,559,7.29
4253,4332,559,6.45
6026,6106,559,6.96
6026,6025,559,6.96
3264,3263,559,6.95
2854,2773,559,8.57
4333,4332,559,6.95
3032,2952,560,11.18
2948,2869,560,12.76
3031,2952,560,12.77
3197,3118,560,12.78
5303,5302,560,6.96
4172,4171,560,6.95
1857,1777,560,6.52
2307,2388,560,8.57
5383,5302,560,8.57
2949,2869,560,11.16
6195,6275,560,5.17
2334,2253,560,7.28
2387,2388,560,11.17
1699,1618,560,7.29
2936,3017,560,8.56
1858,1777,560,5.01
6196,6275,560,4.8
3114,3035,560,12.78
6199,6279,560,3.69
5141,5222,560,8.58
4092,4171,560,6.45
3198,3118,560,11.18
2254,2253,560,5.91
3115,3035,560,11.17
1585,1586,561,11.16
1103,1104,561,11.17
1344,1345,561,11.16
1826,1827,561,11.16
1183,1104,561,12.77
1665,1586,561,12.77
1906,1827,561,12.77
1424,1345,561,12.77
1619,1540,561,10.86
754,674,561,9.5
5623,5622,561,6.97
3132,3051,561,8.58
1225,1145,561,9.48
2308,2309,561,11.17
2147,2068,561,12.78
6026,6107,561,8.58
6028,6107,561,6.46
3264,3183,561,8.56
3052,3051,561,6.97
2067,2068,561,11.18
2608,2689,561,0.85
2941,2942,562,11.16
3184,3104,562,11.17
3504,3503,562,6.96
5037,5117,562,6.96
3185,3104,562,8.57
3424,3503,562,6.45
2813,2732,562,7.28
4977,5056,562,6.46
2861,2942,562,8.57
6033,6112,562,4.79
2733,2732,562,5.91
846,767,562,3.39
6114,6193,562,4.8
3105,3025,563,11.16
2862,2863,563,11.16
3032,2953,563,12.78
4896,4895,563,6.97
5543,5542,563,6.96
3106,3025,563,8.57
5623,5542,563,8.59
2174,2173,563,5.91
5463,5542,563,6.45
2949,2870,563,12.76
2950,2870,563,11.16
2782,2863,563,8.57
836,756,563,2.96
845,765,563,2.97
3199,3119,563,11.17
3052,2971,563,8.58
3033,2953,563,11.17
3198,3119,563,12.78
3116,3036,563,11.18
2254,2173,563,7.28
3115,3036,563,12.78
1264,1265,564,11.17
2228,2229,564,11.19
3026,2946,564,11.16
1987,1988,564,11.17
1746,1747,564,11.15
1585,1506,564,12.76
1103,1024,564,12.77
1344,1265,564,12.76
1826,1747,564,12.76
1935,1855,564,6.52
1147,1067,564,6.52
3027,2946,564,8.57
5037,5118,564,8.57
754,675,564,10.86
2308,2229,564,12.77
992,912,564,2.96
2783,2784,564,11.16
2703,2784,564,8.57
1505,1506,564,11.16
2854,2933,564,6.45
2067,1988,564,12.78
2947,2867,565,11.16
5038,5039,565,11.17
2935,3015,565,6.95
4896,4815,565,8.58
2948,2867,565,8.57
1305,1384,565,5.48
1778,1697,565,7.28
2936,3015,565,6.44
2733,2652,565,7.29
4574,4654,565,6.97
4574,4573,565,6.97
5141,5220,565,6.46
2704,2705,565,11.17
1148,1068,565,6.52
4494,4573,565,6.46
2624,2705,565,8.57
4958,5039,565,8.58
4575,4654,565,6.46
3451,3450,566,6.95
4413,4412,566,6.96
2545,2626,566,8.56
4879,4960,566,8.58
2174,2093,566,7.28
2094,2093,566,5.91
837,757,566,2.96
2940,3020,566,6.95
2950,2871,566,12.76
2951,2871,566,11.17
6026,6105,566,6.46
2868,2788,566,11.17
3034,2954,566,11.17
2625,2626,566,11.17
3199,3120,566,12.77
3200,3120,566,11.17
3033,2954,566,12.77
3117,3037,566,11.17
3116,3037,566,12.78
4333,4412,566,6.45
4959,4960,566,11.17
1666,1667,567,11.16
2546,2547,567,11.15
1184,1185,567,11.17
1907,1908,567,11.16
2148,2149,567,11.17
1069,989,567,9.47
1264,1185,567,12.77
2228,2149,567,12.79
1987,1908,567,12.77
1746,1667,567,12.75
1619,1538,567,7.29
4172,4251,567,6.45
4736,4735,567,6.97
2466,2547,567,8.57
4252,4251,567,6.95
1623,1543,567,2.97
4656,4735,567,6.46
1505,1426,567,12.76
6110,6111,567,11.18
1425,1426,567,11.16
1934,1854,568,9.49
2941,3021,568,6.95
3371,3370,568,6.96
3451,3370,568,8.57
6277,6357,568,5.18
1856,1776,568,9.49
5623,5702,568,6.46
2387,2468,568,8.57
5703,5783,568,6.97
5703,5702,568,6.97
2467,2468,568,11.16
2940,3021,568,8.57
4091,4090,568,6.95
6374,6375,568,1.11
6108,6188,569,6.96
3504,3583,569,6.45
5037,5116,569,6.45
2308,2389,569,8.58
2094,2013,569,7.28
3118,3038,569,11.17
2388,2389,569,11.16
2951,2872,569,12.77
3035,2955,569,11.17
2869,2789,569,11.17
2868,2789,569,12.77
3034,2955,569,12.77
1545,1464,569,2.27
3117,3038,569,12.77
2952,2872,569,11.17
1827,1828,570,11.16
1345,1346,570,11.15
1104,1105,570,11.17
1586,1587,570,11.15
3183,3103,570,11.16
1666,1587,570,12.76
1184,1105,570,12.77
1907,1828,570,12.76
2148,2069,570,12.77
3291,3290,570,6.96
2941,3022,570,8.57
3371,3290,570,8.57
3184,3103,570,8.57
4896,4975,570,6.46
6194,6274,570,5.17
754,673,570,7.29
6276,6356,570,5.17
1225,1144,570,7.28
6195,6274,570,4.8
2653,2572,570,7.29
2309,2310,570,11.17
3423,3422,570,6.95
2573,2572,570,5.91
4091,4010,570,8.57
2493,2492,570,5.91
2068,2069,570,11.16
3333,3334,570,1.11
1425,1346,570,12.76
3413,3334,570,1.26
3104,3024,571,11.17
2942,2943,571,11.16
5462,5461,571,6.96
6109,6189,571,6.97
3105,3024,571,8.56
2862,2943,571,8.57
6108,6189,571,8.58
2972,2891,571,7.29
6277,6358,571,6.38
3252,3172,571,1.11
3251,3172,571,1.27
3025,2945,572,11.16
3119,3039,572,11.16
5945,5944,572,6.97
2934,3014,572,6.95
3343,3342,572,6.94
3211,3210,572,6.96
2863,2864,572,11.16
3291,3210,572,8.57
3026,2945,572,8.57
2935,3014,572,6.45
674,594,572,9.49
3118,3039,572,12.77
3423,3342,572,8.57
4574,4653,572,6.46
1698,1617,572,7.29
2953,2873,572,11.16
2413,2412,572,5.91
5785,5864,572,3.42
3035,2956,572,12.77
2783,2864,572,8.57
2869,2790,572,12.77
2870,2790,572,11.17
3036,2956,572,11.17
5108,5109,572,1.11
3739,3660,572,1.26
2952,2873,572,12.77
1265,1266,573,11.16
1506,1507,573,11.16
2946,2866,573,11.16
1747,1748,573,11.17
1827,1748,573,12.76
1345,1266,573,12.75
1104,1025,573,12.77
1586,1507,573,12.75
3531,3611,573,6.95
3531,3530,573,6.95
990,910,573,6.51
5462,5381,573,8.57
2947,2866,573,8.57
6109,6190,573,8.59
5038,5119,573,8.58
1146,1066,573,6.52
3451,3530,573,6.45
4413,4492,573,6.46
2229,2230,573,11.19
2309,2230,573,12.77
2940,3019,573,6.45
5118,5119,573,11.17
2704,2785,573,8.57
1622,1542,573,2.97
4493,4492,573,6.97
2784,2785,573,11.18
2068,1989,573,12.76
3745,3665,573,1.11
1988,1989,573,11.16
6110,6190,573,6.97
840,760,573,2.97
5039,5040,574,11.17
3131,3130,574,6.96
4332,4331,574,6.96
1539,1459,574,6.53
3343,3262,574,8.55
1934,1933,574,5.91
3211,3130,574,8.57
2333,2332,574,5.91
2014,1933,574,7.28
843,763,574,2.97
6106,6186,574,6.96
837,758,574,3.39
4252,4331,574,6.45
3263,3262,574,6.95
2867,2787,574,11.16
2705,2706,574,11.17
2868,2787,574,8.57
2625,2706,574,8.57
3085,3086,574,1.11
4959,5040,574,8.58
2788,2708,575,11.18
3120,3040,575,11.17
3037,2957,575,11.16
3119,3040,575,12.76
4171,4170,575,6.95
2546,2627,575,8.56
3531,3612,575,8.56
2812,2811,575,5.91
2892,2811,575,7.29
674,595,575,10.85
5703,5782,575,6.47
844,764,575,2.97
2953,2874,575,12.76
2954,2874,575,11.16
4091,4170,575,6.45
1621,1541,575,2.96
1855,1775,575,9.49
2870,2791,575,12.77
3036,2957,575,12.77
2871,2791,575,11.17
2626,2627,575,11.15
6110,6191,575,8.59
1185,1186,576,11.16
1667,1668,576,11.17
2149,2150,576,11.17
1265,1186,576,12.76
1506,1427,576,12.76
1747,1668,576,12.77
3183,3182,576,6.95
3131,3050,576,8.58
5622,5621,576,6.96
1908,1909,576,11.15
1069,988,576,7.27
6108,6187,576,6.46
1426,1427,576,11.15
2229,2150,576,12.79
6106,6187,576,8.58
2467,2548,576,8.57
6107,6187,576,6.96
3263,3182,576,8.56
2547,2548,576,11.16
841,761,576,2.96
6280,6360,576,3.69
1988,1909,576,12.76
3051,3050,576,6.96
1145,1065,577,6.52
1539,1460,577,7.47
990,911,577,7.44
1934,1853,577,7.28
2333,2252,577,7.28
5056,5136,577,6.96
5056,5055,577,6.96
842,762,577,2.97
2388,2469,577,8.57
3423,3502,577,6.45
3503,3502,577,6.96
5117,5197,577,6.96
2468,2469,577,11.16
2609,2610,577,1.1
2253,2252,577,5.91
4940,5020,577,0.67
2955,2875,578,11.17
3038,2958,578,11.17
2788,2709,578,12.78
3037,2958,578,12.76
2789,2709,578,11.17
5542,5541,578,6.97
4895,4894,578,6.96
2971,2970,578,6.96
3183,3102,578,8.57
5622,5541,578,8.58
5462,5541,578,6.45
2812,2731,578,7.29
2389,2390,578,11.16
2309,2390,578,8.58
2954,2875,578,12.76
2871,2792,578,12.77
3051,2970,578,8.58
2872,2792,578,11.17
2452,2532,578,0.69
2069,2070,579,11.16
3103,3023,579,11.15
1346,1347,579,11.14
1105,1106,579,11.17
1587,1588,579,11.15
1185,1106,579,12.76
1667,1588,579,12.77
2149,2070,579,12.77
3104,3023,579,8.57
2942,3023,579,8.57
1908,1829,579,12.75
5945,6024,579,6.46
2934,3013,579,6.45
5056,5137,579,8.58
1426,1347,579,12.75
1828,1829,579,11.16
1854,1774,579,9.49
5117,5198,579,8.57
5118,5198,579,6.96
2310,2311,579,11.17
3022,3023,579,11.15
3024,2944,580,11.16
3015,3095,580,6.95
1067,987,580,6.52
3025,2944,580,8.57
2173,2172,580,5.91
4895,4814,580,8.58
2971,2890,580,8.58
1618,1537,580,7.28
6275,6355,580,5.17
1777,1696,580,7.28
3531,3610,580,6.45
2863,2944,580,8.56
6194,6273,580,4.8
4654,4734,580,6.98
6276,6355,580,4.8
1022,942,580,2.97
4573,4572,580,6.97
4493,4572,580,6.46
2943,2944,580,11.16
2253,2172,580,7.28
1171,1091,580,1.11
2453,2533,580,0.69
3039,2959,581,11.17
2956,2876,581,11.17
2945,2865,581,11.16
2955,2876,581,12.77
3038,2959,581,12.77
3020,3100,581,6.95
2789,2710,581,12.77
4412,4411,581,6.96
2946,2865,581,8.57
673,593,581,9.49
3450,3449,581,6.95
4332,4411,581,6.45
2790,2710,581,11.17
674,593,581,7.29
2873,2793,581,11.16
6106,6185,581,6.46
5118,5199,581,8.58
2784,2865,581,8.58
2864,2865,581,11.17
2872,2793,581,12.77
1266,1267,582,11.15
1748,1749,582,11.17
1507,1508,582,11.16
1025,945,582,11.17
1025,1026,582,11.17
2785,2786,582,11.17
2069,1990,582,12.76
1346,1267,582,12.74
1105,1026,582,12.77
1587,1508,582,12.75
5119,5120,582,11.17
3015,3096,582,8.57
5039,5120,582,8.58
4171,4250,582,6.45
6193,6192,582,5.17
1989,1990,582,11.16
1828,1749,582,12.76
2652,2651,582,5.92
2732,2651,582,7.29
839,759,582,2.97
2867,2786,582,8.57
6113,6192,582,4.8
2705,2786,582,8.57
2230,2231,582,11.18
2310,2231,582,12.77
3741,3661,582,1.11
2866,2786,582,11.17
6112,6192,582,5.17
4251,4250,582,6.96
2706,2707,583,11.16
2787,2707,583,11.16
594,514,583,9.48
1538,1458,583,6.52
989,909,583,6.51
2788,2707,583,8.58
3020,3101,583,8.56
2093,2092,583,5.91
3370,3369,583,6.95
2173,2092,583,7.28
3450,3369,583,8.57
5622,5701,583,6.46
6278,6359,583,4.56
5702,5701,583,6.96
4090,4089,583,6.95
2626,2707,583,8.56
3021,3101,583,6.95
3657,3578,583,1.26
1172,1092,583,1.11
2957,2877,584,11.17
2791,2711,584,11.17
3040,2960,584,11.17
2708,2628,584,11.17
3039,2960,584,12.77
2956,2877,584,12.77
6188,6268,584,6.96
1224,1223,584,4.06
2874,2794,584,11.17
5056,5135,584,6.46
2790,2711,584,12.77
2873,2794,584,12.76
3503,3582,584,6.45
5117,5196,584,6.45
2547,2628,584,8.57
2627,2628,584,11.16
5116,5196,584,6.96
5116,5115,584,6.96
1668,1669,585,11.16
1186,1187,585,11.16
1266,1187,585,12.75
1748,1669,585,12.77
1507,1428,585,12.76
1025,946,585,12.77
3290,3289,585,6.96
3370,3289,585,8.57
4895,4974,585,6.46
2548,2549,585,11.16
1697,1616,585,7.29
1989,1910,585,12.76
2652,2571,585,7.29
4090,4009,585,8.56
3422,3421,585,6.95
2468,2549,585,8.57
2150,2151,585,11.16
2230,2151,585,12.78
1427,1428,585,11.16
5187,5188,585,1.11
1909,1910,585,11.16
2451,2531,585,0.69
2469,2470,586,11.16
594,515,586,10.84
1144,1064,586,6.51
2013,2012,586,5.91
2093,2012,586,7.28
6188,6269,586,8.58
2389,2470,586,8.57
1173,1093,586,1.11
6189,6269,586,6.97
2958,2878,587,11.18
2957,2878,587,12.77
2791,2712,587,12.77
2708,2629,587,12.77
3014,3094,587,6.95
3210,3209,587,6.96
3290,3209,587,8.57
3015,3094,587,6.45
2875,2795,587,11.17
673,672,587,5.91
2390,2391,587,11.16
2709,2629,587,11.16
2874,2795,587,12.77
4654,4733,587,6.47
4653,4733,587,6.97
4653,4652,587,6.97
4573,4652,587,6.46
3422,3341,587,8.57
3342,3341,587,6.94
2310,2391,587,8.58
2792,2712,587,11.16
2492,2491,587,5.91
1829,1830,588,11.17
1106,1107,588,11.17
1588,1589,588,11.16
5137,5138,588,11.17
2311,2312,588,11.17
1347,1348,588,11.16
1668,1589,588,12.76
1186,1107,588,12.76
3530,3529,588,6.95
3020,3099,588,6.45
4412,4491,588,6.46
3450,3529,588,6.45
1224,1143,588,5
766,686,588,2.96
1853,1773,588,9.49
1022,943,588,3.39
1854,1773,588,7.28
5059,5139,588,1.85
2070,2071,588,11.16
2150,2071,588,12.76
4492,4491,588,6.97
1427,1348,588,12.76
6189,6270,588,8.59
6190,6270,588,6.97
1909,1830,588,12.76
2890,2810,589,11.17
6186,6266,589,6.97
4331,4330,589,6.96
3130,3129,589,6.96
3210,3129,589,8.57
2013,1932,589,7.28
1066,986,589,6.52
3262,3261,589,6.95
2412,2411,589,5.91
3342,3261,589,8.55
1174,1094,589,1.11
4251,4330,589,6.45
2710,2630,590,11.16
2959,2879,590,11.17
1774,1694,590,9.49
2958,2879,590,12.78
1459,1379,590,6.53
2876,2796,590,11.17
1025,944,590,8.57
6191,6271,590,6.96
5119,5200,590,8.58
2875,2796,590,12.77
673,592,590,7.29
6275,6354,590,4.8
2709,2630,590,12.76
5702,5781,590,6.46
5782,5862,590,6.96
5782,5781,590,6.96
4090,4169,590,6.45
5199,5200,590,11.18
4170,4169,590,6.95
3167,3087,590,1.11
6190,6271,590,8.59
2792,2713,590,12.76
2793,2713,590,11.16
1508,1509,591,11.16
1749,1750,591,11.17
2231,2232,591,11.17
1026,1027,591,11.17
1267,1268,591,11.16
945,865,591,11.16
1829,1750,591,12.77
1106,1027,591,12.77
1588,1509,591,12.76
2311,2232,591,12.77
1347,1268,591,12.76
5621,5620,591,6.96
6187,6267,591,6.96
3182,3181,591,6.96
6186,6267,591,8.59
3130,3049,591,8.58
6188,6267,591,6.46
2332,2331,591,5.91
3262,3181,591,8.56
1990,1991,591,11.15
2070,1991,591,12.76
1775,1695,591,6.52
5502,5422,591,1.1
3050,3049,591,6.96
5116,5195,591,6.45
593,513,592,9.48
3502,3501,592,6.96
6191,6272,592,8.57
594,513,592,7.28
5055,5054,592,6.96
6193,6272,592,4.8
5782,5863,592,8.58
3422,3501,592,6.45
988,908,592,6.51
3333,3254,592,1.27
5197,5277,592,6.96
2794,2714,593,11.16
2877,2797,593,11.17
2960,2880,593,11.17
2710,2631,593,12.76
2959,2880,593,12.77
4894,4893,593,6.96
2970,2969,593,6.96
5621,5540,593,8.57
1459,1380,593,7.46
2876,2797,593,12.77
1065,985,593,6.52
3168,3088,593,1.11
3253,3173,593,1.11
3050,2969,593,8.58
2793,2714,593,12.76
2711,2631,593,11.16
3252,3173,593,1.27
1669,1670,594,11.16
2549,2550,594,11.16
2151,2152,594,11.16
946,866,594,11.17
946,947,594,11.17
1187,1188,594,11.16
514,434,594,9.48
1508,1429,594,12.76
1749,1670,594,12.77
2231,2152,594,12.78
1026,947,594,12.77
1267,1188,594,12.76
945,866,594,12.76
6024,6104,594,6.96
6024,6023,594,6.96
5137,5217,594,6.96
2469,2550,594,8.57
3014,3093,594,6.45
1933,1852,594,7.28
6105,6104,594,3.7
1853,1852,594,5.91
2332,2251,594,7.28
4653,4732,594,6.47
1990,1911,594,12.75
5198,5278,594,6.96
5503,5423,594,1.11
2252,2251,594,5.91
1428,1429,594,11.16
5197,5278,594,8.58
1910,1911,594,11.16
4572,4571,595,6.97
2890,2889,595,6.96
4894,4813,595,8.58
2970,2889,595,8.58
3530,3609,595,6.45
2811,2730,595,7.29
3095,3175,595,6.95
2731,2730,595,5.91
2390,2471,595,8.57
755,676,595,3.39
2470,2471,595,11.17
4492,4571,595,6.46
3742,3662,595,1.11
1176,1096,595,1.11
1010,930,595,1.11
1010,1011,595,1.11
2878,2798,596,11.17
2795,2715,596,11.17
2391,2392,596,11.16
2794,2715,596,12.76
2877,2798,596,12.77
3449,3448,596,6.95
1537,1457,596,6.52
6024,5943,596,8.58
5137,5218,596,8.58
2311,2392,596,8.57
6186,6265,596,6.46
4331,4410,596,6.46
987,907,596,6.51
1538,1457,596,5.01
4411,4410,596,6.96
673,752,596,5.49
767,687,596,2.96
767,768,596,2.96
766,687,596,3.39
6185,6265,596,6.96
6185,6184,596,6.96
5199,5279,596,6.96
3005,3006,596,1.11
5198,5279,596,8.58
3575,3495,596,1.11
3100,3180,596,6.95
2712,2632,596,11.16
3169,3089,596,1.11
3574,3495,596,1.27
3085,3006,596,1.26
2711,2632,596,12.76
1589,1590,597,11.16
1830,1831,597,11.17
515,435,597,9.49
515,516,597,9.49
1669,1590,597,12.76
2151,2072,597,12.76
946,867,597,12.77
1187,1108,597,12.76
1348,1349,597,11.16
514,435,597,10.84
2651,2650,597,6.97
2890,2809,597,8.58
1107,1108,597,11.16
3095,3176,597,8.57
2071,2072,597,11.16
1224,1303,597,3.77
2312,2313,597,11.17
1853,1772,597,7.29
5782,5861,597,6.46
765,685,597,2.97
4170,4249,597,6.45
4250,4249,597,6.96
2172,2171,597,5.91
2252,2171,597,7.28
1428,1349,597,12.76
1910,1831,597,12.76
3369,3368,598,6.95
5701,5700,598,6.96
3449,3368,598,8.57
5621,5700,598,6.46
912,832,598,2.96
5199,5280,598,8.58
1177,1097,598,1.11
2879,2799,599,11.16
1143,1063,599,9.49
1773,1693,599,9.49
2878,2799,599,12.77
2795,2716,599,12.77
5135,5215,599,6.97
5135,5134,599,6.97
5196,5276,599,6.96
1458,1378,599,6.52
2651,2570,599,8.58
945,864,599,8.57
1774,1693,599,7.28
3502,3581,599,6.45
5055,5134,599,6.46
1144,1063,599,5
2796,2716,599,11.17
2713,2633,599,11.16
6268,6348,599,6.96
2712,2633,599,12.76
5197,5276,599,6.46
