6569,6570,12,8.2
6569,6470,15,9.36
6570,6571,25,8.25
6570,6471,27,9.44
6571,6572,30,20.45
6470,6371,30,9.44
6571,6472,32,21.48
6572,6573,35,20.39
6371,6372,36,19.03
6472,6473,37,21.36
6572,6473,37,21.41
6371,6272,37,22.16
6472,6373,39,22.93
6573,6574,40,20.87
6473,6474,42,21.32
6573,6474,42,22.08
6571,6672,42,8.77
6473,6374,44,23.56
6574,6575,45,21.44
6571,6671,46,4.91
6574,6475,47,23.12
6572,6673,47,8.82
6474,6375,49,21.71
6272,6273,49,8.99
6575,6576,50,20.34
6569,6469,50,1.98
6272,6173,51,10.73
6575,6476,52,23.13
6673,6674,53,18.59
6374,6275,53,16.83
6373,6274,53,10.28
6573,6674,53,8.28
6371,6271,55,4.17
6475,6376,56,16.54
6576,6577,57,15.72
6469,6370,57,23.55
6672,6773,57,9.66
6576,6477,58,19.1
6674,6675,59,18.91
6672,6772,60,5.71
6477,6478,61,128.39
6577,6578,61,77.72
6173,6174,61,26.23
6673,6774,61,14.16
6578,6579,62,110.65
6275,6276,62,23.42
6579,6580,63,132.79
6571,6670,63,4.77
6580,6581,64,143.97
6675,6676,64,22.08
6376,6377,64,18.38
6671,6771,64,7.57
6774,6775,65,26.05
6469,6369,65,7.5
6478,6479,66,22.89
6174,6175,66,23.68
6479,6480,67,124.47
6276,6277,67,22.46
6480,6481,68,127.98
6773,6874,68,13.7
6481,6482,69,130.38
6277,6278,69,51.48
6775,6776,69,27.98
6581,6582,69,22.3
6676,6677,69,22.91
6482,6483,71,94.16
6772,6873,71,13.83
6874,6875,72,30.68
6377,6378,72,12.96
6774,6875,72,13.62
6173,6074,72,3.41
6483,6484,73,59.9
6278,6279,73,31.02
6776,6777,73,28.56
6582,6583,73,26.73
6276,6177,73,14.13
6677,6678,74,21.23
6583,6584,75,84.26
6175,6176,75,12
6771,6872,75,13.91
6279,6280,76,40.43
6378,6379,76,30.74
6875,6876,76,31.31
6775,6876,76,13.17
6584,6585,77,83.78
6777,6778,77,27.58
6671,6770,77,5.17
6678,6679,78,29.29
6469,6468,78,4.51
6585,6586,79,77.36
6280,6281,79,42.14
6074,6075,79,14.29
6771,6871,79,6.82
6379,6380,80,31.83
6876,6877,80,28.79
6177,6178,80,15.25
6776,6877,80,13.02
6874,6975,80,12.42
6369,6270,80,10
6586,6587,81,81.48
6679,6680,81,40.94
6281,6282,82,35.26
6778,6779,82,23.48
6873,6974,82,13.05
6469,6368,82,5.11
6680,6681,83,55.76
6587,6588,84,47.07
6380,6381,84,30.6
6877,6878,84,27.06
6975,6976,84,26.79
6777,6878,84,13.28
6875,6976,84,12.23
6469,6568,84,5.11
6681,6682,85,69.62
6271,6172,85,3.58
6682,6683,86,107.79
6872,6973,86,13.17
6381,6382,87,37.88
6075,6076,87,13.15
6876,6977,87,12.96
6484,6485,87,7.67
6878,6879,88,30.12
6779,6780,88,18.56
6778,6879,88,14.04
6282,6283,89,15.86
6178,6179,89,12.02
6871,6972,90,13.28
6977,6978,91,28
6683,6684,91,23.89
6877,6978,91,13.4
6975,7076,91,13.46
6879,6880,92,31.97
6179,6180,93,25.25
6974,7075,93,13.02
6368,6269,93,12.89
6369,6269,93,3.58
6978,6979,94,34.83
6780,6781,94,18.56
6483,6384,94,6.18
7076,7077,95,30.51
6588,6589,95,9.64
6976,7077,95,13.68
6670,6669,95,3.21
6569,6669,95,1.34
6180,6181,96,41.87
6880,6881,96,32.92
6382,6383,96,11.47
6871,6971,96,5.91
6771,6870,96,4.52
6979,6980,97,42.61
6181,6182,98,59.27
7077,7078,98,38.17
6684,6685,98,15.27
6076,6077,98,9.23
6977,7078,98,13.17
6973,7074,98,12.81
6980,6981,99,50.44
6781,6782,99,23.84
6283,6284,99,11.08
6587,6488,99,8.06
6587,6688,99,8.06
6182,6183,100,65.32
6685,6686,100,93.04
6881,6882,100,30.61
6589,6590,100,23.46
6981,6982,101,52.2
7078,7079,101,46.84
6972,7073,101,13.06
6368,6268,101,5.5
6686,6687,102,65.65
6590,6591,102,53.75
6782,6783,102,37.52
6670,6769,102,3.68
7079,7080,103,54.61
7076,7177,103,12.47
6591,6592,104,68.71
6783,6784,104,61.27
6982,6983,104,47.2
6183,6184,104,30.25
6882,6883,104,27.28
6688,6689,104,22.61
7075,7176,104,13.68
7080,7081,105,53.58
6485,6486,105,5.7
7177,7178,106,42.9
7081,7082,107,50.74
6486,6487,107,69.13
6592,6593,107,39.06
6983,6984,107,42.06
6689,6690,107,49.31
6269,6170,107,10.51
6468,6467,107,3.51
6972,7072,108,5.67
6690,6691,109,66.09
7178,7179,109,38.24
7074,7175,109,13.51
6077,6078,109,9.51
7075,7175,109,6.41
7082,7083,110,43.17
6184,6185,110,18.65
6883,6884,110,18.79
6384,6385,110,6.51
6691,6692,111,64.1
6984,6985,111,29.05
6074,5975,111,3.73
7179,7180,112,35.39
6784,6785,112,12.74
7073,7174,112,12.94
6985,6986,113,52.14
7083,7084,113,39.13
6170,6171,113,18.13
6284,6285,114,7.09
6468,6367,114,4.02
6468,6567,114,4.02
7180,7181,115,34.17
6884,6885,115,24.05
6986,6987,116,40.54
6593,6594,116,11.6
6987,6988,117,191.1
6692,6693,117,18.95
6871,6970,117,3.8
7181,7182,118,36.11
5975,5976,118,15.57
6984,7085,118,12.89
6178,6079,118,3.83
6988,6989,119,58.77
7177,7278,119,8.96
6488,6489,119,5.01
6269,6169,119,3.85
7072,7173,120,12.66
7178,7279,120,10.17
7176,7277,120,9.03
7073,7173,120,5.55
7085,7086,121,17.24
6076,5977,122,11.21
6172,6073,122,15.54
7182,7183,123,14.92
6985,6886,123,29.37
6185,6186,123,2.94
7175,7276,123,8.56
6486,6387,123,29.44
7174,7275,124,10.08
7179,7280,124,6.08
6368,6267,124,2.81
6987,6888,125,26.72
6785,6786,125,3.68
6077,5978,125,11.79
6669,6668,125,5.81
7072,7172,126,6.94
6591,6492,126,16
6972,7071,126,6.44
6590,6491,127,13.61
5975,5876,128,13.85
5976,5877,129,16.18
6171,6072,129,13.2
7174,7274,129,6.97
6078,5979,129,11.4
6170,6071,129,10.97
7183,7184,130,15.07
6988,6889,130,14.62
6592,6493,130,10.6
7280,7281,131,16.12
5977,5878,131,16.65
6989,6890,131,13.49
6989,6990,131,4.78
6986,6887,131,12.17
6183,6084,131,8.46
6589,6490,131,7.41
6669,6768,131,5.57
6485,6386,132,6.92
6079,5980,133,10.29
6888,6789,134,16
5978,5879,134,16.42
6073,5974,134,12.57
7173,7273,134,7.47
6079,6080,134,5.93
6890,6791,136,28.58
6492,6393,136,14.23
6267,6168,136,12.42
7278,7379,136,8.41
7277,7378,137,8.58
6285,6286,137,3.84
6385,6286,137,7.3
6686,6787,137,1.71
7281,7282,138,14.97
5877,5778,138,15.95
5979,5880,138,16.87
6491,6392,138,13.69
7072,7171,138,5.85
6487,6388,138,6.68
6184,6085,138,5.84
6889,6790,139,16.56
6488,6389,139,5.56
5878,5779,140,16.77
5876,5777,140,12.83
7277,7377,140,5.26
6467,6466,140,2.83
6169,6070,141,6.88
7379,7380,142,18.02
5980,5881,142,17.08
6887,6788,142,13.02
6072,5973,142,11.38
7275,7376,142,8.09
7086,7087,142,4.85
7279,7380,142,6.46
6182,6083,142,5.89
6181,6082,142,5.87
5879,5780,143,16.3
6071,5972,143,10.54
6186,6087,143,7.36
6387,6288,143,7.39
7173,7272,143,6.4
7085,7186,143,5.49
6467,6366,143,4.05
6180,6081,143,5.42
7274,7374,144,6.77
7274,7375,144,9.95
6668,6667,144,5.48
7282,7283,145,15.7
6890,6891,145,7.45
6768,6868,146,6.8
6768,6869,146,9.97
6084,5985,146,9.68
7071,7070,146,5.21
6489,6390,146,5.47
6185,6086,146,4.71
5880,5781,147,16.07
6493,6394,147,8.38
7380,7381,148,16.71
5778,5679,148,15.15
6393,6294,148,11.91
6168,6069,148,12.64
5974,5875,148,10.55
6768,6767,148,5.95
6490,6391,148,8.61
5779,5680,150,14.69
6392,6293,150,11.93
5980,5981,150,6.17
6593,6494,150,3.76
6891,6892,151,17.66
5881,5782,151,15.83
6186,6187,151,3.63
6891,6792,152,21.92
6386,6287,152,7.18
7085,7185,152,2.99
5777,5678,153,11.63
6594,6595,153,2.48
5780,5681,154,13.36
6070,5971,154,11.72
7274,7373,154,5.68
6467,6566,154,2.68
5981,5882,155,30.87
7381,7382,155,14.85
5972,5873,155,12.08
7071,7170,155,4.98
5973,5874,156,10.26
6085,5986,156,8.09
6768,6867,156,5.71
6693,6694,156,2.48
7376,7477,157,9.59
7379,7480,157,6.83
5679,5580,158,15.27
5781,5682,158,13.81
7376,7476,158,6.3
7087,7088,158,6.29
6388,6289,158,7.37
7378,7479,158,6.78
5680,5581,159,16.53
6990,6991,159,3.7
7183,7284,159,3.97
5882,5783,160,30.07
6288,6189,160,8.63
5782,5683,161,14.6
5981,5982,161,9.49
5875,5776,161,11.19
7377,7478,161,6.83
6594,6495,161,3.33
6891,6992,162,8.59
6389,6290,162,6.23
5580,5481,163,30.29
5681,5582,163,17.47
5985,5886,163,8.53
7480,7481,164,16.05
6294,6195,164,9.07
6082,5983,164,6.56
7186,7187,165,4.59
5682,5583,166,18.49
6187,6088,166,9.78
7070,7069,166,5.07
6293,6194,166,9.3
6267,6167,166,2.39
5882,5883,167,8.6
5678,5579,167,10.7
7070,6969,167,6.78
5481,5382,168,29.89
6287,6188,168,9.2
6767,6766,168,5.11
6391,6292,168,7.16
6394,6295,168,6.79
6767,6666,169,6.83
6083,5984,169,5.32
5481,5482,170,16.28
5581,5482,170,13.19
7376,7475,170,5.22
5983,5884,171,21.6
6390,6291,171,5.84
7282,7383,171,4.32
7481,7482,172,13.74
5986,5887,172,9.26
7476,7576,172,7.37
7476,7577,172,10.31
7088,7089,173,6.9
5382,5283,174,27.63
5382,5383,174,17.6
5582,5483,174,14.1
5683,5584,174,11.72
5776,5677,174,10.93
6189,6090,174,10.72
6289,6190,175,8.76
5874,5775,175,7.46
6069,5970,175,5.34
5583,5484,176,15.14
6394,6395,176,3.5
7070,7169,176,4.84
6767,6866,177,4.88
5481,5381,178,6.85
5783,5684,178,8.23
7477,7578,178,6.81
6168,6068,179,2.37
7482,7483,180,13.33
5382,5282,180,8.39
6087,5988,180,3.87
6290,6191,181,7.62
5873,5774,181,7.86
5971,5872,181,7.69
6892,6793,181,7.87
6188,6089,182,11.85
5579,5480,182,8.07
5986,5987,182,1.64
6566,6465,182,9.3
6566,6565,182,6.21
7476,7575,182,2.53
6195,6096,183,10.17
6366,6266,183,5.19
5584,5485,184,15.09
5483,5384,185,14.41
6194,6095,185,7.23
5970,5871,186,13.2
5678,5578,186,5.32
7069,6968,187,6.01
5883,5784,188,7.66
7069,7068,188,3.44
6992,6893,188,8.65
5484,5385,188,12.93
6190,6091,188,11.91
7475,7474,189,3.88
5684,5585,189,13.19
5384,5285,189,39.3
7089,7090,190,4.05
5382,5281,190,10.06
6295,6196,190,8
6595,6496,190,5.51
5282,5183,191,13.14
6088,5989,191,5.87
6566,6665,191,5.24
5385,5286,192,38.59
5285,5186,193,39.44
5775,5676,193,7.02
5579,5479,193,5.12
5776,5676,193,4.31
5774,5675,194,11.14
7578,7579,194,4.87
7187,7188,194,1.65
6090,5991,194,7.93
6068,5969,195,9.16
6191,6092,195,10.59
5286,5187,196,39.84
5871,5772,196,14.52
5485,5386,196,12.63
5784,5685,196,17.81
5985,5885,196,3.25
5186,5087,197,39.97
5970,5870,197,5.39
5887,5788,197,6.14
6495,6396,197,6.26
6694,6695,197,1.58
5383,5284,198,5.83
5987,5888,198,8.95
6293,6193,198,3.19
7090,7091,199,11.95
5872,5773,199,8.22
6068,5968,199,5.25
5481,5380,199,4.99
5886,5787,199,3.55
6991,7092,199,1.88
5187,5088,200,39.93
5884,5785,200,4.77
7479,7580,200,1.82
5585,5486,201,12.29
5988,5889,201,6.95
5183,5084,202,13.25
6893,6794,202,10.39
6465,6365,202,5.02
7480,7581,202,1.73
5284,5185,202,38.62
5281,5182,203,11.32
6196,6097,203,11.46
6091,5992,203,10.03
6266,6166,203,5.13
6395,6296,203,5.88
6291,6192,203,4.1
6595,6596,203,1.49
6089,5990,204,6.65
5772,5673,205,15.82
5871,5771,205,5.38
7483,7384,205,5.82
7475,7574,205,3.15
7069,7168,205,2.78
5685,5586,206,14.23
5675,5576,206,12.48
6194,6094,206,3.08
5773,5674,207,19.58
7068,6967,207,7.81
5185,5086,207,34.95
5991,5892,208,10.5
6095,5996,208,6.31
6096,5997,208,5.84
5088,4989,209,17.5
5386,5287,209,11.21
7068,7067,209,4.78
5785,5686,209,17.44
5284,5184,209,10
5087,4988,210,11.26
6092,5993,210,9.79
5989,5890,210,7.75
5185,5085,210,13.16
7090,7190,211,4.88
5084,4985,212,14.74
5676,5577,212,7.63
7090,7191,212,6.7
6992,6993,212,1.57
5086,4987,212,28.95
5287,5188,213,39.18
5886,5786,213,2.36
5674,5575,214,21.65
5486,5387,214,10.95
5969,5869,214,5.33
5086,4986,214,16.26
5182,5083,215,12.76
5772,5672,215,5.37
5870,5770,216,5.3
5188,5089,217,39.57
5586,5487,217,13.29
5888,5789,217,7.75
5992,5893,218,9.76
5281,5181,218,3.62
6666,6765,218,2.72
5686,5587,219,15.14
5990,5891,219,9.64
5889,5790,219,8.23
6296,6197,220,8.52
5968,5868,220,4.87
6095,5995,220,2.93
7284,7285,220,1.48
5770,5671,221,34.15
5575,5476,221,22.56
5576,5477,221,9.95
6396,6297,221,6
7090,7189,221,4.58
4985,4886,222,14.27
4989,4890,222,11.39
6496,6397,222,4.46
5770,5670,224,13.7
7067,6966,224,9.5
6365,6265,224,4.73
5083,4984,225,14.15
5577,5478,225,11.74
7067,7066,225,6.47
5997,5898,225,8.73
5673,5574,225,7.36
7068,7167,225,3.93
5089,4990,226,17.45
6166,6066,226,4.53
5787,5688,226,5.33
5672,5573,227,12.64
6192,6093,228,5.88
6166,6067,228,5.72
5670,5571,229,31.64
5890,5791,229,7.8
5892,5793,229,6.89
5487,5388,230,11.1
5387,5288,230,8.85
5182,5082,230,3.77
4986,4887,230,9.29
5670,5570,231,15.14
5786,5687,231,8.16
6993,6894,231,7.67
7581,7582,231,3.48
5380,5280,231,3.22
5477,5378,232,13.52
7191,7192,232,5.04
5993,5894,232,6.7
5996,5897,232,6.06
5898,5799,233,18.03
5574,5475,233,18.19
5476,5377,233,12.24
5587,5488,233,10.61
5575,5475,233,5.32
4886,4787,233,13.62
5288,5189,234,40.08
5571,5472,234,30.75
5672,5572,234,5.38
4990,4891,235,16.12
4984,4885,235,14.5
5869,5769,235,5
7067,7166,235,5.48
7192,7093,236,40.07
5571,5471,236,15.56
6197,6098,236,9.39
4989,4889,237,3.63
5788,5689,237,3.62
5479,5379,237,2.32
7066,7065,238,7.73
5891,5792,238,7.56
5181,5081,238,5.15
6097,5998,238,4.16
5472,5373,239,31.52
5572,5473,239,34.57
7066,6965,239,10.28
6765,6664,239,6.94
5897,5798,240,18.65
5573,5474,240,11.36
5688,5589,240,10.27
7192,7292,241,105.48
6765,6865,241,38.33
7191,7291,241,72.64
7581,7681,241,89.64
7578,7678,241,76.96
7582,7682,242,88.08
7292,7392,243,81.71
7291,7391,243,53.52
7681,7781,243,89.51
7065,7165,243,37.49
6765,6764,243,3.76
7682,7782,244,87.52
7093,7193,244,26.86
6098,6198,244,26.43
7167,7267,244,13.78
7580,7680,244,26.88
7483,7583,244,22.36
7272,7372,244,10.5
7171,7271,244,19.07
7392,7492,245,71.78
7193,7293,245,122.69
7384,7484,245,20.36
7168,7268,245,14.41
6596,6696,245,17.53
7578,7679,245,3.72
7187,7287,245,16.03
7170,7270,245,18.42
7373,7473,245,11
7169,7269,245,16.01
7186,7286,245,12.73
7680,7780,246,81.92
7391,7491,246,45.07
6764,6864,246,35.24
6894,6994,246,17.17
4887,4788,246,0.51
6397,6497,246,17.2
5083,4983,246,0.45
7188,7288,246,15.4
7576,7676,246,9.15
7287,7387,247,99.81
6198,6298,247,47.45
7781,7881,247,26.93
7166,7266,247,13.59
5799,5899,247,14.05
7285,7385,247,11.93
7492,7592,247,68.91
7577,7677,247,10.92
7780,7880,248,74.63
7288,7388,248,99.15
7268,7368,248,38.87
7270,7370,248,49.13
7269,7369,248,42.19
7782,7882,248,27.72
7189,7289,248,12.41
6695,6795,248,10.32
7575,7675,248,9.39
7881,7981,249,84.45
4788,4888,249,45.7
5189,5289,249,12.01
7592,7692,249,69.44
7293,7393,249,27.36
7491,7591,249,44.61
7190,7290,249,9.94
7574,7674,249,10
7880,7980,250,73.9
7882,7982,250,86.65
6298,6398,250,43.6
6864,6964,250,31.01
6696,6796,250,24.64
7484,7584,250,24.44
7583,7683,250,19.02
7372,7472,250,19.66
7678,7778,250,12.15
6565,6464,250,0.75
7981,8081,251,78.52
7370,7470,251,44.89
7369,7469,251,41.21
7473,7573,251,19.62
7165,7265,251,13.17
7065,7164,251,11.51
5472,5372,251,0.87
7591,7691,251,53.99
7982,8082,252,84.18
7584,7684,252,86.45
7387,7487,252,22.77
6497,6597,252,19.3
7286,7386,252,15.97
7267,7367,252,14.04
4990,5090,252,7.87
6398,6498,253,37.44
6964,7064,253,33.65
6796,6896,253,35.24
7388,7488,253,20.52
6994,7094,253,15.57
7679,7779,253,13.96
7691,7791,253,61.98
6565,6564,253,1.29
7684,7784,254,63.32
7470,7570,254,43.73
7675,7775,254,18.82
8082,8182,254,89.14
7393,7493,254,21.7
7791,7891,255,50.38
7367,7467,255,37.7
5289,5389,255,16.97
7289,7389,255,16.6
7266,7366,255,13.41
7385,7485,255,14
6597,6697,255,46.18
7271,7371,255,9.98
6764,6863,255,12.23
7692,7792,255,16.88
6498,6598,256,36.72
6896,6996,256,33.74
7683,7783,256,17.24
7472,7572,256,18.69
5899,5999,256,12.33
7676,7776,256,10.31
7389,7489,257,68.48
7792,7892,257,62.96
7487,7587,257,23.42
7677,7777,257,10.61
6864,6963,257,13.55
7891,7991,258,41.51
7467,7567,258,35.2
7366,7466,258,36.11
6697,6797,258,44.43
7386,7486,258,17.05
5996,5896,258,0.45
7489,7589,259,57.69
6598,6698,259,42.73
7488,7588,259,19.01
8081,8181,259,13.58
7265,7365,259,12.96
7164,7264,259,12.73
7980,8080,259,12.37
7674,7774,259,10.3
6795,6895,259,9.83
7391,7490,259,9.36
6996,7096,259,35.62
7094,7194,259,17.7
7892,7992,260,48.36
6963,7063,260,34.71
7485,7585,260,22.01
7290,7390,260,9.62
7493,7593,260,19.68
7778,7878,260,10.37
7291,7390,260,7.61
7589,7689,261,69.68
7991,8091,261,44.94
7567,7667,261,35.18
7466,7566,261,34.28
6797,6897,261,39.19
5389,5489,261,19.76
7784,7884,261,15.85
4891,4991,261,4.83
8182,8282,261,16.33
7491,7590,261,9.48
7992,8092,262,51.68
7365,7465,262,35.07
7587,7687,262,23.36
7783,7883,262,18.89
7779,7879,262,11.2
7573,7673,262,9.85
7593,7693,262,78.22
7369,7468,262,10.39
6698,6798,262,45.94
8091,8191,263,53.11
7486,7586,263,21.2
7775,7875,263,11.13
7096,7196,263,32.59
7693,7793,264,71.3
8092,8192,264,68.47
7884,7984,264,42.95
7667,7767,264,34.15
7566,7666,264,34.25
6897,6997,264,33.74
7063,7163,264,32.45
7585,7685,264,26.89
7588,7688,264,21.28
8080,8180,264,20.68
5090,5190,264,8.89
5769,5669,264,0.9
7194,7294,264,24.82
8181,8281,264,21.59
8191,8291,265,58.33
7465,7565,265,34.24
7776,7876,265,11.25
7469,7569,265,7.54
6798,6898,265,37.67
7685,7785,266,80.48
7984,8084,266,51.26
7371,7471,266,9.43
5488,5588,266,3.83
8192,8292,266,88.96
6465,6364,266,0.74
8291,8391,267,73.77
6997,7097,267,35.62
7666,7766,267,34.28
7767,7867,267,33.55
7196,7296,267,30.66
7687,7787,267,24.13
7264,7364,267,12.75
6895,6995,267,13.59
7777,7877,267,10.48
7572,7672,267,9.36
7570,7670,267,7.97
6764,6763,267,4.3
8391,8491,268,104.99
7785,7885,268,75.44
7565,7665,268,34.33
7586,7686,268,24.31
7883,7983,268,17
6863,6962,268,11.62
8084,8184,268,94.15
7590,7690,268,14.53
7689,7789,268,16.45
8292,8392,268,96.79
7591,7690,268,7.53
7471,7571,269,48.69
7294,7394,269,24.28
8282,8382,269,14.23
7774,7874,269,10.34
6963,7062,269,12.4
5999,6099,269,8.14
7891,7990,269,10.31
6898,6998,269,26.78
7688,7788,269,21.14
8180,8280,269,20.11
6066,6165,269,4.14
8392,8492,270,71.01
7686,7786,270,91.44
7983,8083,270,78.98
7364,7464,270,34.41
7766,7866,270,34.35
8281,8381,270,19.54
7468,7568,270,13.81
7467,7568,270,9.68
7097,7197,270,35.62
7690,7790,270,61.16
7789,7889,270,56.27
7665,7765,271,34.36
8184,8284,271,34.51
7296,7396,271,31.82
7793,7893,271,14.96
7063,7162,271,13.11
7791,7890,271,8.18
7878,7978,271,9.96
6099,6199,272,45.9
7885,7985,272,33.21
7569,7669,272,14.95
7879,7979,272,10.81
7786,7886,272,89.06
7787,7887,272,22.64
6094,5994,272,0.41
7464,7564,273,34.41
7568,7668,273,38.37
8491,8591,273,24.65
7163,7263,273,12.17
7673,7773,273,9.57
6998,7098,273,28.41
7567,7668,273,9.68
8284,8384,274,33.38
7396,7496,274,34.12
8492,8592,274,31.74
7197,7297,274,32.59
7394,7494,274,20.49
8382,8482,274,20.07
7672,7772,274,16.34
7670,7770,274,15.12
7875,7975,274,9.74
7991,8090,274,9.39
6995,7095,274,16.37
5471,5371,274,1.03
8083,8183,274,29.86
8183,8283,275,109.87
6199,6299,275,48.36
7887,7987,275,46.25
7874,7974,275,16.93
8280,8380,275,19.71
5081,5180,275,4.04
7886,7986,275,39.87
7788,7888,275,16.88
8592,8692,276,87.03
7564,7664,276,34.41
7668,7768,276,35.05
7571,7671,276,15.87
7876,7976,276,9.87
7667,7768,276,10.01
7496,7596,277,39.19
8591,8691,277,30.52
7877,7977,277,10.07
7987,8087,277,51.88
4991,5091,277,6.46
7098,7198,277,30.93
6299,6399,278,46.62
8384,8484,278,31.34
7297,7397,278,32.59
7767,7868,278,10.2
5968,5967,278,1.2
7888,7988,278,46.15
8691,8791,279,66.25
7664,7764,279,34.41
7893,7993,279,13.9
7364,7463,279,12.49
7766,7865,279,12.51
7867,7967,279,8.72
7892,7993,279,6.45
5377,5278,279,0.62
8484,8584,280,79.38
8283,8383,280,20.38
7494,7594,280,19.67
8482,8582,280,18.97
7669,7769,280,14.26
7162,7262,280,11.78
8381,8481,280,10.48
8091,8190,280,7.68
5471,5470,280,2.17
7596,7696,280,43.02
7993,8093,281,80.3
6399,6499,281,42.73
7263,7363,281,12.72
7978,8078,281,10.72
7198,7298,281,27.05
6962,7061,281,11.12
5190,5290,281,5.93
7696,7796,281,118.75
6863,6862,281,3.96
7095,7195,281,16.62
7986,8086,281,18.88
8093,8193,282,118.38
7764,7864,282,35.25
7463,7563,282,34.35
7397,7497,282,31.43
7796,7896,282,124.37
7974,8074,282,15.55
7770,7870,282,14.11
7979,8079,282,10.89
7866,7966,282,8.71
7464,7563,282,12.49
8193,8293,283,123.25
7896,7996,283,102.28
8190,8290,283,49.61
7890,7989,283,12.41
6499,6599,284,37.8
7061,7161,284,37.93
8380,8480,284,11.42
7773,7873,284,9.21
8591,8690,284,13.69
8492,8593,284,10.79
8087,8187,284,16.4
7985,8085,284,8.76
8293,8393,285,66.17
7497,7597,285,33.36
7563,7663,285,34.34
8086,8186,285,25.24
8692,8792,285,11.35
7564,7663,285,12.49
6464,6563,285,4.15
7594,7694,285,21.35
5769,5768,285,1.9
8593,8693,286,64.53
7996,8096,286,37.06
8290,8390,286,47.78
8584,8684,286,17.65
8481,8581,286,19.27
7298,7398,286,24.34
7975,8075,286,8.38
7772,7872,286,8.53
7694,7794,287,86.04
6599,6699,287,40.2
8690,8790,287,37.78
7195,7295,287,17.12
8383,8483,287,16.65
8791,8891,287,13.38
7977,8077,287,10.14
7976,8076,287,9.21
8096,8196,288,58.51
8390,8490,288,66.81
8393,8493,288,39.61
7597,7697,288,41.18
7663,7763,288,34.36
8186,8286,288,33.49
7161,7261,288,31.97
7664,7763,288,12.49
8187,8287,288,30.21
6564,6663,288,4.08
8196,8296,289,100.1
7697,7797,289,124
7794,7894,289,92.08
8074,8174,289,15.27
7262,7362,289,12.25
7671,7771,289,7.99
7894,7994,290,114.6
8790,8890,290,47.22
8891,8991,290,37.12
7870,7970,290,13.53
8582,8682,290,10.89
7868,7968,290,8.71
8296,8396,291,91.44
7763,7863,291,34.4
6699,6799,291,31.38
7873,7973,291,16.5
7764,7863,291,12.22
7463,7562,291,12.51
7967,8067,291,8.72
7865,7965,291,8.72
7994,8094,291,118.93
8078,8178,291,11.04
8085,8185,291,16.12
8490,8590,292,32.8
8286,8386,292,31.06
8792,8892,292,15.01
7398,7498,292,17.88
8079,8179,292,11.09
7769,7869,292,8.87
8591,8590,292,5.36
8094,8194,292,120.37
8287,8387,292,25.71
7988,8088,292,7.54
8396,8496,293,82.34
8890,8990,293,39.54
8991,9091,293,40.01
7295,7395,293,16.91
8075,8175,293,15.71
8480,8580,293,12.12
5091,5191,293,6.39
8077,8177,293,18.2
6265,6264,293,1.37
7498,7598,294,87.48
7562,7662,294,34.25
8693,8793,294,14.19
7864,7964,294,8.9
7966,8066,294,8.71
7563,7662,294,12.51
7061,7160,294,11.37
8076,8176,294,16.61
8892,8992,295,47.76
6799,6899,295,27.07
8185,8285,295,27.82
7797,7897,295,18.45
8581,8681,295,11.18
7161,7260,295,13.26
5290,5390,295,7.54
8194,8294,295,48.69
8496,8596,295,70.26
5793,5694,295,0.78
6066,6065,295,1.33
8990,9090,296,37.62
9091,9191,296,47.7
8174,8274,296,15.05
7771,7871,296,15.1
8483,8583,296,12.4
7996,8095,296,11.64
6962,6961,296,3.7
8386,8486,296,27.39
8992,9092,297,59.6
7662,7762,297,34.35
8793,8893,297,41.75
8387,8487,297,22.92
7362,7462,297,12.94
7261,7361,297,11.66
7663,7762,297,12.51
8690,8789,297,11.42
7989,8089,297,7.62
8190,8289,297,8.34
7395,7495,298,21.67
7973,8073,298,15.78
7970,8070,298,13.36
8684,8784,298,8.99
5470,5569,298,7.88
8294,8394,298,47.76
5799,5700,298,0.45
9092,9192,299,61.98
8089,8189,299,51.98
8893,8993,299,71.2
9090,9190,299,41.15
9191,9291,299,41.18
6899,6999,299,30.04
8285,8385,299,29.56
8596,8696,299,26.44
7598,7698,299,21.52
7872,7972,299,8.15
7996,8097,299,9.11
8394,8494,299,103.48
7762,7862,300,34.41
8289,8389,300,43.29
8095,8195,300,32.35
8682,8782,300,10.61
7763,7862,300,12.49
8290,8389,300,8.72
8175,8275,300,15.21
6364,6463,300,4.19
5373,5374,301,38.03
8097,8098,302,53.82
8893,8894,302,51.36
7498,7499,302,58.79
8396,8397,302,51.74
8296,8297,302,56.51
7894,7895,302,60.72
8196,8197,302,58.91
7794,7795,302,56.79
7694,7695,302,54.41
8593,8594,302,47.71
7996,7997,302,29.29
8484,8485,302,45.99
7994,7995,302,50.06
4788,4789,302,29.82
8394,8395,302,57.79
5790,5691,302,1.52
8494,8495,302,55.49
5374,5375,303,53.14
8993,8994,303,43.11
9092,9093,303,33.42
6599,6600,303,32.14
6499,6500,303,32.72
6399,6400,303,31.29
6299,6300,303,29.2
6199,6200,303,27.65
8294,8295,303,29.98
7098,7099,303,27.21
8496,8497,303,40.92
5793,5794,303,9.32
8197,8198,304,54.99
8098,8099,304,50.3
8297,8298,304,56.6
8397,8398,304,50.37
8894,8895,304,59.53
9291,9292,304,27.52
5694,5695,304,25.91
8793,8794,304,21.43
7298,7299,304,24.07
6099,6100,304,23.87
7198,7199,304,25.71
9192,9193,305,23.85
7598,7599,305,19.31
6699,6700,305,22.32
7499,7500,305,35.33
7398,7399,305,20.12
8178,8278,305,0.89
5799,5900,305,3.04
5799,5800,305,10.85
5894,5895,305,7.85
8198,8199,306,53.56
8099,8100,306,52.53
8398,8399,306,50.32
8298,8299,306,58.87
9093,9094,306,40.39
6899,6900,306,17.1
6799,6800,306,16.65
7797,7798,306,16.01
8790,8889,306,4.79
5091,5092,306,16.21
4789,4790,306,26.08
4991,4992,306,13.73
5375,5376,306,42.96
5589,5590,306,10.02
5689,5690,306,10.39
6066,5966,306,1.3
4787,4688,306,2.1
4886,4786,306,0.75
9190,9290,307,9.8
6999,7000,307,16.03
8890,8989,307,5.22
8187,8188,307,14.54
8199,8200,308,54.54
9292,9293,308,25.17
8794,8795,308,29.45
5794,5795,308,24.03
7562,7661,308,3.71
4992,4993,308,58.47
8690,8689,308,5.5
5191,5192,308,12.15
8484,8585,308,8.75
5373,5274,308,7
8287,8288,308,13.01
7594,7595,308,11.42
9094,9095,309,43.32
9193,9194,309,33.14
5695,5696,309,24.67
9291,9391,309,6.32
9291,9392,309,15.68
8387,8388,309,11.88
8593,8694,309,8.14
5278,5279,309,8.52
4891,4892,309,5.42
4688,4689,310,31.29
7698,7699,310,10.58
8179,8279,310,0.81
8795,8796,311,45.46
5274,5275,311,49.35
7798,7799,311,23.79
8895,8896,311,14.34
8696,8697,311,9.25
8070,8071,311,9.76
7970,7971,311,9.71
7061,7060,311,2.57
8585,8586,311,39.99
5372,5273,311,8.58
5371,5272,311,10.44
8176,8276,311,0.49
8275,8276,311,9.56
8496,8597,311,10.73
7099,7100,311,13.02
9194,9195,312,37.53
5899,6000,312,3.12
5795,5796,313,23.16
9293,9294,313,23.01
9292,9393,313,16.02
4790,4791,313,16.4
8487,8488,313,8.15
7968,8068,313,0.86
7499,7600,313,13.07
5968,5867,313,0.75
8586,8587,314,40.79
4689,4690,314,26.76
5696,5697,314,21.14
9090,9189,314,7.17
9090,9089,314,6.28
7897,7898,314,6.95
8990,9089,314,4.44
9195,9196,315,39.07
5275,5276,315,29.32
7799,7800,315,28.95
7798,7899,315,16.08
7968,7969,315,6.63
5092,5093,315,11.5
6863,6762,315,2.55
5371,5370,315,2.9
5082,4982,315,1.02
9294,9295,316,41.86
8488,8489,316,41.33
7699,7700,316,18.35
8299,8300,316,10.17
7199,7200,316,8.82
4993,4994,316,13.82
8784,8785,316,6.31
5489,5490,316,4.6
5371,5271,316,4.72
8587,8588,317,38.83
9293,9394,317,16.06
5192,5193,317,11.31
7160,7259,317,4.13
5691,5692,317,7.04
8684,8685,317,5.66
9196,9197,318,43.51
5276,5277,318,33.51
5796,5797,318,21.59
8896,8897,318,16.64
9392,9493,318,15.74
5590,5591,318,8.64
8794,8695,318,10.16
8682,8683,318,5.56
8690,8589,318,5.9
5470,5469,318,3
9295,9296,319,47.99
7899,7900,319,33.3
5193,5194,319,56.31
4690,4691,319,24.26
9190,9289,319,7.17
7662,7761,319,3.63
5290,5291,319,4.64
4984,4884,319,0.76
9197,9198,320,50.57
9394,9395,320,41.1
8597,8598,320,11.38
9391,9492,320,13.74
9290,9390,320,8.07
7562,7561,320,3.06
7499,7400,320,7.93
5081,5080,320,1.23
9296,9297,321,50.3
5194,5195,321,53.92
5697,5698,321,14.77
8697,8698,321,11.02
7299,7300,321,6.23
8782,8783,321,4.81
8585,8686,321,11.11
9395,9396,322,53.71
8071,8072,322,9.73
8276,8277,322,9.76
5093,5094,322,15.61
8889,8888,322,6.34
8397,8498,322,7.27
7160,7159,322,3.42
9297,9298,323,51.43
4691,4692,323,25.44
4791,4792,323,10.28
5390,5391,323,4.37
9396,9397,324,52.86
5094,5095,324,53.84
8686,8687,324,34.64
7898,7999,324,14.99
9393,9494,324,13.7
8398,8499,324,7.29
8399,8400,324,5.84
8494,8595,324,5.83
8897,8898,325,16.64
4892,4893,325,6.38
8580,8680,325,0.79
7999,8000,326,54.77
8598,8599,326,16.96
7899,8000,326,13.88
8889,8988,326,7.22
7863,7963,326,0.86
7965,8065,326,0.86
9397,9398,327,48.06
9494,9495,327,38.16
4792,4793,327,32.63
8587,8688,327,11.6
8889,8788,327,6.75
7997,7998,327,4.15
8067,8167,327,0.86
4893,4894,328,38.04
8068,8069,328,6.7
8796,8797,328,6.19
5272,5173,328,8.55
4994,4995,328,8.38
5692,5693,328,9.14
6962,6861,328,2.64
5769,5668,328,1.84
9495,9496,329,56.71
4692,4693,329,18.89
5273,5174,329,8.16
9095,9096,329,5.25
5081,4981,329,1.88
8698,8699,330,11.64
9390,9491,330,14.99
5291,5292,330,9.54
7060,6960,330,5.5
5698,5699,330,11.3
7462,7461,330,3
7762,7861,330,3.53
8797,8798,331,41.93
8599,8600,331,20.69
9492,9593,331,14.07
8785,8786,331,6.73
5271,5172,331,9.98
8894,8995,331,4.88
5174,5175,332,47.12
8898,8899,332,15.78
8686,8787,332,13.35
9289,9389,332,7.83
5490,5491,332,6.52
4793,4794,332,21.65
8798,8799,334,43.43
7160,7059,334,3.74
9189,9188,335,4.9
4894,4895,335,16.51
5371,5270,335,3.17
5175,5176,336,31.42
9593,9594,336,24.13
9494,9595,336,11.88
5591,5592,336,5.84
5470,5369,336,3.29
8799,8800,337,49.78
5292,5293,337,15.96
5391,5392,337,7.59
5569,5568,338,2.58
5176,5177,339,49.26
8899,8900,339,15.57
9390,9490,339,5.49
5271,5171,339,4.4
9189,9288,339,5.76
9089,9088,339,4.05
4793,4694,339,12.53
5278,5179,339,3.3
9593,9694,340,16.07
8699,8700,340,10.32
9198,9199,340,5.2
5195,5196,340,5.41
4894,4795,340,12.66
5177,5178,342,34.39
5392,5393,342,21.39
9491,9592,342,12.08
5173,5074,342,10.13
9397,9498,342,8.02
9492,9592,342,4.75
9196,9097,342,5.39
5194,5295,342,6.24
8499,8500,342,5.59
5293,5294,343,18.29
5592,5593,343,14.32
8167,8168,343,6.62
5193,5294,343,5.63
7661,7660,343,2.89
7260,7360,343,0.97
9496,9497,344,6.75
9396,9497,344,6.53
5074,5075,345,49.84
9593,9693,345,7.48
6960,6860,345,6.77
5393,5394,347,21.53
9594,9695,347,14
5593,5594,348,24.46
5172,5073,348,8.34
9298,9299,348,4.06
9289,9388,348,4.97
5095,5096,348,4.22
8895,8996,348,3.28
7159,7158,348,3.92
5075,5076,349,29.42
9695,9696,349,52.7
7060,6959,349,3.77
7661,7760,349,3.5
7059,6959,349,6.84
9490,9591,350,12.9
9389,9489,350,5.86
5569,5468,350,2.83
8681,8781,351,0.96
5076,5077,352,43.93
5594,5595,352,25.71
5491,5492,352,5.05
5394,5395,353,18.23
9595,9596,353,6.14
9495,9596,353,5.53
8896,8997,353,3.42
7661,7560,353,3.16
7159,7258,353,4.69
8782,8883,353,2.72
5171,5072,354,10.03
5077,5078,355,41.24
5270,5170,355,5.23
9197,9098,355,3.84
9498,9499,356,7.58
5295,5296,356,7.64
7159,7058,356,4.27
8274,8375,356,2.5
5595,5596,357,23.28
6860,6761,357,12.47
4982,4883,357,3.45
8066,8166,357,0.86
7964,8064,357,0.86
5492,5493,358,19.2
8168,8169,358,6.67
9499,9500,358,52.51
9088,9087,359,5.06
9489,9590,360,14.98
6860,6760,360,6.83
6960,6859,360,4.82
7761,7860,360,3.49
8897,8998,360,3.42
9696,9697,360,9.27
4895,4896,360,4.11
9388,9488,361,26.24
8274,8374,361,4.86
8784,8885,361,2.96
6364,6363,361,1.18
7258,7359,362,19.83
9591,9692,362,13.27
9489,9589,362,25.66
9592,9692,362,24.14
4694,4695,362,1.04
9593,9692,362,5.6
4787,4687,362,0.45
6265,6164,362,0.82
7258,7358,363,24.23
9591,9691,363,23.65
5073,4974,363,2.15
9088,9187,363,6.72
8275,8376,364,2.62
9488,9588,365,26.27
9590,9690,365,24.83
5395,5396,365,1.05
9499,9599,365,19.83
9695,9795,365,19.15
7561,7460,365,3.26
7059,6958,365,3.07
9589,9689,366,26.24
5171,5071,366,1.3
8898,8999,366,4.36
9695,9796,366,9.47
9187,9287,367,25.1
7359,7459,367,21.1
9692,9792,367,22.57
8073,8173,367,4.5
7358,7458,368,22.65
9691,9791,368,23.9
8782,8882,368,4.71
8784,8884,368,4.69
9588,9688,369,25.61
9690,9790,369,25.42
5270,5269,369,2.19
9398,9399,369,1.06
8070,8170,369,5.07
8070,8171,369,2.9
6563,6662,369,2.41
6066,5965,369,0.78
9795,9895,370,22.6
7660,7759,370,8.83
9199,9200,370,1.08
9689,9789,370,26.26
9697,9797,370,10.5
9287,9387,371,25.51
9497,9597,371,8.01
8899,9000,371,4.36
9496,9597,371,5.48
7862,7962,371,4.57
7459,7559,372,22.45
9792,9892,372,22.25
9796,9896,372,18.93
7760,7859,372,8.8
7660,7659,372,4.49
9498,9598,372,7.63
9499,9600,372,9.96
9500,9600,372,8.77
9791,9891,373,24.14
9088,8987,373,2.24
9790,9890,373,25.72
9688,9788,373,25.62
8680,8780,373,4.79
8279,8379,373,4.64
4995,4996,373,1.04
9789,9889,374,26.16
7258,7357,374,8.54
7158,7257,374,8.14
9692,9793,374,12.2
9694,9794,374,5.94
9387,9487,375,26.19
9599,9699,376,9.61
5394,5494,376,5.76
8167,8267,376,4.57
8167,8268,376,3.47
8065,8165,376,4.57
8785,8886,376,2.97
8071,8172,376,2.84
7058,7157,376,8.53
9797,9897,376,18.83
7963,8063,376,4.57
9891,9991,377,25.04
9890,9990,377,26.29
9788,9888,377,25.81
9892,9992,377,24.2
9896,9996,377,22.13
7861,7961,377,4.57
7357,7457,378,25.33
7358,7457,378,9.62
9889,9989,379,24.95
9793,9893,379,24.43
9792,9893,379,11.91
8375,8475,379,5.21
8781,8881,379,4.78
8276,8377,379,2.46
9487,9587,379,25.95
9199,9300,380,4.85
8787,8887,380,4.58
8883,8983,380,4.71
4885,4785,380,0.45
8374,8474,381,5.25
9087,9186,381,6.64
6860,6759,381,3.3
8278,8378,381,3.75
9897,9997,381,20.47
5081,4980,381,0.73
9888,9988,382,24.32
7459,7558,382,9.74
9187,9286,382,7.76
8169,8269,382,4.64
8166,8266,382,4.57
8064,8164,382,4.51
5395,5495,382,4.34
5073,4973,382,1.62
7860,7960,382,4.57
7058,7057,382,4.28
9587,9687,383,25.13
7457,7557,383,23.44
9892,9993,383,13.89
8885,8985,383,4.71
9598,9698,383,9.99
9600,9700,384,8.34
9793,9894,384,14.16
9697,9798,384,6
8376,8476,385,4.99
4982,4882,385,0.75
9286,9386,386,25.75
8999,9099,386,5.11
9797,9898,386,9.25
9687,9787,387,25.94
7559,7658,387,9.47
9699,9799,388,9.02
7659,7758,388,9.34
9895,9995,388,5.59
6563,6562,388,1.14
8171,8271,389,5.26
8170,8270,389,5.25
8173,8273,389,4.76
9299,9400,389,4.06
9386,9486,390,25.36
6958,6957,390,4.09
4896,4997,390,4.8
8882,8982,390,4.7
9897,9998,390,10.43
9787,9887,391,26.05
5096,5197,391,3.86
9087,9086,392,3.1
5196,5297,392,3.64
6264,6263,392,1.2
7357,7456,393,7.51
9000,9100,393,4.58
7962,8062,393,4.57
7457,7556,394,9.12
9888,9987,394,8.47
7859,7959,394,4.57
8884,8984,394,3.85
5768,5767,394,0.98
8268,8368,395,5.46
6760,6660,395,2.92
5270,5169,395,1.54
9486,9586,395,23.83
9700,9800,396,8.42
8780,8880,396,4.55
8172,8272,396,5.14
5395,5496,396,3.35
7257,7356,397,6.34
5966,5866,397,0.75
9587,9686,398,7.72
8886,8986,398,4.71
8063,8163,398,4.57
8267,8367,398,4.57
8165,8265,398,4.57
6760,6661,398,3.79
8475,8575,398,5.49
7556,7656,399,24.43
6759,6858,399,7.99
7961,8061,399,4.57
5269,5368,399,4.86
9799,9899,400,8.74
8474,8574,400,5.4
8379,8479,401,3.6
7556,7657,402,19.84
8881,8981,402,4.4
8377,8477,402,4.53
9686,9786,402,25.13
8983,9083,402,4.64
9894,9994,403,5.35
9286,9385,403,6.99
4695,4796,403,3.47
7656,7756,404,23.44
7960,8060,404,4.57
8269,8369,404,4.57
4974,4975,404,2.5
8476,8576,404,5.52
9386,9485,405,7.48
8985,9085,405,4.66
8164,8264,405,4.51
8266,8366,405,4.51
4996,5097,405,4.51
4688,4589,405,0.6
9486,9585,406,8.85
7656,7757,407,19.7
9800,9900,407,9.7
8271,8371,407,5.76
6759,6758,407,3.92
8378,8478,407,3.88
8270,8370,407,5.6
5296,5397,407,2.88
6760,6659,408,3
9787,9886,409,6.5
7257,7256,409,2.93
5078,5079,409,1.05
8273,8373,409,5.23
6263,6362,410,7.95
9899,9999,411,9.88
9586,9685,411,9.25
7556,7655,411,8.38
9887,9986,411,7.43
7758,7858,411,4.4
8368,8468,413,5.59
7456,7555,413,7.17
8982,9082,413,4.42
9286,9285,413,3.3
6958,6857,413,2.95
8272,8372,414,5.6
7655,7755,415,26.17
7656,7755,415,9.12
8062,8162,415,4.57
9900,10000,416,12.04
8367,8467,416,5.67
8265,8365,416,5.7
7959,8059,416,4.57
5269,5268,416,2.16
5170,5070,416,1.38
9686,9785,417,7.73
8880,8980,417,4.87
5596,5597,417,1.04
8575,8675,418,5.25
6263,6262,418,3.89
8984,9084,418,4.27
5468,5567,418,2.24
5073,4972,418,1.67
7755,7855,419,26.13
7356,7455,419,6.49
6363,6462,419,2.45
9086,9185,421,2.09
8574,8674,421,0.96
8163,8263,422,0.74
4689,4590,422,2.88
7855,7856,423,36.18
4975,4976,423,29.95
6263,6163,424,7.96
4976,4977,425,57.13
4973,4874,425,14.11
4690,4591,425,2.81
6759,6658,426,6.32
5071,4971,426,5.16
6659,6560,427,14.49
5496,5497,427,10.79
4997,5098,427,1.77
4973,4873,427,6.38
4977,4978,428,37.03
4874,4875,428,43.12
8061,8161,428,0.74
4896,4897,428,4.55
4691,4592,428,2.84
8468,8469,429,11.46
6659,6559,429,8.37
8576,8577,429,10.84
5597,5598,430,10.52
5697,5598,430,2.66
4978,4979,431,33.38
4592,4593,431,33.59
8675,8676,431,9.78
5169,5069,431,5.82
6262,6162,432,7.92
6263,6162,432,5.43
4875,4876,433,23.32
7856,7857,433,10.67
7855,7956,433,10.1
6165,6064,433,1.11
5268,5168,434,6.88
6758,6757,434,3.06
7356,7355,434,2.28
4981,4881,434,1.43
5397,5398,435,6.11
4593,4594,436,20.64
5197,5298,436,1.68
4876,4877,437,30.91
9986,9985,437,3.51
5698,5599,437,2.56
8469,8470,438,11.44
8577,8578,438,11.16
4971,4872,438,12.63
5070,4970,438,5.49
8981,9081,438,0.99
9083,9183,438,0.64
9485,9584,438,2.26
4877,4878,439,61.16
6559,6460,439,14.54
6659,6558,439,5.83
7257,7156,439,2.47
4874,4775,440,9.45
7855,7955,440,3.84
6262,6261,440,4.72
4997,4998,440,3.49
4695,4696,440,2.01
4883,4783,440,2.48
4883,4784,440,3.67
8676,8677,441,10.59
5497,5498,441,7.55
4796,4797,441,4.07
4775,4776,442,97.67
6162,6063,442,14.57
7956,7957,443,10.01
6559,6459,443,7.37
5468,5467,443,1.28
4878,4879,444,23.65
5599,5600,444,14.56
6262,6361,444,5.27
5268,5267,444,3.88
5699,5600,444,2.51
4776,4777,445,34.82
6162,6062,445,8
6262,6161,446,5.39
4971,4871,447,4.91
9485,9484,447,1.97
8578,8579,448,10.33
8470,8471,448,11.08
5268,5367,448,4.37
9986,9885,448,4.07
4594,4595,448,8.37
6758,6657,448,3.56
4777,4778,449,30.08
5169,5068,449,3.66
5197,5198,449,2.48
8677,8678,450,11.3
5069,4969,450,5.52
5398,5399,450,6.72
6460,6461,451,8.54
5268,5167,451,4.48
6560,6561,452,4.01
5498,5499,452,9.99
6063,5964,452,14.31
5768,5667,452,1.12
6459,6360,453,14.47
7955,8056,453,11.37
5965,5865,453,1.85
4778,4779,454,22.53
7355,7255,454,5.22
6063,5963,454,8.76
4970,4870,456,5.57
4688,4588,457,0.89
8056,8057,458,21.06
8471,8472,458,10.75
6459,6359,458,7.13
6162,6061,458,5.47
6559,6458,458,4.89
4897,4898,458,3.43
4874,4774,458,3.12
8060,8160,458,0.74
4879,4880,459,6.72
6062,5962,459,7.65
4786,4686,459,0.86
4779,4780,460,17.95
8678,8679,460,10.82
9484,9384,460,7.85
5499,5500,461,12.34
9183,9184,461,4.43
4595,4596,462,7.51
7955,8055,462,4.63
8057,8058,463,21.97
8056,8157,464,13.77
5399,5400,465,6.78
7957,7958,465,4.61
7655,7754,465,1.93
7655,7654,465,1.68
5298,5299,465,3.49
8056,8156,466,7.73
4589,4490,466,2.9
8264,8364,466,0.74
4797,4798,467,4
7855,7854,467,2.1
8366,8466,467,0.74
4870,4771,468,12.68
5168,5067,468,4.19
8472,8473,468,10.79
5867,5766,468,1.14
8157,8158,469,21.96
6359,6259,469,9.14
6359,6260,469,14.04
8057,8158,469,13.73
9484,9483,469,4.66
4696,4697,469,3.5
5098,5099,469,2.4
4883,4782,469,1.86
4490,4491,470,25.88
7455,7454,470,1.96
4771,4772,471,38.28
5367,5366,471,4.42
7355,7354,471,2.76
7555,7554,471,1.6
4775,4676,473,4.31
4872,4773,473,4.14
5069,4968,473,3.44
6062,5961,473,5.14
4491,4492,474,29.77
8158,8159,474,24.41
9484,9383,474,5.32
6459,6358,474,4.68
8157,8258,475,13.73
9484,9583,475,5.21
4676,4677,476,34.93
5367,5266,476,5.07
4492,4493,477,36.61
8156,8257,477,13.77
4780,4781,477,6.18
4870,4770,477,4.95
5367,5466,477,4.96
4998,4999,477,2.73
4592,4493,477,2.93
7855,7954,477,2.4
7355,7254,478,3.23
8156,8256,479,8.03
4970,4869,479,3.48
8675,8776,479,2.32
